 900     0.14539336
 905     0.14020294
 910     0.13501251
 915     0.13012289
 920     0.12523326
 925     0.12523326
 930     0.12523326
 935     0.12523326
 940     0.12523326
 945     0.12063116
 950     0.11602906
 955     0.11602906
 960     0.11602906
 965     0.11170162
 970     0.10737418
 975     0.10737418
 980     0.10737418
 985     0.10737418
 990     0.10737418
 995     0.10330892
1000     0.09924366
1005     0.09924366
1010     0.09924366
1015     0.09924366
1020     0.09924366
1025     0.09924366
1030     0.09924366
1035     0.09542847
1040     0.09161329
1045     0.09161329
1050     0.09161329
1055     0.09161329
1060     0.09161329
1065     0.09161329
1070     0.09161329
1075     0.09161329
1080     0.09161329
1085     0.09161329
1090     0.09161329
1095     0.09161329
1100     0.09161329
1105     0.09542847
1110     0.09924366
1115     0.09924366
1120     0.09924366
1125     0.09924366
1130     0.09924366
1135     0.09924366
1140     0.09924366
1145     0.09924366
1150     0.09924366
1155     0.09924366
1160     0.09924366
1165     0.09924366
1170     0.09924366
1175     0.10330892
1180     0.10737418
1185     0.10737418
1190     0.10737418
1195     0.10737418
1200     0.10737418
1205     0.10916010
1210     0.11094600
1215     0.11273190
1220     0.11451782
1225     0.11630373
1230     0.11808963
1235     0.11987554
1240     0.12166145
1245     0.12344736
1250     0.12523326
1255     0.12724927
1260     0.12926528
1265     0.13128129
1270     0.13329729
1275     0.13531330
1280     0.13732933
1285     0.13934533
1290     0.14136134
1295     0.14337735
1300     0.14539336
1305     0.14766102
1310     0.14992869
1315     0.15219635
1320     0.15446402
1325     0.15673168
1330     0.15899934
1335     0.16126701
1340     0.16353467
1345     0.16580234
1350     0.16807000
1355     0.17199372
1360     0.17591743
1365     0.17984115
1370     0.18376486
1375     0.18768859
1380     0.19161230
1385     0.19553602
1390     0.19945973
1395     0.20338345
1400     0.20730716
1405     0.21030691
1410     0.21330667
1415     0.21630642
1420     0.21930617
1425     0.22230592
1430     0.22530568
1435     0.22830543
1440     0.23130518
1445     0.23430493
1450     0.23730469
1455     0.24064206
1460     0.24397944
1465     0.24731681
1470     0.25065419
1475     0.25399154
1480     0.25732893
1485     0.26066631
1490     0.26400369
1495     0.26734105
1500     0.27067843
1505     0.27248234
1510     0.27428624
1515     0.27609015
1520     0.27789405
1525     0.27969795
1530     0.28150183
1535     0.28330573
1540     0.28510964
1545     0.28691354
1550     0.28871745
1555     0.28871745
1560     0.28871745
1565     0.28871745
1570     0.28871745
1575     0.28871745
1580     0.28871745
1585     0.28871745
1590     0.28871745
1595     0.28871745
1600     0.28871745
1605     0.28871745
1610     0.28871745
1615     0.28871745
1620     0.28871745
1625     0.28871745
1630     0.28871745
1635     0.28871745
1640     0.28871745
1645     0.28871745
1650     0.28871745
1655     0.28871745
1660     0.28871745
1665     0.28871745
1670     0.28871745
1675     0.28871745
1680     0.28871745
1685     0.28871745
1690     0.28871745
1695     0.28871745
1700     0.28871745
1705     0.28871745
1710     0.28871745
1715     0.28871745
1720     0.28871745
1725     0.28871745
1730     0.28871745
1735     0.28871745
1740     0.28871745
1745     0.28871745
1750     0.28871745
1755     0.28871745
1760     0.28871745
1765     0.28871745
1770     0.28871745
1775     0.28871745
1780     0.28871745
1785     0.28871745
1790     0.28871745
1795     0.28871745
1800     0.28871745
1805     0.28871745
1810     0.28871745
1815     0.28871745
1820     0.28871745
1825     0.28871745
1830     0.28871745
1835     0.28871745
1840     0.28871745
1845     0.28871745
1850     0.28871745
1855     0.29061627
1860     0.29251510
1865     0.29441389
1870     0.29631272
1875     0.29821154
1880     0.30011037
1885     0.30200920
1890     0.30390799
1895     0.30580682
1900     0.30770564
1905     0.30770564
1910     0.30770564
1915     0.30770564
1920     0.30770564
1925     0.30770564
1930     0.30770564
1935     0.30770564
1940     0.30770564
1945     0.30770564
1950     0.30770564
1955     0.30970308
1960     0.31170052
1965     0.31369793
1970     0.31569538
1975     0.31769282
1980     0.31969026
1985     0.32168770
1990     0.32368511
1995     0.32568255
2000     0.32767999
2005     0.32977983
2010     0.33187968
2015     0.33397952
2020     0.33607936
2025     0.33817923
2030     0.34027907
2035     0.34237891
2040     0.34447876
2045     0.34657860
2050     0.34867844
2055     0.34867844
2060     0.34867844
2065     0.34867844
2070     0.34867844
2075     0.34867844
2080     0.34867844
2085     0.34867844
2090     0.34867844
2095     0.34867844
2100     0.34867844
2105     0.34867844
2110     0.34867844
2115     0.34867844
2120     0.34867844
2125     0.34867844
2130     0.34867844
2135     0.34867844
2140     0.34867844
2145     0.34867844
2150     0.34867844
2155     0.34867844
2160     0.34867844
2165     0.34867844
2170     0.34867844
2175     0.34867844
2180     0.34867844
2185     0.34867844
2190     0.34867844
2195     0.34867844
2200     0.34867844
2205     0.34867844
2210     0.34867844
2215     0.34867844
2220     0.34867844
2225     0.34867844
2230     0.34867844
2235     0.34867844
2240     0.34867844
2245     0.34867844
2250     0.34867844
2255     0.35088459
2260     0.35309073
2265     0.35529685
2270     0.35750300
2275     0.35970914
2280     0.36191529
2285     0.36412144
2290     0.36632755
2295     0.36853370
2300     0.37073985
2305     0.37073985
2310     0.37073985
2315     0.37073985
2320     0.37073985
2325     0.37073985
2330     0.37073985
2335     0.37073985
2340     0.37073985
2345     0.37073985
2350     0.37073985
2355     0.37073985
2360     0.37073985
2365     0.37073985
2370     0.37073985
2375     0.37073985
2380     0.37073985
2385     0.37073985
2390     0.37073985
2395     0.37073985
2400     0.37073985
2405     0.37073985
2410     0.37073985
2415     0.37073985
2420     0.37073985
2425     0.37073985
2430     0.37073985
2435     0.37073985
2440     0.37073985
2445     0.37073985
2450     0.37073985
2455     0.37073985
2460     0.37073985
2465     0.37073985
2470     0.37073985
2475     0.37073985
2480     0.37073985
2485     0.37073985
2490     0.37073985
2495     0.37073985
2500     0.37073985
2505     0.37073985
2510     0.37073985
2515     0.37073985
2520     0.37073985
2525     0.37073985
2530     0.37073985
2535     0.37073985
2540     0.37073985
2545     0.37073985
2550     0.37073985
2555     0.37073985
2560     0.37073985
2565     0.37073985
2570     0.37073985
2575     0.37073985
2580     0.37073985
2585     0.37073985
2590     0.37073985
2595     0.37073985
2600     0.37073985
2605     0.36853370
2610     0.36632755
2615     0.36412144
2620     0.36191529
2625     0.35970914
2630     0.35750300
2635     0.35529685
2640     0.35309073
2645     0.35088459
2650     0.34867844
2655     0.33600065
2660     0.32332289
2665     0.31064510
2670     0.29796731
2675     0.28528956
2680     0.27261177
2685     0.25993401
2690     0.24725622
2695     0.23457843
2700     0.22190066
2705     0.19980824
2710     0.17771584
2715     0.15562344
2720     0.13353102
2725     0.11143861
2730     0.08934620
2735     0.06725380
2740     0.04516138
2745     0.02306896
2750     0.00097656
2755     0.00088139
2760     0.00078623
2765     0.00069106
2770     0.00059589
2775     0.00050072
2780     0.00040556
2785     0.00031039
2790     0.00021522
2795     0.00012005
2800     0.00002488
2805     0.00002488
2810     0.00002488
2815     0.00002488
2820     0.00002488
2825     0.00002488
2830     0.00002488
2835     0.00002488
2840     0.00002488
2845     0.00002488
2850     0.00002488
2855     0.00002611
2860     0.00002733
2865     0.00002856
2870     0.00002978
2875     0.00003101
2880     0.00003223
2885     0.00003346
2890     0.00003468
2895     0.00003590
2900     0.00003713
2905     0.00004101
2910     0.00004489
2915     0.00004877
2920     0.00005265
2925     0.00005653
2930     0.00006041
2935     0.00006430
2940     0.00006818
2945     0.00007206
2950     0.00007594
2955     0.00008724
2960     0.00009854
2965     0.00010984
2970     0.00012115
2975     0.00013245
2980     0.00014375
2985     0.00015505
2990     0.00016635
2995     0.00017766
3000     0.00018896
3005     0.00021090
3010     0.00023285
3015     0.00025479
3020     0.00027674
3025     0.00029868
3030     0.00032063
3035     0.00034257
3040     0.00036452
3045     0.00038646
3050     0.00040841
3055     0.00044720
3060     0.00048598
3065     0.00052477
3070     0.00056355
3075     0.00060234
3080     0.00064112
3085     0.00067991
3090     0.00071869
3095     0.00075748
3100     0.00079626
3105     0.00088874
3110     0.00098122
3115     0.00107369
3120     0.00116617
3125     0.00125865
3130     0.00135113
3135     0.00144360
3140     0.00153608
3145     0.00162856
3150     0.00172104
3155     0.00183522
3160     0.00194941
3165     0.00206360
3170     0.00217779
3175     0.00229198
3180     0.00240616
3185     0.00252035
3190     0.00263454
3195     0.00274873
3200     0.00286291
3205     0.00303098
3210     0.00319904
3215     0.00336710
3220     0.00353517
3225     0.00370323
3230     0.00387129
3235     0.00403935
3240     0.00420742
3245     0.00437548
3250     0.00454354
3255     0.00461441
3260     0.00468527
3265     0.00475614
3270     0.00482700
3275     0.00489787
3280     0.00496873
3285     0.00503959
3290     0.00511046
3295     0.00518132
3300     0.00525219
3305     0.00518132
3310     0.00511046
3315     0.00503959
3320     0.00496873
3325     0.00489787
3330     0.00482700
3335     0.00475614
