   400    2.15793E-07
   401    4.33707E-07
   402    6.10799E-07
   403    6.33386E-07
   404    7.38163E-07
   405    8.13897E-07
   406    8.47291E-07
   407    8.54667E-07
   408    9.78744E-07
   409    9.17576E-07
   410    5.60124E-07
   411    1.92874E-07
   412    3.82190E-08
   413    9.62777E-08
   414    2.21337E-07
   415    8.15893E-07
   416    1.88709E-06
   417    2.64285E-06
   418    2.54325E-06
   419    1.86947E-06
   420    1.32808E-06
   421    1.02098E-06
   422    4.61741E-07
   423    9.99905E-08
   424    8.61386E-08
   425    1.27077E-07
   426    5.46907E-07
   427    1.11905E-06
   428    1.21529E-06
   429    6.80871E-07
   430    2.85265E-07
   431    1.06602E-07
   432    1.00000E-10
   433    1.00000E-10
   434    2.70966E-08
   435    3.58873E-08
   436    1.00000E-10
   437    1.00000E-10
   438    1.00000E-10
   439    1.00000E-10
   440    1.00000E-10
   441    5.29887E-09
   442    2.52877E-08
   443    2.43536E-08
   444    2.48377E-08
   445    4.93286E-08
   446    2.18875E-08
   447    1.00000E-10
   448    1.00000E-10
   449    1.00000E-10
   450    1.00000E-10
   451    1.00000E-10
   452    1.00000E-10
   453    1.00000E-10
   454    1.00000E-10
   455    1.51465E-07
   456    8.12576E-07
   457    1.53370E-06
   458    1.36203E-06
   459    5.86912E-07
   460    6.78818E-08
   461    1.00000E-10
   462    1.00000E-10
   463    1.00000E-10
   464    2.57388E-08
   465    3.40874E-08
   466    2.06866E-08
   467    2.73901E-08
   468    1.00000E-10
   469    1.00000E-10
   470    1.00000E-10
   471    1.00000E-10
   472    1.00000E-10
   473    1.00000E-10
   474    7.21302E-09
   475    5.63816E-08
   476    6.22086E-08
   477    8.80658E-09
   478    1.83413E-07
   479    7.66399E-07
   480    2.08999E-06
   481    3.45503E-06
   482    3.51320E-06
   483    2.78828E-06
   484    2.33971E-06
   485    2.37350E-06
   486    2.18749E-06
   487    1.46049E-06
   488    5.98859E-07
   489    3.69074E-07
   490    7.98118E-07
   491    1.55487E-06
   492    2.13939E-06
   493    2.39491E-06
   494    2.52456E-06
   495    2.05671E-06
   496    9.55093E-07
   497    3.26085E-07
   498    5.13011E-07
   499    9.99466E-07
   500    1.18285E-06
   501    9.58658E-07
   502    1.34779E-06
   503    2.90235E-06
   504    3.73185E-06
   505    2.59785E-06
   506    1.10193E-06
   507    5.32901E-07
   508    4.81928E-07
   509    8.55555E-07
   510    1.36094E-06
   511    1.06655E-06
   512    3.28445E-07
   513    1.33200E-08
   514    1.00000E-10
   515    1.00000E-10
   516    1.00000E-10
   517    1.00000E-10
   518    2.75991E-08
   519    3.65535E-08
   520    1.00000E-10
   521    1.00000E-10
   522    1.00000E-10
   523    1.00000E-10
   524    1.37522E-08
   525    2.56920E-08
   526    1.00348E-08
   527    1.00000E-10
   528    1.00000E-10
   529    1.00000E-10
   530    1.31259E-08
   531    1.73674E-08
   532    1.00000E-10
   533    1.00000E-10
   534    1.00000E-10
   535    1.00000E-10
   536    1.00000E-10
   537    4.89343E-09
   538    6.45427E-09
   539    1.00000E-10
   540    1.00000E-10
   541    1.00000E-10
   542    1.00000E-10
   543    1.00000E-10
   544    1.00000E-10
   545    1.00000E-10
   546    1.00000E-10
   547    1.00000E-10
   548    1.01238E-08
   549    1.33877E-08
   550    1.00000E-10
   551    1.01616E-08
   552    1.83448E-08
   553    3.17864E-08
   554    3.34813E-08
   555    1.00000E-10
   556    1.00000E-10
   557    1.00000E-10
   558    1.00000E-10
   559    1.00000E-10
   560    1.00000E-10
   561    1.00000E-10
   562    1.00000E-10
   563    3.31280E-08
   564    4.38827E-08
   565    1.00000E-10
   566    1.00000E-10
   567    1.00000E-10
   568    1.00000E-10
   569    1.00000E-10
   570    1.10849E-08
   571    1.79228E-08
   572    4.42286E-09
   573    1.64476E-08
   574    2.17708E-08
   575    1.00000E-10
   576    9.73295E-09
   577    1.28696E-08
   578    1.00000E-10
   579    1.00000E-10
   580    1.00000E-10
   581    1.00000E-10
   582    1.00000E-10
   583    1.00000E-10
   584    1.45756E-08
   585    1.92892E-08
   586    1.00000E-10
   587    1.00000E-10
   588    1.25734E-08
   589    1.66350E-08
   590    1.00000E-10
   591    1.00000E-10
   592    4.32085E-08
   593    5.72455E-08
   594    1.00000E-10
   595    1.03173E-08
   596    1.36442E-08
   597    1.00000E-10
   598    1.00000E-10
   599    1.00000E-10
   600    1.00000E-10
   601    1.00000E-10
   602    1.00000E-10
   603    1.00000E-10
   604    1.17710E-07
   605    6.47475E-07
   606    1.65024E-06
   607    2.35221E-06
   608    2.00908E-06
   609    1.28813E-06
   610    1.03121E-06
   611    1.21878E-06
   612    1.77548E-06
   613    2.75446E-06
   614    3.93296E-06
   615    4.63463E-06
   616    4.19549E-06
   617    3.04423E-06
   618    2.16114E-06
   619    1.71178E-06
   620    1.48447E-06
   621    1.64147E-06
   622    2.30569E-06
   623    3.26897E-06
   624    4.18567E-06
   625    5.18637E-06
   626    5.95589E-06
   627    5.95393E-06
   628    4.97959E-06
   629    4.13745E-06
   630    3.99337E-06
   631    4.07933E-06
   632    4.12391E-06
   633    4.36997E-06
   634    4.70783E-06
   635    4.89022E-06
   636    5.37049E-06
   637    6.46507E-06
   638    6.99699E-06
   639    6.26196E-06
   640    4.98441E-06
   641    4.07571E-06
   642    3.40809E-06
   643    2.49547E-06
   644    1.64795E-06
   645    1.22988E-06
   646    1.27216E-06
   647    1.60894E-06
   648    1.78783E-06
   649    1.78654E-06
   650    1.80758E-06
   651    1.86111E-06
   652    1.84127E-06
   653    1.63960E-06
   654    1.26367E-06
   655    1.18171E-06
   656    1.74489E-06
   657    2.59488E-06
   658    3.69994E-06
   659    4.74597E-06
   660    5.27359E-06
   661    5.35603E-06
   662    5.37894E-06
   663    5.60431E-06
   664    5.82314E-06
   665    6.24370E-06
   666    7.08934E-06
   667    8.27774E-06
   668    9.13303E-06
   669    8.64680E-06
   670    6.54575E-06
   671    3.83777E-06
   672    1.86635E-06
   673    1.05169E-06
   674    8.49232E-07
   675    7.95834E-07
   676    7.68630E-07
   677    7.22941E-07
   678    8.03322E-07
   679    8.48122E-07
   680    5.79541E-07
   681    2.16405E-07
   682    1.77951E-08
   683    3.96282E-09
   684    5.96007E-09
   685    1.08021E-09
   686    1.00000E-10
   687    1.00000E-10
   688    1.00000E-10
   689    1.00000E-10
   690    1.00000E-10
   691    1.00000E-10
   692    1.00000E-10
   693    1.00000E-10
   694    1.00000E-10
   695    1.09496E-08
   696    1.44825E-08
   697    2.14395E-08
   698    2.83881E-08
   699    9.28903E-09
   700    1.22812E-08
   701    1.12630E-08
   702    3.19672E-08
   703    2.27274E-08
   704    5.89020E-09
   705    7.77560E-09
   706    1.00000E-10
   707    1.00000E-10
   708    1.00000E-10
   709    1.00000E-10
   710    1.00000E-10
   711    3.69942E-09
   712    4.87147E-09
   713    1.00000E-10
   714    1.00000E-10
   715    1.00000E-10
   716    1.00000E-10
   717    3.64302E-08
   718    4.82601E-08
   719    1.00000E-10
   720    2.38771E-08
   721    3.16194E-08
   722    1.00000E-10
   723    1.00000E-10
   724    1.00000E-10
   725    1.00000E-10
   726    1.97040E-08
   727    4.39954E-08
   728    2.38391E-08
   729    8.39284E-08
   730    7.64551E-07
   731    2.65766E-06
   732    5.25779E-06
   733    7.07011E-06
   734    6.94077E-06
   735    4.73224E-06
   736    1.96378E-06
   737    4.50990E-07
   738    3.52899E-08
   739    4.68071E-08
   740    6.20159E-08
   741    1.00000E-10
   742    2.25045E-09
   743    1.58908E-08
   744    1.72537E-08
   745    1.00000E-10
   746    3.75887E-08
   747    4.97958E-08
   748    1.00000E-10
   749    1.00000E-10
   750    1.00000E-10
   751    1.00000E-10
   752    1.00000E-10
   753    1.00000E-10
   754    4.77372E-08
   755    6.32488E-08
   756    1.28053E-08
   757    1.69423E-08
   758    1.00000E-10
   759    1.00000E-10
   760    1.00000E-10
   761    1.00000E-10
   762    1.00000E-10
   763    1.00000E-10
   764    1.00000E-10
   765    1.00000E-10
   766    1.00000E-10
   767    1.52257E-10
   768    1.69273E-10
   769    1.00000E-10
   770    1.00000E-10
   771    2.75623E-09
   772    3.62116E-09
   773    1.00000E-10
   774    1.48116E-08
   775    3.17218E-08
   776    1.61663E-08
   777    1.00000E-10
   778    1.00000E-10
   779    1.92852E-08
   780    2.79989E-08
   781    3.36975E-09
   782    1.00000E-10
   783    2.02675E-08
   784    1.70739E-07
   785    1.90863E-07
   786    1.00000E-10
   787    1.00000E-10
   788    6.02950E-10
   789    7.66720E-10
   790    9.51593E-08
   791    1.26113E-07
   792    1.03671E-07
   793    1.82906E-07
   794    6.04296E-08
   795    1.00000E-10
   796    7.83066E-08
   797    2.12832E-07
   798    1.44672E-07
   799    6.03334E-08
   800    1.84473E-07
   801    1.80960E-07
   802    5.61716E-08
   803    1.00000E-10
   804    1.81989E-07
   805    2.43601E-07
   806    3.26194E-09
   807    3.06741E-08
   808    2.07891E-07
   809    4.23377E-07
   810    5.01733E-07
   811    8.94737E-07
   812    1.92070E-06
   813    3.30476E-06
   814    5.29056E-06
   815    7.84559E-06
   816    9.61159E-06
   817    9.98058E-06
   818    9.32950E-06
   819    8.47075E-06
   820    8.23083E-06
   821    8.23509E-06
   822    7.83394E-06
   823    7.72996E-06
   824    7.60474E-06
   825    6.70341E-06
   826    6.11051E-06
   827    5.44233E-06
   828    4.39911E-06
   829    3.05885E-06
   830    2.12579E-06
   831    1.57435E-06
   832    1.03583E-06
   833    8.31985E-07
   834    9.54684E-07
   835    1.13074E-06
   836    8.60076E-07
   837    1.01259E-06
   838    8.85862E-07
   839    8.37087E-07
   840    1.29428E-06
   841    1.77441E-06
   842    2.19997E-06
   843    2.89304E-06
   844    3.73780E-06
   845    5.62011E-06
   846    7.43137E-06
   847    9.51934E-06
   848    1.09881E-05
   849    9.41591E-06
   850    7.31867E-06
   851    7.07056E-06
   852    6.26890E-06
   853    4.94454E-06
   854    4.87255E-06
   855    4.43524E-06
   856    4.33854E-06
   857    3.69861E-06
   858    3.18899E-06
   859    3.33093E-06
   860    3.36447E-06
   861    4.10038E-06
   862    4.46665E-06
   863    5.32896E-06
   864    5.75193E-06
   865    4.12187E-06
   866    4.00799E-06
   867    5.53876E-06
   868    4.40220E-06
   869    3.79566E-06
   870    5.10180E-06
   871    5.75080E-06
   872    7.74645E-06
   873    1.01591E-05
   874    8.55494E-06
   875    6.07714E-06
   876    5.78476E-06
   877    3.92008E-06
   878    4.35175E-06
   879    8.50632E-06
   880    8.31668E-06
   881    6.55002E-06
   882    6.50349E-06
   883    6.67358E-06
   884    5.51000E-06
   885    1.70884E-07
   886    1.00000E-10
   887    3.76714E-07
   888    6.33560E-06
   889    7.78457E-06
   890    7.37813E-06
   891    1.21211E-05
   892    8.08219E-06
   893    8.51299E-06
   894    7.07904E-06
   895    8.22386E-06
   896    6.27509E-06
   897    9.23407E-06
   898    1.17489E-05
   899    1.05751E-05
   900    5.57192E-06
   901    2.40059E-06
   902    1.05906E-05
   903    1.24018E-05
   904    1.23308E-05
   905    1.41217E-05
   906    1.29211E-05
   907    1.98601E-05
   908    1.57361E-05
   909    1.74769E-05
   910    1.32355E-05
   911    9.66407E-06
   912    1.68206E-05
   913    1.55080E-05
   914    1.45019E-05
   915    1.73246E-05
   916    1.42044E-05
   917    7.14060E-06
   918    8.32003E-06
   919    7.01768E-06
   920    6.54705E-06
   921    1.37720E-05
   922    1.38901E-05
   923    1.00601E-05
   924    7.93282E-06
   925    8.08748E-06
   926    6.19907E-06
   927    7.41901E-06
   928    1.06619E-05
   929    1.13156E-05
   930    1.45242E-05
   931    9.67192E-06
   932    1.21543E-05
   933    1.62501E-05
   934    1.07315E-05
   935    6.65996E-06
   936    6.97416E-06
   937    1.49953E-05
   938    1.80248E-05
   939    2.16303E-05
   940    1.84398E-05
   941    1.69488E-05
   942    2.52229E-05
   943    2.28130E-05
   944    2.03796E-05
   945    1.75668E-05
   946    1.84277E-05
   947    1.69824E-05
   948    1.83104E-05
   949    1.61261E-05
   950    5.88294E-06
   951    1.08156E-05
   952    1.46440E-05
   953    9.51069E-06
   954    7.16523E-06
   955    7.33248E-06
   956    7.12414E-06
   957    6.63544E-06
   958    6.99748E-06
   959    3.84280E-06
   960    1.77628E-06
   961    9.81726E-06
   962    1.57691E-05
   963    9.67643E-06
   964    7.98573E-06
   965    5.06038E-06
   966    1.32837E-05
   967    1.41691E-05
   968    9.91960E-06
   969    9.66276E-06
   970    1.26279E-05
   971    1.53955E-05
   972    1.97288E-05
   973    1.83626E-05
   974    2.10233E-05
   975    2.10824E-05
   976    1.81321E-05
   977    1.69014E-05
   978    1.84010E-05
   979    1.95044E-05
   980    1.83340E-05
   981    1.94439E-05
   982    2.17817E-05
   983    1.98948E-05
   984    1.59344E-05
   985    1.48851E-05
   986    2.49321E-05
   987    2.45251E-05
   988    2.37922E-05
   989    2.52334E-05
   990    2.05850E-05
   991    1.90295E-05
   992    1.78885E-05
   993    2.02541E-05
   994    2.03431E-05
   995    1.51811E-05
   996    1.24414E-05
   997    1.65827E-05
   998    2.32902E-05
   999    1.83168E-05
  1000    2.14603E-05
  1001    2.17947E-05
  1002    1.62048E-05
  1003    1.14083E-05
  1004    4.73740E-06
  1005    2.44921E-06
  1006    1.03348E-05
  1007    1.10904E-05
  1008    2.27467E-06
  1009    1.10323E-05
  1010    1.85543E-05
  1011    1.53399E-05
  1012    1.46815E-05
  1013    1.54150E-05
  1014    1.10634E-05
  1015    1.28678E-05
  1016    1.55758E-05
  1017    2.23617E-05
  1018    2.28813E-05
  1019    1.94331E-05
  1020    2.15061E-05
  1021    2.01451E-05
  1022    2.32686E-05
  1023    1.89161E-05
  1024    1.51953E-05
  1025    1.50364E-05
  1026    1.51794E-05
  1027    1.95368E-05
  1028    2.33147E-05
  1029    2.07442E-05
  1030    1.80173E-05
  1031    1.91667E-05
  1032    2.08196E-05
  1033    1.98571E-05
  1034    1.36239E-05
  1035    1.09819E-05
  1036    1.32226E-05
  1037    1.50419E-05
  1038    1.60243E-05
  1039    1.54582E-05
  1040    1.22531E-05
  1041    7.70353E-06
  1042    7.33828E-06
  1043    1.28034E-05
  1044    1.27861E-05
  1045    1.23126E-05
  1046    9.19515E-06
  1047    8.36463E-06
  1048    1.49977E-05
  1049    1.77088E-05
  1050    1.21501E-05
  1051    7.02997E-06
  1052    1.05547E-05
  1053    1.69901E-05
  1054    1.84876E-05
  1055    1.77497E-05
  1056    2.20569E-05
  1057    1.71702E-05
  1058    1.47959E-05
  1059    1.57160E-05
  1060    1.58674E-05
  1061    2.02649E-05
  1062    2.11021E-05
  1063    1.71444E-05
  1064    1.82799E-05
  1065    2.01965E-05
  1066    2.51146E-05
  1067    2.22109E-05
  1068    1.68164E-05
  1069    2.06697E-05
  1070    2.18740E-05
  1071    1.86366E-05
  1072    1.56703E-05
  1073    1.97406E-05
  1074    1.83479E-05
  1075    2.15828E-05
  1076    2.03594E-05
  1077    1.21309E-05
  1078    1.63059E-05
  1079    1.83586E-05
  1080    1.10442E-05
  1081    1.61902E-05
  1082    1.56127E-05
  1083    9.81539E-06
  1084    5.82408E-06
  1085    5.57382E-06
  1086    1.54103E-05
  1087    1.13560E-05
  1088    1.00000E-10
  1089    1.97504E-07
  1090    3.85840E-06
  1091    1.19780E-05
  1092    1.45156E-05
  1093    1.16373E-05
  1094    9.42428E-06
  1095    3.59245E-06
  1096    5.54435E-06
  1097    7.34785E-06
  1098    4.45438E-06
  1099    5.90332E-06
  1100    6.39211E-07
  1101    4.01559E-06
  1102    4.19925E-06
  1103    5.15997E-06
  1104    6.83843E-06
  1105    2.88724E-06
  1106    1.01622E-05
  1107    1.00988E-05
  1108    6.32911E-06
  1109    9.55644E-06
  1110    1.37019E-05
  1111    1.30351E-05
  1112    6.68599E-06
  1113    9.58078E-06
  1114    1.16844E-05
  1115    1.03183E-05
  1116    8.48093E-06
  1117    9.48668E-06
  1118    1.02850E-05
  1119    9.75315E-06
  1120    1.07561E-05
  1121    1.82625E-05
  1122    1.27438E-05
  1123    1.28483E-05
  1124    1.96557E-05
  1125    1.94732E-05
  1126    1.15093E-05
  1127    2.30199E-06
  1128    9.77725E-06
  1129    1.74300E-05
  1130    8.90631E-06
  1131    2.29590E-06
  1132    9.10677E-06
  1133    1.36973E-05
  1134    1.20259E-05
  1135    9.82484E-06
  1136    8.58243E-06
  1137    5.62480E-06
  1138    6.38366E-06
  1139    1.41303E-05
  1140    1.22326E-05
  1141    1.02871E-05
  1142    1.51152E-05
  1143    8.92707E-06
  1144    7.18275E-06
  1145    8.15330E-06
  1146    5.54112E-06
  1147    8.38095E-06
  1148    6.32167E-06
  1149    7.46579E-06
  1150    4.95857E-06
  1151    3.73510E-06
  1152    8.19430E-06
  1153    8.08544E-06
  1154    1.06148E-05
  1155    1.53595E-05
  1156    1.27921E-05
  1157    7.78399E-06
  1158    4.29361E-06
  1159    1.09476E-07
  1160    2.45484E-06
  1161    8.73774E-06
  1162    1.10825E-05
  1163    7.48232E-06
  1164    3.66448E-06
  1165    3.89035E-06
  1166    9.14129E-06
  1167    9.84471E-06
  1168    6.36293E-06
  1169    6.12457E-06
  1170    1.04925E-05
  1171    1.14221E-05
  1172    1.68570E-05
  1173    1.58343E-05
  1174    1.21747E-05
  1175    1.05305E-05
  1176    1.29625E-05
  1177    1.16411E-05
  1178    9.72354E-06
  1179    8.62574E-06
  1180    1.31724E-05
  1181    1.39772E-05
  1182    7.93101E-06
  1183    3.59659E-06
  1184    9.59846E-06
  1185    1.51051E-05
  1186    1.52648E-05
  1187    1.07685E-05
  1188    6.33808E-06
  1189    1.17320E-06
  1190    7.25124E-06
  1191    1.55467E-05
  1192    1.56189E-05
  1193    1.59021E-05
  1194    1.11966E-05
  1195    1.17606E-05
  1196    1.49857E-05
  1197    1.45994E-05
  1198    1.55788E-05
  1199    1.37018E-05
  1200    1.14337E-05
  1201    1.19482E-05
  1202    1.62968E-05
  1203    1.99325E-05
  1204    1.35088E-05
  1205    8.79638E-06
  1206    1.51331E-05
  1207    1.97655E-05
  1208    1.78374E-05
  1209    1.71520E-05
  1210    1.71467E-05
  1211    1.87625E-05
  1212    9.09050E-06
  1213    9.08750E-06
  1214    1.72474E-05
  1215    1.28178E-05
  1216    1.60980E-05
  1217    1.83404E-05
  1218    1.81723E-05
  1219    1.57234E-05
  1220    6.42118E-06
  1221    7.48446E-06
  1222    8.39688E-06
  1223    8.10260E-06
  1224    6.16580E-06
  1225    7.35586E-06
  1226    1.08076E-05
  1227    1.40329E-05
  1228    1.09587E-05
  1229    1.61646E-05
  1230    1.76850E-05
  1231    1.23126E-05
  1232    1.89461E-05
  1233    1.85882E-05
  1234    1.36266E-05
  1235    1.33172E-05
  1236    1.99023E-05
  1237    2.08698E-05
  1238    2.01597E-05
  1239    1.40454E-05
  1240    1.78237E-05
  1241    2.19587E-05
  1242    2.20184E-05
  1243    1.61679E-05
  1244    1.36677E-05
  1245    1.70584E-05
  1246    1.71542E-05
  1247    2.13697E-05
  1248    2.57109E-05
  1249    2.31515E-05
  1250    2.12022E-05
  1251    2.09860E-05
  1252    1.13163E-05
  1253    8.42674E-06
  1254    1.20729E-05
  1255    1.75164E-05
  1256    1.54347E-05
  1257    1.20519E-05
  1258    1.71720E-05
  1259    1.78142E-05
  1260    7.10460E-06
  1261    1.07002E-05
  1262    1.01586E-05
  1263    7.02470E-06
  1264    6.36050E-06
  1265    1.81196E-06
  1266    3.53395E-06
  1267    3.84325E-06
  1268    4.40749E-06
  1269    2.96073E-06
  1270    7.18492E-06
  1271    9.52208E-06
  1272    4.09611E-06
  1273    5.42851E-06
  1274    2.78153E-06
  1275    3.68630E-06
  1276    8.49723E-07
  1277    1.12610E-06
  1278    1.72677E-06
  1279    6.00730E-06
  1280    6.30514E-06
  1281    3.58425E-06
  1282    4.38724E-06
  1283    3.18984E-06
  1284    2.92064E-06
  1285    6.99024E-06
  1286    6.54710E-06
  1287    3.60660E-06
  1288    3.02999E-06
  1289    5.36063E-06
  1290    7.48242E-06
  1291    6.17635E-06
  1292    1.16590E-05
  1293    1.49259E-05
  1294    1.73783E-05
  1295    1.74621E-05
  1296    1.98536E-05
  1297    2.43158E-05
  1298    2.24842E-05
  1299    1.88945E-05
  1300    1.60957E-05
  1301    2.01996E-05
  1302    2.07044E-05
  1303    1.74743E-05
  1304    1.81739E-05
  1305    1.45764E-05
  1306    1.25771E-05
  1307    1.36533E-05
  1308    1.43058E-05
  1309    1.17598E-05
  1310    1.34517E-05
  1311    1.36967E-05
  1312    9.90066E-06
  1313    9.52904E-06
  1314    1.16820E-05
  1315    8.24137E-06
  1316    8.67534E-06
  1317    4.67244E-06
  1318    4.26333E-06
  1319    7.85670E-06
  1320    1.10744E-05
  1321    5.47663E-06
  1322    2.66568E-06
  1323    4.14892E-06
  1324    6.77324E-06
  1325    1.01500E-05
  1326    1.58961E-05
  1327    7.86731E-06
  1328    1.09925E-05
  1329    1.79075E-05
  1330    1.14210E-05
  1331    6.71837E-06
  1332    4.26109E-06
  1333    1.39498E-06
  1334    6.32856E-06
  1335    1.28671E-05
  1336    1.06456E-05
  1337    1.31959E-05
  1338    1.39830E-05
  1339    1.23309E-05
  1340    1.05655E-05
  1341    9.56646E-06
  1342    1.53865E-05
  1343    1.56862E-05
  1344    1.44645E-05
  1345    2.11208E-05
  1346    2.73755E-05
  1347    2.21398E-05
  1348    2.24437E-05
  1349    2.53450E-05
  1350    1.68913E-05
  1351    1.15934E-05
  1352    1.18523E-05
  1353    5.57755E-06
  1354    1.24130E-06
  1355    2.95341E-06
  1356    3.86299E-06
  1357    7.48958E-07
  1358    1.54134E-06
  1359    3.30049E-06
  1360    1.66704E-06
  1361    3.41934E-06
  1362    4.53159E-06
  1363    1.29090E-06
  1364    2.13251E-06
  1365    2.11663E-06
  1366    2.13946E-06
  1367    9.95482E-08
  1368    1.95532E-06
  1369    2.59134E-06
  1370    1.00000E-10
  1371    1.00000E-10
  1372    3.21034E-08
  1373    8.85273E-07
  1374    1.11700E-06
  1375    1.00000E-10
  1376    1.00000E-10
  1377    1.00000E-10
  1378    1.00000E-10
  1379    1.00000E-10
  1380    1.00000E-10
  1381    6.08269E-07
  1382    4.11615E-06
  1383    4.38688E-06
  1384    5.63143E-07
  1385    5.70843E-06
  1386    6.95333E-06
  1387    4.99687E-07
  1388    2.17515E-06
  1389    2.88268E-06
  1390    1.00000E-10
  1391    7.90887E-07
  1392    1.04812E-06
  1393    8.42635E-07
  1394    1.11670E-06
  1395    5.47171E-07
  1396    1.36206E-06
  1397    4.86280E-06
  1398    6.69976E-06
  1399    1.82087E-06
  1400    1.04087E-06
  1401    2.29050E-06
  1402    1.60535E-06
  1403    5.27309E-07
  1404    1.90741E-06
  1405    2.97717E-06
  1406    3.20938E-06
  1407    3.46413E-06
  1408    1.00000E-10
  1409    1.00000E-10
  1410    1.00000E-10
  1411    1.00000E-10
  1412    5.17958E-06
  1413    6.86442E-06
  1414    1.72488E-06
  1415    2.28594E-06
  1416    3.30070E-07
  1417    1.88394E-06
  1418    1.91717E-06
  1419    7.82458E-07
  1420    1.03695E-06
  1421    1.00000E-10
  1422    1.00000E-10
  1423    1.13354E-06
  1424    2.47272E-06
  1425    1.28627E-06
  1426    1.42470E-07
  1427    1.88781E-07
  1428    2.55296E-06
  1429    5.20027E-06
  1430    3.22066E-06
  1431    1.21609E-06
  1432    1.82900E-06
  1433    3.11416E-06
  1434    1.52063E-06
  1435    1.86331E-06
  1436    1.97370E-06
  1437    1.00000E-10
  1438    1.00000E-10
  1439    3.00392E-06
  1440    4.57435E-06
  1441    7.86409E-07
  1442    5.69706E-07
  1443    7.54994E-07
  1444    1.00000E-10
  1445    2.57648E-06
  1446    3.41455E-06
  1447    1.00000E-10
  1448    1.00000E-10
  1449    1.49946E-06
  1450    1.98718E-06
  1451    1.00000E-10
  1452    1.00000E-10
  1453    1.11829E-07
  1454    1.48174E-07
  1455    1.00000E-10
  1456    1.70906E-06
  1457    3.83560E-06
  1458    2.08165E-06
  1459    1.33967E-06
  1460    1.77543E-06
  1461    1.00000E-10
  1462    2.29498E-07
  1463    3.04120E-07
  1464    3.77008E-06
  1465    6.67745E-06
  1466    3.15920E-06
  1467    1.23430E-06
  1468    9.02486E-07
  1469    2.94215E-06
  1470    2.31422E-06
  1471    1.00000E-10
  1472    1.70497E-06
  1473    2.85864E-06
  1474    2.12764E-06
  1475    2.04408E-06
  1476    2.96188E-06
  1477    3.43949E-06
  1478    8.00383E-07
  1479    1.06071E-06
  1480    1.00000E-10
  1481    8.82540E-07
  1482    5.26030E-06
  1483    5.42148E-06
  1484    3.12294E-07
  1485    1.40211E-06
  1486    3.29982E-06
  1487    2.63740E-06
  1488    1.00000E-10
  1489    2.74028E-06
  1490    3.63164E-06
  1491    1.00000E-10
  1492    1.00000E-10
  1493    1.21161E-06
  1494    1.60570E-06
  1495    1.00000E-10
  1496    1.00000E-10
  1497    1.00000E-10
  1498    1.00000E-10
  1499    3.44603E-06
  1500    6.93030E-06
  1501    3.13220E-06
  1502    1.32020E-06
  1503    1.74961E-06
  1504    1.00000E-10
  1505    1.80820E-06
  1506    3.81079E-06
  1507    2.40235E-06
  1508    1.39741E-06
  1509    2.87142E-06
  1510    4.28648E-06
  1511    4.52325E-06
  1512    2.99660E-06
  1513    8.74412E-07
  1514    1.15882E-06
  1515    1.00000E-10
  1516    1.00000E-10
  1517    3.11833E-06
  1518    4.36647E-06
  1519    3.09270E-06
  1520    3.68804E-06
  1521    1.04559E-07
  1522    1.38538E-07
  1523    1.53620E-06
  1524    3.84908E-06
  1525    2.40311E-06
  1526    1.00000E-10
  1527    6.94964E-07
  1528    2.60835E-06
  1529    2.23633E-06
  1530    5.58512E-07
  1531    4.87915E-06
  1532    5.48546E-06
  1533    4.17796E-07
  1534    5.53669E-07
  1535    3.04505E-06
  1536    4.03554E-06
  1537    5.14147E-07
  1538    6.81363E-07
  1539    1.00000E-10
  1540    9.81057E-07
  1541    1.30015E-06
  1542    1.36192E-06
  1543    1.80491E-06
  1544    1.00000E-10
  1545    1.00000E-10
  1546    2.17711E-06
  1547    2.88527E-06
  1548    1.00000E-10
  1549    3.45985E-06
  1550    5.35214E-06
  1551    1.16187E-06
  1552    1.92866E-07
  1553    1.26519E-06
  1554    3.00860E-06
  1555    3.32855E-06
  1556    2.07196E-06
  1557    1.92478E-06
  1558    2.55085E-06
  1559    2.77003E-07
  1560    3.67077E-07
  1561    1.00000E-10
  1562    1.00000E-10
  1563    2.23226E-06
  1564    5.68369E-06
  1565    3.61195E-06
  1566    1.00000E-10
  1567    1.00000E-10
  1568    2.06601E-06
  1569    6.89523E-06
  1570    5.50959E-06
  1571    2.68652E-06
  1572    4.54369E-06
  1573    2.24746E-06
  1574    2.00385E-06
  1575    1.89744E-06
  1576    2.51934E-06
  1577    1.75776E-06
  1578    1.67479E-06
  1579    2.89539E-06
  1580    8.95788E-07
  1581    4.53897E-06
  1582    8.38514E-06
  1583    3.14066E-06
  1584    4.03689E-06
  1585    9.94183E-06
  1586    6.90545E-06
  1587    1.08666E-06
  1588    3.44794E-06
  1589    4.56950E-06
  1590    1.00000E-10
  1591    2.13533E-06
  1592    4.31778E-06
  1593    1.97198E-06
  1594    1.77143E-06
  1595    2.34762E-06
  1596    2.43092E-06
  1597    3.22164E-06
  1598    3.26058E-06
  1599    4.32118E-06
  1600    2.06266E-07
  1601    1.46322E-06
  1602    1.57706E-06
  1603    1.00000E-10
  1604    1.00000E-10
  1605    1.00000E-10
  1606    1.72005E-06
  1607    2.27954E-06
  1608    1.00000E-10
  1609    3.48117E-06
  1610    6.81660E-06
  1611    2.91981E-06
  1612    1.00000E-10
  1613    2.38185E-06
  1614    3.78605E-06
  1615    1.41025E-06
  1616    8.61984E-07
  1617    1.78043E-06
  1618    2.18643E-06
  1619    1.88822E-06
  1620    2.50241E-06
  1621    1.00000E-10
  1622    2.68096E-06
  1623    5.43347E-06
  1624    2.89972E-06
  1625    3.55905E-06
  1626    4.00105E-06
  1627    1.00000E-10
  1628    1.00000E-10
  1629    1.44218E-06
  1630    1.91128E-06
  1631    1.88979E-06
  1632    5.30547E-06
  1633    4.47829E-06
  1634    1.71321E-06
  1635    9.24906E-07
  1636    1.00000E-10
  1637    1.70020E-06
  1638    2.25323E-06
  1639    1.69732E-07
  1640    4.80528E-06
  1641    8.50214E-06
  1642    3.22282E-06
  1643    1.00000E-10
  1644    1.00000E-10
  1645    1.00000E-10
  1646    1.00000E-10
  1647    1.00000E-10
  1648    1.12248E-06
  1649    1.48758E-06
  1650    1.36799E-06
  1651    2.53355E-06
  1652    1.30048E-06
  1653    4.57824E-07
  1654    1.00000E-10
  1655    1.02936E-06
  1656    3.83141E-06
  1657    3.26990E-06
  1658    5.34700E-06
  1659    7.08630E-06
  1660    2.10818E-06
  1661    2.79391E-06
  1662    7.56079E-07
  1663    1.12178E-06
  1664    1.58858E-07
  1665    1.00000E-10
  1666    3.66346E-06
  1667    4.85511E-06
  1668    1.00000E-10
  1669    1.00000E-10
  1670    9.05776E-07
  1671    1.86176E-06
  1672    8.76620E-07
  1673    1.00000E-10
  1674    1.00000E-10
  1675    1.00000E-10
  1676    2.24689E-06
  1677    2.97776E-06
  1678    1.00000E-10
  1679    1.00000E-10
  1680    1.00000E-10
  1681    9.56277E-07
  1682    2.59811E-06
  1683    3.17754E-06
  1684    1.87372E-06
  1685    2.83090E-06
  1686    5.63231E-06
  1687    3.70862E-06
  1688    3.15985E-06
  1689    2.05156E-06
  1690    1.00000E-10
  1691    1.32349E-06
  1692    2.94841E-06
  1693    2.72792E-06
  1694    2.32518E-06
  1695    1.07070E-06
  1696    1.00000E-10
  1697    1.13127E-06
  1698    1.49923E-06
  1699    1.86810E-06
  1700    3.72853E-06
  1701    4.62930E-06
  1702    3.93476E-06
  1703    1.00000E-10
  1704    1.00000E-10
  1705    2.21305E-06
  1706    2.93291E-06
  1707    1.00000E-10
  1708    1.31492E-06
  1709    3.15568E-06
  1710    1.87282E-06
  1711    1.00000E-10
  1712    1.23366E-06
  1713    4.36745E-06
  1714    4.82472E-06
  1715    1.62500E-06
  1716    4.02450E-08
  1717    5.04601E-06
  1718    7.01560E-06
  1719    3.13711E-06
  1720    3.58109E-06
  1721    7.49937E-07
  1722    9.93853E-07
  1723    1.19640E-06
  1724    1.58555E-06
  1725    7.02133E-07
  1726    2.34829E-06
  1727    1.87908E-06
  1728    1.00000E-10
  1729    2.60985E-06
  1730    8.39515E-06
  1731    6.54223E-06
  1732    1.66778E-06
  1733    2.94409E-06
  1734    2.33592E-06
  1735    1.80685E-06
  1736    1.00000E-10
  1737    1.00000E-10
  1738    1.00000E-10
  1739    1.30360E-06
  1740    1.72762E-06
  1741    6.67781E-08
  1742    1.48945E-06
  1743    3.38652E-06
  1744    2.84171E-06
  1745    2.00120E-06
  1746    3.22970E-06
  1747    3.68455E-06
  1748    1.35662E-06
  1749    1.97046E-06
  1750    3.09004E-06
  1751    6.34427E-07
  1752    2.16239E-06
  1753    2.86576E-06
  1754    1.00000E-10
  1755    2.80117E-06
  1756    5.35291E-06
  1757    2.18792E-06
  1758    1.80853E-08
  1759    1.02346E-06
  1760    1.35636E-06
  1761    2.43812E-06
  1762    3.23118E-06
  1763    1.00000E-10
  1764    1.00000E-10
  1765    2.63400E-06
  1766    6.06526E-06
  1767    3.41204E-06
  1768    1.00000E-10
  1769    2.54737E-07
  1770    3.37569E-07
  1771    1.00000E-10
  1772    3.95745E-07
  1773    5.24444E-07
  1774    4.14603E-07
  1775    5.49438E-07
  1776    5.49038E-07
  1777    1.60464E-06
  1778    1.60650E-06
  1779    5.88627E-07
  1780    1.00000E-10
  1781    2.80885E-07
  1782    3.72222E-07
  1783    1.00000E-10
  1784    6.34932E-07
  1785    8.41438E-07
  1786    1.00000E-10
  1787    1.86280E-06
  1788    2.70929E-06
  1789    3.18939E-07
  1790    1.00000E-10
  1791    1.00000E-10
  1792    9.66413E-07
  1793    2.25962E-06
  1794    1.29739E-06
  1795    2.76610E-06
  1796    3.96104E-06
  1797    4.35323E-06
  1798    6.54350E-06
  1799    1.71330E-06
  1800    1.00000E-10
  1801    1.00000E-10
  1802    2.83794E-06
  1803    4.93885E-06
  1804    4.69482E-06
  1805    7.43444E-06
  1806    4.38101E-06
  1807    2.22998E-06
  1808    5.57956E-06
  1809    4.95573E-06
  1810    3.22206E-06
  1811    4.79482E-06
  1812    5.44475E-06
  1813    4.82605E-06
  1814    5.08622E-06
  1815    1.72165E-06
  1816    1.00000E-10
  1817    1.00000E-10
  1818    2.38897E-06
  1819    3.16604E-06
  1820    3.30652E-07
  1821    2.14743E-06
  1822    2.26536E-06
  1823    2.12416E-06
  1824    2.81510E-06
  1825    1.32732E-06
  1826    3.62008E-06
  1827    6.55381E-06
  1828    5.41699E-06
  1829    1.73187E-06
  1830    2.29519E-06
  1831    1.00000E-10
  1832    1.00000E-10
  1833    1.00000E-10
  1834    3.28102E-06
  1835    5.24234E-06
  1836    1.19809E-06
  1837    1.74412E-08
  1838    3.92422E-07
  1839    1.99358E-06
  1840    4.67638E-06
  1841    3.60942E-06
  1842    1.34047E-06
  1843    1.77649E-06
  1844    1.00000E-10
  1845    3.89773E-07
  1846    5.16531E-07
  1847    1.00000E-10
  1848    2.01580E-06
  1849    2.67148E-06
  1850    1.00000E-10
  1851    1.85893E-06
  1852    4.26476E-06
  1853    3.47717E-06
  1854    1.44466E-06
  1855    1.00000E-10
  1856    1.00000E-10
  1857    1.00000E-10
  1858    2.67864E-06
  1859    4.03779E-06
  1860    6.46647E-07
  1861    1.29454E-06
  1862    1.71562E-06
  1863    5.68618E-07
  1864    7.53552E-07
  1865    2.70973E-06
  1866    8.13703E-06
  1867    6.02472E-06
  1868    3.42698E-06
  1869    5.88648E-06
  1870    1.78230E-06
  1871    1.00000E-10
  1872    1.00000E-10
  1873    1.00000E-10
  1874    1.36999E-07
  1875    1.81530E-07
  1876    1.00000E-10
  1877    2.53904E-06
  1878    6.18531E-06
  1879    5.86576E-06
  1880    5.14684E-06
  1881    5.23215E-06
  1882    3.30174E-06
  1883    6.02220E-07
  1884    7.19403E-07
  1885    2.72102E-06
  1886    4.67832E-06
  1887    3.09544E-06
  1888    1.51640E-06
  1889    2.00963E-06
  1890    1.21870E-06
  1891    7.54214E-06
  1892    1.06450E-05
  1893    3.72626E-06
  1894    4.35491E-07
  1895    5.26486E-07
  1896    1.00000E-10
  1897    2.67863E-06
  1898    6.85985E-06
  1899    7.25598E-06
  1900    4.39826E-06
  1901    7.89379E-07
  1902    1.00000E-10
  1903    1.11870E-06
  1904    1.87651E-06
  1905    5.22175E-07
  1906    7.26839E-07
  1907    1.53670E-06
  1908    7.60106E-07
  1909    2.74695E-06
  1910    6.38004E-06
  1911    3.63082E-06
  1912    1.28379E-06
  1913    1.70137E-06
  1914    5.96279E-07
  1915    2.77964E-06
  1916    5.38626E-06
  1917    3.95795E-06
  1918    4.16036E-07
  1919    8.51051E-07
  1920    1.29523E-06
  1921    6.16413E-07
  1922    5.62882E-07
  1923    5.30634E-08
  1924    1.20444E-07
  1925    1.59591E-07
  1926    1.00000E-10
  1927    1.09887E-06
  1928    1.45630E-06
  1929    3.63248E-06
  1930    4.81405E-06
  1931    6.71280E-07
  1932    8.89610E-07
  1933    1.00000E-10
  1934    1.00000E-10
  1935    1.82509E-06
  1936    4.91094E-06
  1937    3.43677E-06
  1938    3.56094E-07
  1939    2.96944E-07
  1940    2.19725E-06
  1941    6.10488E-06
  1942    7.56835E-06
  1943    4.93971E-06
  1944    9.31404E-07
  1945    1.71668E-06
  1946    3.30076E-06
  1947    5.85243E-06
  1948    6.47279E-06
  1949    6.86834E-07
  1950    3.97107E-06
  1951    7.77227E-06
  1952    6.49602E-06
  1953    4.20145E-06
  1954    1.00000E-10
  1955    3.43212E-06
  1956    9.96149E-06
  1957    7.17384E-06
  1958    9.14463E-07
  1959    2.56150E-06
  1960    1.78872E-06
  1961    1.00698E-06
  1962    3.08071E-06
  1963    2.31433E-06
  1964    2.90680E-07
  1965    3.17361E-06
  1966    3.69555E-06
  1967    4.05183E-06
  1968    5.36982E-06
  1969    8.42472E-07
  1970    1.11649E-06
  1971    1.00000E-10
  1972    3.60142E-06
  1973    6.50423E-06
  1974    2.29463E-06
  1975    2.47319E-06
  1976    4.97545E-06
  1977    2.25016E-06
  1978    5.34399E-07
  1979    3.51029E-06
  1980    3.71368E-06
  1981    1.00000E-10
  1982    1.00000E-10
  1983    1.00000E-10
  1984    1.14864E-06
  1985    1.52225E-06
  1986    1.00000E-10
  1987    1.00000E-10
  1988    1.00000E-10
  1989    5.67457E-07
  1990    7.52013E-07
  1991    1.00000E-10
  1992    1.00000E-10
  1993    1.00000E-10
  1994    1.47417E-06
  1995    1.95367E-06
  1996    1.00000E-10
  1997    1.00000E-10
  1998    1.00000E-10
  1999    1.00000E-10
  2000    1.00000E-10
  2001    2.38292E-06
  2002    4.55384E-06
  2003    1.84996E-06
  2004    2.51193E-06
  2005    3.32901E-06
  2006    1.00000E-10
  2007    3.51590E-06
  2008    6.87359E-06
  2009    3.50392E-06
  2010    7.54965E-07
  2011    1.66931E-06
  2012    2.88389E-06
  2013    4.54682E-06
  2014    4.84623E-06
  2015    1.00000E-10
  2016    1.00000E-10
  2017    1.00000E-10
  2018    2.79601E-06
  2019    3.74566E-06
  2020    5.33307E-08
  2021    1.00000E-10
  2022    1.00000E-10
  2023    6.25893E-06
  2024    8.29487E-06
  2025    2.49970E-06
  2026    7.87166E-06
  2027    6.04193E-06
  2028    1.96952E-07
  2029    2.60987E-07
  2030    1.00000E-10
  2031    1.00000E-10
  2032    1.00000E-10
  2033    1.00000E-10
  2034    1.00000E-10
  2035    1.26968E-06
  2036    1.68266E-06
  2037    1.00000E-10
  2038    1.00000E-10
  2039    5.48255E-07
  2040    1.68971E-06
  2041    4.49048E-06
  2042    4.25950E-06
  2043    8.01187E-07
  2044    2.87883E-06
  2045    3.37333E-06
  2046    1.27915E-06
  2047    1.00000E-10
  2048    6.83584E-07
  2049    9.06366E-07
  2050    1.17188E-06
  2051    5.82984E-06
  2052    5.66989E-06
  2053    1.60531E-06
  2054    8.34517E-06
  2055    8.24306E-06
  2056    5.93161E-06
  2057    7.86499E-06
  2058    1.00000E-10
  2059    1.00000E-10
  2060    1.00000E-10
  2061    4.10798E-06
  2062    7.01949E-06
  2063    2.08522E-06
  2064    2.99195E-07
  2065    3.96686E-07
  2066    1.00000E-10
  2067    1.00000E-10
  2068    1.00000E-10
  2069    9.53387E-07
  2070    1.26411E-06
  2071    3.72787E-06
  2072    4.94294E-06
  2073    1.00000E-10
  2074    1.00000E-10
  2075    3.10928E-06
  2076    8.72127E-06
  2077    7.64347E-06
  2078    4.23829E-06
  2079    2.98022E-06
  2080    1.04108E-07
  2081    5.40434E-06
  2082    9.85657E-06
  2083    4.44531E-06
  2084    1.33764E-06
  2085    2.32230E-06
  2086    7.08377E-06
  2087    9.90175E-06
  2088    1.12674E-05
  2089    1.43421E-05
  2090    1.60259E-05
  2091    1.85983E-05
  2092    1.58665E-05
  2093    1.53668E-05
  2094    2.33818E-05
  2095    2.10039E-05
  2096    2.12033E-05
  2097    2.44108E-05
  2098    3.01375E-05
  2099    3.61709E-05
  2100    4.72817E-05
  2101    5.47612E-05
  2102    5.41602E-05
  2103    6.37633E-05
  2104    7.16464E-05
  2105    8.56734E-05
  2106    9.53836E-05
  2107    9.93379E-05
  2108    1.09167E-04
  2109    1.29267E-04
  2110    1.46643E-04
  2111    1.65678E-04
  2112    1.87996E-04
  2113    2.13563E-04
  2114    2.45840E-04
  2115    2.75653E-04
  2116    3.17089E-04
  2117    3.59503E-04
  2118    4.14224E-04
  2119    4.76811E-04
  2120    5.47958E-04
  2121    6.30353E-04
  2122    7.22030E-04
  2123    8.37843E-04
  2124    9.76120E-04
  2125    1.13640E-03
  2126    1.33096E-03
  2127    1.55873E-03
  2128    1.83014E-03
  2129    2.16074E-03
  2130    2.55205E-03
  2131    3.03561E-03
  2132    3.64756E-03
  2133    4.41040E-03
  2134    5.33067E-03
  2135    6.46299E-03
  2136    7.92443E-03
  2137    9.78404E-03
  2138    1.21382E-02
  2139    1.51783E-02
  2140    1.90596E-02
  2141    2.40094E-02
  2142    3.03589E-02
  2143    3.83489E-02
  2144    4.67534E-02
  2145    5.47006E-02
  2146    6.38595E-02
  2147    7.57957E-02
  2148    9.12899E-02
  2149    1.09983E-01
  2150    1.32999E-01
  2151    1.62554E-01
  2152    1.98005E-01
  2153    2.39042E-01
  2154    2.85066E-01
  2155    3.34744E-01
  2156    3.85654E-01
  2157    4.34188E-01
  2158    4.75667E-01
  2159    5.07397E-01
  2160    5.30378E-01
  2161    5.46399E-01
  2162    5.56986E-01
  2163    5.63748E-01
  2164    5.68490E-01
  2165    5.71647E-01
  2166    5.74170E-01
  2167    5.75738E-01
  2168    5.76993E-01
  2169    5.77437E-01
  2170    5.77039E-01
  2171    5.76142E-01
  2172    5.74576E-01
  2173    5.73176E-01
  2174    5.71541E-01
  2175    5.70358E-01
  2176    5.69001E-01
  2177    5.67149E-01
  2178    5.63602E-01
  2179    5.56333E-01
  2180    5.43180E-01
  2181    5.21848E-01
  2182    4.90770E-01
  2183    4.48475E-01
  2184    3.98805E-01
  2185    3.44877E-01
  2186    2.90925E-01
  2187    2.42810E-01
  2188    1.99813E-01
  2189    1.63012E-01
  2190    1.33908E-01
  2191    1.10768E-01
  2192    9.19872E-02
  2193    7.64919E-02
  2194    6.40287E-02
  2195    5.47234E-02
  2196    4.63508E-02
  2197    3.68575E-02
  2198    2.93442E-02
  2199    2.33836E-02
  2200    1.87260E-02
  2201    1.50297E-02
  2202    1.21575E-02
  2203    9.93904E-03
  2204    8.16606E-03
  2205    6.73282E-03
  2206    5.62919E-03
  2207    4.71326E-03
  2208    3.94549E-03
  2209    3.31873E-03
  2210    2.82645E-03
  2211    2.41739E-03
  2212    2.07483E-03
  2213    1.79506E-03
  2214    1.54885E-03
  2215    1.33515E-03
  2216    1.16209E-03
  2217    1.01528E-03
  2218    8.91581E-04
  2219    7.84626E-04
  2220    6.86794E-04
  2221    6.04895E-04
  2222    5.32527E-04
  2223    4.76340E-04
  2224    4.25740E-04
  2225    3.78600E-04
  2226    3.40299E-04
  2227    3.04635E-04
  2228    2.65637E-04
  2229    2.34364E-04
  2230    2.09508E-04
  2231    1.89767E-04
  2232    1.70909E-04
  2233    1.53210E-04
  2234    1.38967E-04
  2235    1.24875E-04
  2236    1.12906E-04
  2237    1.02291E-04
  2238    9.15333E-05
  2239    8.45843E-05
  2240    8.03067E-05
  2241    7.09804E-05
  2242    6.39402E-05
  2243    5.67124E-05
  2244    5.25732E-05
  2245    5.05080E-05
  2246    4.26155E-05
  2247    3.77712E-05
  2248    3.79958E-05
  2249    3.82852E-05
  2250    3.39144E-05
  2251    2.78608E-05
  2252    3.27241E-05
  2253    3.34671E-05
  2254    2.01582E-05
  2255    1.75145E-05
  2256    2.71367E-05
  2257    2.00201E-05
  2258    1.18790E-05
  2259    1.15319E-05
  2260    1.18346E-05
  2261    1.27361E-05
  2262    1.19685E-05
  2263    1.22464E-05
  2264    8.12486E-06
  2265    1.02615E-05
  2266    7.57255E-06
  2267    9.39329E-06
  2268    8.03420E-06
  2269    8.20016E-06
  2270    1.28683E-05
  2271    8.06111E-06
  2272    6.22501E-06
  2273    9.72414E-06
  2274    9.60293E-06
  2275    6.86755E-06
  2276    2.90656E-06
  2277    2.28219E-06
  2278    4.19620E-06
  2279    8.26968E-06
  2280    9.08137E-06
  2281    9.43652E-06
  2282    1.03867E-05
  2283    4.65918E-06
  2284    4.79174E-06
  2285    6.61770E-06
  2286    6.05160E-06
  2287    2.44372E-06
  2288    3.43714E-06
  2289    3.78973E-06
  2290    8.85179E-06
  2291    7.89361E-06
  2292    6.91573E-06
  2293    7.25066E-06
  2294    5.24000E-06
  2295    5.21554E-06
  2296    2.90277E-06
  2297    1.00000E-10
  2298    1.00000E-10
  2299    1.00000E-10
  2300    2.46536E-06
  2301    4.69753E-06
  2302    1.89437E-06
  2303    1.00000E-10
  2304    6.80772E-06
  2305    1.02002E-05
  2306    1.59774E-06
  2307    5.52996E-08
  2308    1.00000E-10
  2309    2.96740E-06
  2310    6.00307E-06
  2311    4.80802E-06
  2312    2.73847E-06
  2313    2.94022E-06
  2314    4.99741E-06
  2315    1.45713E-06
  2316    1.18348E-06
  2317    1.56920E-06
  2318    1.00000E-10
  2319    1.00000E-10
  2320    1.00000E-10
  2321    1.00000E-10
  2322    6.10334E-08
  2323    2.46056E-06
  2324    4.23605E-06
  2325    1.44189E-06
  2326    1.35226E-06
  2327    5.84334E-06
  2328    5.39145E-06
  2329    1.00000E-10
  2330    4.31085E-06
  2331    6.87087E-06
  2332    3.97297E-06
  2333    3.23741E-06
  2334    1.00000E-10
  2335    1.32169E-06
  2336    1.75247E-06
  2337    1.00000E-10
  2338    1.29650E-06
  2339    5.15331E-06
  2340    5.53172E-06
  2341    1.29686E-06
  2342    3.75377E-06
  2343    4.97728E-06
  2344    1.00000E-10
  2345    1.00000E-10
  2346    6.25775E-07
  2347    8.29715E-07
  2348    2.86041E-06
  2349    6.93043E-06
  2350    4.16052E-06
  2351    1.00000E-10
  2352    5.17897E-07
  2353    1.63253E-06
  2354    1.25522E-06
  2355    3.93504E-06
  2356    7.51384E-06
  2357    3.74686E-06
  2358    2.45302E-06
  2359    4.32595E-06
  2360    4.23273E-06
  2361    1.56183E-06
  2362    2.30161E-06
  2363    3.05179E-06
  2364    2.09079E-06
  2365    3.92633E-06
  2366    1.53035E-06
  2367    1.00000E-10
  2368    2.19874E-06
  2369    2.91538E-06
  2370    4.38265E-06
  2371    5.81115E-06
  2372    1.00000E-10
  2373    1.00000E-10
  2374    1.00000E-10
  2375    4.37766E-06
  2376    1.09835E-05
  2377    6.86714E-06
  2378    1.00000E-10
  2379    9.78341E-07
  2380    3.25631E-06
  2381    2.59778E-06
  2382    1.00000E-10
  2383    1.72431E-06
  2384    4.24633E-06
  2385    2.59899E-06
  2386    3.35016E-07
  2387    4.44182E-07
  2388    5.82636E-07
  2389    7.72514E-07
  2390    1.08149E-06
  2391    1.43396E-06
  2392    1.00000E-10
  2393    2.24391E-06
  2394    2.97529E-06
  2395    1.00000E-10
  2396    1.00000E-10
  2397    1.00000E-10
  2398    1.00000E-10
  2399    1.00000E-10
  2400    1.00000E-10
  2401    6.24632E-07
  2402    8.28198E-07
  2403    8.17245E-07
  2404    3.68837E-06
  2405    5.88084E-06
  2406    3.26911E-06
  2407    8.34307E-07
  2408    1.59946E-06
  2409    7.73021E-07
  2410    7.45081E-07
  2411    3.88660E-06
  2412    3.84362E-06
  2413    1.00000E-10
  2414    2.50706E-06
  2415    6.33545E-06
  2416    3.99286E-06
  2417    1.56747E-06
  2418    2.07836E-06
  2419    2.00152E-06
  2420    2.65389E-06
  2421    1.00000E-10
  2422    1.40556E-06
  2423    1.86368E-06
  2424    1.00000E-10
  2425    1.00000E-10
  2426    1.14892E-06
  2427    2.81389E-06
  2428    1.71125E-06
  2429    7.01005E-07
  2430    9.29465E-07
  2431    1.00000E-10
  2432    1.00000E-10
  2433    1.00000E-10
  2434    1.51087E-06
  2435    6.47099E-06
  2436    5.92402E-06
  2437    1.94959E-06
  2438    2.58503E-06
  2439    1.00000E-10
  2440    1.04467E-06
  2441    2.01530E-06
  2442    2.62969E-06
  2443    2.37889E-06
  2444    1.00000E-10
  2445    2.00088E-06
  2446    2.65303E-06
  2447    1.00000E-10
  2448    1.00000E-10
  2449    9.54484E-07
  2450    1.87178E-06
  2451    8.03914E-07
  2452    1.82479E-06
  2453    2.41955E-06
  2454    1.00000E-10
  2455    1.00000E-10
  2456    1.00000E-10
  2457    1.00000E-10
  2458    6.53738E-07
  2459    3.10977E-06
  2460    2.97418E-06
  2461    1.00000E-10
  2462    1.00000E-10
  2463    1.00000E-10
  2464    1.61303E-06
  2465    4.02741E-06
  2466    2.54644E-06
  2467    5.58950E-08
  2468    1.00000E-10
  2469    1.00000E-10
  2470    2.33166E-06
  2471    5.66344E-06
  2472    6.95108E-06
  2473    4.69514E-06
  2474    1.00000E-10
  2475    1.00000E-10
  2476    1.00000E-10
  2477    1.00000E-10
  2478    1.00000E-10
  2479    1.00000E-10
  2480    1.00000E-10
  2481    1.00000E-10
  2482    5.03956E-08
  2483    1.93167E-06
  2484    3.38322E-06
  2485    1.20721E-06
  2486    1.00000E-10
  2487    3.54176E-06
  2488    1.14338E-05
  2489    1.14320E-05
  2490    4.23555E-06
  2491    6.13950E-06
  2492    8.69816E-06
  2493    4.34214E-06
  2494    2.05575E-06
  2495    2.75243E-06
  2496    3.41780E-06
  2497    1.00000E-10
  2498    2.72660E-06
  2499    3.61531E-06
  2500    1.00000E-10
  2501    1.00000E-10
  2502    5.49613E-06
  2503    7.28757E-06
  2504    1.82481E-06
  2505    5.18841E-06
  2506    3.67145E-06
  2507    1.41883E-06
  2508    5.71191E-06
  2509    5.13739E-06
  2510    7.70655E-08
  2511    2.38379E-07
  2512    1.72165E-06
  2513    7.99000E-06
  2514    8.12306E-06
  2515    2.43058E-06
  2516    3.22279E-06
  2517    1.00000E-10
  2518    2.36774E-06
  2519    3.13947E-06
  2520    1.00000E-10
  2521    1.00000E-10
  2522    7.10506E-07
  2523    9.42064E-07
  2524    1.00000E-10
  2525    1.94531E-06
  2526    7.18482E-06
  2527    6.10673E-06
  2528    2.02551E-06
  2529    5.19113E-06
  2530    6.24774E-06
  2531    4.79066E-06
  2532    1.40491E-06
  2533    2.60386E-07
  2534    1.00000E-10
  2535    5.84136E-07
  2536    7.74504E-07
  2537    1.00000E-10
  2538    1.00000E-10
  2539    2.15841E-06
  2540    4.62357E-06
  2541    7.67804E-06
  2542    8.62640E-06
  2543    2.04600E-06
  2544    1.92198E-07
  2545    5.53929E-07
  2546    3.96714E-07
  2547    4.88073E-06
  2548    9.94603E-06
  2549    6.54968E-06
  2550    2.57591E-06
  2551    1.00000E-10
  2552    1.00000E-10
  2553    1.00000E-10
  2554    1.30740E-06
  2555    1.73351E-06
  2556    1.00000E-10
  2557    7.31951E-06
  2558    1.67225E-05
  2559    9.64085E-06
  2560    4.45897E-07
  2561    1.00000E-10
  2562    1.00000E-10
  2563    1.04450E-06
  2564    1.38493E-06
  2565    5.97481E-07
  2566    5.83340E-06
  2567    1.43082E-05
  2568    1.40595E-05
  2569    5.23867E-06
  2570    8.27134E-06
  2571    1.24212E-05
  2572    1.92781E-06
  2573    2.11066E-06
  2574    2.79860E-06
  2575    2.34184E-06
  2576    8.24596E-06
  2577    9.94417E-06
  2578    1.46616E-05
  2579    1.40169E-05
  2580    9.68253E-06
  2581    1.45236E-05
  2582    3.32364E-06
  2583    1.21244E-06
  2584    3.09989E-06
  2585    4.11026E-06
  2586    1.00000E-10
  2587    1.00000E-10
  2588    1.00000E-10
  2589    1.00000E-10
  2590    6.18106E-06
  2591    8.76439E-06
  2592    7.54090E-07
  2593    1.00000E-10
  2594    1.00000E-10
  2595    1.47434E-06
  2596    9.45838E-06
  2597    9.94939E-06
  2598    1.63284E-06
  2599    6.67442E-06
  2600    5.97932E-06
  2601    1.00000E-10
  2602    1.00000E-10
  2603    1.00000E-10
  2604    1.00000E-10
  2605    1.00000E-10
  2606    1.00000E-10
  2607    9.74446E-06
  2608    1.46270E-05
  2609    2.26258E-06
  2610    1.00000E-10
  2611    2.15682E-06
  2612    2.85980E-06
  2613    7.12492E-07
  2614    1.20634E-05
  2615    2.05909E-05
  2616    1.40768E-05
  2617    1.12023E-05
  2618    3.73758E-06
  2619    1.00000E-10
  2620    1.23122E-06
  2621    1.63251E-06
  2622    1.00000E-10
  2623    3.64541E-06
  2624    4.83361E-06
  2625    2.49751E-06
  2626    7.94514E-06
  2627    8.94618E-06
  2628    6.52268E-06
  2629    3.72210E-06
  2630    1.00000E-10
  2631    8.67277E-06
  2632    1.74881E-05
  2633    7.94053E-06
  2634    9.19953E-08
  2635    1.21949E-07
  2636    1.00000E-10
  2637    3.38489E-06
  2638    4.48816E-06
  2639    1.00000E-10
  2640    1.09279E-05
  2641    1.44899E-05
  2642    9.56664E-06
  2643    1.26849E-05
  2644    1.29022E-05
  2645    1.71077E-05
  2646    1.00000E-10
  2647    1.00000E-10
  2648    1.00000E-10
  2649    5.73900E-07
  2650    7.60930E-07
  2651    1.11347E-05
  2652    1.47640E-05
  2653    0.00000E+00
  2654    0.00000E+00
  2655    0.00000E+00
  2656    0.00000E+00
  2657    0.00000E+00
  2658    0.00000E+00
  2659    0.00000E+00
  2660    0.00000E+00
  2661    0.00000E+00
  2662    0.00000E+00
  2663    0.00000E+00
  2664    0.00000E+00
  2665    0.00000E+00
  2666    0.00000E+00
  2667    0.00000E+00
  2668    0.00000E+00
  2669    0.00000E+00
  2670    0.00000E+00
  2671    0.00000E+00
  2672    0.00000E+00
  2673    0.00000E+00
  2674    0.00000E+00
  2675    0.00000E+00
  2676    0.00000E+00
  2677    0.00000E+00
  2678    0.00000E+00
  2679    0.00000E+00
  2680    0.00000E+00
  2681    0.00000E+00
  2682    0.00000E+00
  2683    0.00000E+00
  2684    0.00000E+00
  2685    0.00000E+00
  2686    0.00000E+00
  2687    0.00000E+00
  2688    0.00000E+00
  2689    0.00000E+00
  2690    0.00000E+00
  2691    0.00000E+00
  2692    0.00000E+00
  2693    0.00000E+00
  2694    0.00000E+00
  2695    0.00000E+00
  2696    0.00000E+00
  2697    0.00000E+00
  2698    0.00000E+00
  2699    0.00000E+00
  2700    0.00000E+00
