   400    0.00000E+00
   401    0.00000E+00
   402    0.00000E+00
   403    0.00000E+00
   404    0.00000E+00
   405    0.00000E+00
   406    0.00000E+00
   407    0.00000E+00
   408    0.00000E+00
   409   -3.20000E-15
   410   -2.20000E-15
   411   -6.00000E-16
   412    6.00000E-16
   413   -4.00000E-15
   414   -1.20000E-15
   415    1.60000E-15
   416    4.00000E-16
   417    1.40000E-15
   418    2.20000E-15
   419    2.20000E-15
   420   -3.40000E-15
   421   -2.00000E-15
   422    1.40000E-15
   423   -4.00000E-16
   424   -4.00000E-16
   425    1.60000E-15
   426    2.00000E-16
   427   -6.00000E-16
   428    8.00000E-16
   429   -1.40000E-15
   430   -2.00000E-16
   431   -2.00000E-16
   432    8.00000E-16
   433   -8.00000E-16
   434    0.00000E+00
   435   -8.00000E-16
   436    2.00000E-16
   437   -4.00000E-16
   438    1.00000E-15
   439    4.00000E-16
   440   -1.60000E-15
   441   -1.00000E-15
   442   -1.40000E-15
   443    6.00000E-16
   444   -2.00000E-16
   445    2.00000E-16
   446   -2.00000E-16
   447    2.80000E-15
   448    6.00000E-16
   449   -1.80000E-15
   450   -6.00000E-16
   451    8.00000E-16
   452    2.60000E-15
   453    2.40000E-15
   454    1.80000E-15
   455    2.00000E-15
   456   -3.00000E-15
   457   -2.20000E-15
   458   -4.00000E-16
   459    2.00000E-16
   460   -8.00000E-16
   461   -2.00000E-15
   462    1.40000E-15
   463    2.00000E-16
   464   -1.00000E-15
   465    1.80000E-15
   466    2.60000E-15
   467    1.60000E-15
   468   -6.00000E-16
   469   -1.80000E-15
   470   -2.00000E-16
   471    0.00000E+00
   472   -1.80000E-15
   473   -4.00000E-16
   474    4.00000E-16
   475   -6.00000E-16
   476   -4.00000E-16
   477   -8.00000E-16
   478    0.00000E+00
   479    2.00000E-15
   480    1.80000E-15
   481   -1.60000E-15
   482   -1.40000E-15
   483   -2.00000E-16
   484    0.00000E+00
   485   -2.00000E-16
   486   -8.00000E-16
   487    3.20000E-15
   488   -4.60000E-15
   489   -4.00000E-16
   490    3.80000E-15
   491    1.60000E-15
   492   -2.20000E-15
   493   -2.00000E-16
   494    0.00000E+00
   495   -1.20000E-15
   496   -2.20000E-15
   497   -6.00000E-16
   498   -1.00000E-15
   499   -3.40000E-15
   500    3.60000E-15
   501    3.00000E-15
   502    8.00000E-16
   503   -2.60000E-15
   504   -4.00000E-16
   505   -2.40000E-15
   506    4.00000E-16
   507    0.00000E+00
   508    6.00000E-16
   509    1.40000E-15
   510    2.00000E-16
   511    2.20000E-15
   512    6.60000E-15
   513   -1.60000E-15
   514   -2.80000E-15
   515    8.00000E-16
   516    4.00000E-16
   517   -1.20000E-15
   518    1.00000E-15
   519   -1.60000E-15
   520   -2.00000E-16
   521   -2.00000E-16
   522   -4.00000E-16
   523   -2.00000E-15
   524   -4.00000E-16
   525    4.00000E-16
   526    3.00000E-15
   527    3.80000E-15
   528    6.00000E-16
   529   -2.20000E-15
   530    2.80000E-15
   531   -1.40000E-15
   532    1.40000E-15
   533    2.20000E-15
   534    1.60000E-15
   535   -1.80000E-15
   536   -8.00000E-16
   537    4.00000E-16
   538   -8.00000E-16
   539   -2.00000E-15
   540   -2.40000E-15
   541   -2.00000E-16
   542    1.80000E-15
   543    6.00000E-16
   544    8.00000E-16
   545    2.40000E-15
   546    2.00000E-16
   547   -6.00000E-16
   548    2.00000E-16
   549   -2.00000E-16
   550   -6.00000E-16
   551    6.00000E-16
   552   -4.00000E-16
   553    1.40000E-15
   554    1.80000E-15
   555   -8.00000E-16
   556   -1.60000E-15
   557   -8.00000E-16
   558    1.40000E-15
   559    2.00000E-16
   560    1.20000E-15
   561   -1.20000E-15
   562   -2.00000E-16
   563    3.00000E-15
   564   -6.00000E-16
   565    6.00000E-16
   566    1.80000E-15
   567   -6.00000E-16
   568   -2.00000E-16
   569    1.20000E-15
   570    6.00000E-16
   571    8.00000E-16
   572    6.00000E-16
   573    4.00000E-16
   574   -4.00000E-16
   575   -6.00000E-16
   576    2.00000E-16
   577    6.00000E-16
   578   -8.00000E-16
   579   -8.00000E-16
   580    4.00000E-16
   581   -2.00000E-16
   582   -4.00000E-16
   583   -6.00000E-16
   584   -6.00000E-16
   585    0.00000E+00
   586    4.00000E-16
   587   -1.80000E-15
   588   -6.00000E-16
   589   -1.20000E-15
   590   -1.20000E-15
   591    1.40000E-15
   592    1.80000E-15
   593   -1.40000E-15
   594   -8.00000E-16
   595   -2.00000E-16
   596    2.00000E-16
   597    1.40000E-15
   598    2.20000E-15
   599    4.00000E-16
   600   -1.60000E-15
   601   -2.00000E-15
   602    0.00000E+00
   603    7.00000E-16
   604    8.40000E-15
   605    0.00000E+00
   606   -1.12000E-14
   607   -8.40000E-15
   608   -2.70000E-15
   609    1.50000E-15
   610    3.60000E-15
   611    1.08000E-14
   612    1.10000E-15
   613   -1.60000E-15
   614    8.00000E-16
   615   -9.00000E-16
   616    6.00000E-16
   617    1.20000E-15
   618    1.40000E-15
   619   -2.00000E-16
   620    3.00000E-16
   621    2.60000E-15
   622   -1.20000E-15
   623    0.00000E+00
   624    9.00000E-16
   625   -2.80000E-15
   626   -3.20000E-15
   627   -1.80000E-15
   628   -6.00000E-15
   629    1.90000E-15
   630   -3.20000E-15
   631   -1.00000E-16
   632    7.80000E-15
   633    1.40000E-15
   634   -9.00000E-15
   635   -4.00000E-16
   636    3.60000E-15
   637    6.00000E-16
   638    2.00000E-16
   639    0.00000E+00
   640    0.00000E+00
   641    9.00000E-16
   642   -1.20000E-15
   643   -5.00000E-16
   644   -7.70000E-15
   645   -6.30000E-15
   646   -3.00000E-16
   647   -1.10000E-15
   648    2.10000E-15
   649    1.20000E-15
   650    4.20000E-15
   651   -7.20000E-15
   652   -3.60000E-15
   653    0.00000E+00
   654   -1.60000E-15
   655   -7.70000E-15
   656   -5.00000E-15
   657    2.70000E-15
   658    2.00000E-15
   659    1.50000E-15
   660    1.00000E-14
   661   -2.40000E-15
   662   -2.00000E-15
   663   -8.00000E-16
   664   -1.20000E-15
   665    0.00000E+00
   666   -8.00000E-16
   667    0.00000E+00
   668   -3.00000E-15
   669   -2.80000E-15
   670   -2.80000E-15
   671    0.00000E+00
   672    0.00000E+00
   673   -5.00000E-16
   674   -2.10000E-15
   675   -4.50000E-15
   676   -8.80000E-15
   677   -1.10000E-14
   678   -9.00000E-16
   679    0.00000E+00
   680    8.00000E-16
   681    2.40000E-15
   682   -1.00000E-14
   683   -8.80000E-15
   684   -5.40000E-15
   685   -2.70000E-15
   686    4.20000E-15
   687   -3.60000E-15
   688   -2.00000E-15
   689    1.50000E-14
   690    4.20000E-14
   691    1.60000E-14
   692   -2.25000E-14
   693    7.60000E-15
   694    8.14000E-14
   695    3.78000E-14
   696   -9.90000E-15
   697    3.75000E-14
   698    2.60000E-14
   699   -1.10000E-15
   700    8.50000E-15
   701   -9.20000E-15
   702   -2.00000E-16
   703   -1.80000E-15
   704    0.00000E+00
   705    2.50000E-15
   706   -1.60000E-15
   707   -4.20000E-15
   708   -9.10000E-15
   709    5.10000E-15
   710    3.99000E-14
   711    2.64000E-14
   712    3.64000E-14
   713    8.00000E-15
   714   -7.70000E-15
   715   -8.40000E-15
   716    1.80000E-15
   717    1.60000E-14
   718    1.54000E-14
   719   -7.20000E-15
   720   -2.31000E-14
   721    4.00000E-15
   722   -2.40000E-14
   723   -5.94000E-14
   724   -1.20000E-14
   725    1.10000E-15
   726   -4.20000E-15
   727    9.00000E-16
   728   -5.00000E-15
   729   -1.89000E-14
   730   -3.60000E-15
   731    5.00000E-15
   732    1.80000E-15
   733    7.50000E-15
   734    2.40000E-15
   735    8.00000E-15
   736    1.80000E-15
   737   -6.00000E-16
   738   -9.60000E-15
   739    1.70000E-14
   740    4.10000E-14
   741   -4.80000E-15
   742    5.00000E-16
   743    1.62000E-14
   744    1.87000E-14
   745   -5.13000E-14
   746   -2.00000E-14
   747    0.00000E+00
   748    1.80000E-15
   749    8.06000E-14
   750    2.31000E-14
   751    0.00000E+00
   752    1.20000E-15
   753   -1.05000E-14
   754    8.10000E-15
   755    7.20000E-15
   756    5.18000E-14
   757   -4.00000E-15
   758    9.86000E-14
   759    1.60000E-14
   760   -2.59000E-14
   761    3.50000E-15
   762   -1.68000E-14
   763    1.11000E-14
   764   -5.52000E-14
   765   -5.92000E-14
   766   -8.12000E-14
   767   -6.30000E-14
   768    7.70000E-15
   769    9.60000E-15
   770   -2.00000E-15
   771    9.60000E-14
   772    7.50000E-15
   773   -8.46000E-14
   774    2.34000E-14
   775   -1.57500E-13
   776   -7.82000E-14
   777   -7.00000E-14
   778   -8.50000E-14
   779    2.85000E-14
   780    1.81500E-13
   781    3.29000E-13
   782   -4.37000E-14
   783   -8.40000E-15
   784   -6.00000E-15
   785    4.32000E-14
   786    4.00000E-16
   787   -1.36300E-13
   788   -1.65600E-13
   789   -5.10600E-13
   790   -2.42000E-14
   791   -6.75000E-14
   792   -9.24000E-14
   793    2.44000E-13
   794   -5.05600E-13
   795    3.25500E-13
   796    8.36000E-14
   797   -8.19000E-14
   798    6.88000E-14
   799    4.00200E-13
   800    1.26000E-13
   801    1.13400E-13
   802   -7.00000E-13
   803   -3.56700E-13
   804   -7.65600E-13
   805    1.62800E-12
   806   -2.18500E-12
   807    2.34900E-13
   808    3.43200E-13
   809    1.22250E-12
   810   -1.46520E-12
   811    1.46630E-12
   812   -5.77840E-12
   813   -7.86500E-13
   814    4.12380E-12
   815   -7.92900E-13
   816    2.68400E-12
   817   -2.16020E-11
   818   -1.85173E-11
   819   -5.63850E-12
   820    2.13640E-11
   821    6.48240E-11
   822    1.49040E-10
   823    2.26787E-10
   824    7.06755E-10
   825    1.17721E-09
   826    1.77236E-09
   827    1.53117E-09
   828    1.58102E-09
   829    1.21354E-09
   830    6.19872E-10
   831    5.80745E-10
   832    1.66472E-09
   833    6.09395E-09
   834    1.41501E-08
   835    2.07028E-08
   836    4.09600E-08
   837    4.49597E-08
   838    1.39802E-08
   839    3.52219E-08
   840    2.08765E-08
   841    3.65072E-08
   842    2.49116E-08
   843    2.48907E-08
   844    3.54850E-08
   845    4.34798E-08
   846    7.46821E-08
   847    1.06457E-07
   848    1.53641E-07
   849    2.38825E-07
   850    5.00825E-07
   851    1.30796E-06
   852    2.86546E-06
   853    3.16297E-06
   854    1.40761E-06
   855    5.04754E-07
   856    2.91694E-07
   857    1.97163E-07
   858    1.88718E-07
   859    2.23368E-07
   860    7.95075E-07
   861    1.99381E-06
   862    1.55491E-06
   863    3.25328E-07
   864   -1.08396E-07
   865   -1.24966E-07
   866   -1.71498E-07
   867   -1.11118E-06
   868    5.10763E-07
   869    3.43040E-07
   870   -4.66580E-07
   871    3.01095E-06
   872    2.32341E-06
   873   -2.84641E-06
   874   -7.58155E-07
   875    3.99966E-07
   876    5.18693E-07
   877   -1.34004E-06
   878    6.63895E-07
   879    5.08462E-07
   880    3.28153E-07
   881    2.81239E-06
   882   -1.72919E-06
   883   -1.92794E-06
   884    2.67555E-09
   885    2.39617E-06
   886   -6.46331E-07
   887   -8.92735E-07
   888   -5.54855E-07
   889    1.62288E-06
   890    7.89182E-07
   891    1.68220E-06
   892    1.25972E-07
   893    3.89817E-07
   894    2.47460E-07
   895    5.05025E-07
   896    2.02680E-07
   897   -1.27116E-07
   898    1.56260E-07
   899    4.75824E-07
   900   -9.46335E-08
   901    2.03119E-07
   902    1.86505E-07
   903    1.16461E-08
   904   -7.31384E-09
   905    9.57706E-08
   906   -4.47062E-08
   907   -1.14528E-07
   908    1.42840E-07
   909    2.89826E-07
   910   -6.29597E-08
   911   -1.65645E-07
   912    2.04592E-07
   913   -2.79746E-08
   914   -2.36097E-07
   915    6.21905E-08
   916    4.58884E-07
   917    2.95402E-07
   918    7.48332E-08
   919   -8.16782E-08
   920   -1.65715E-07
   921   -7.26857E-09
   922    1.96913E-07
   923    1.91608E-07
   924   -1.54709E-07
   925   -4.15762E-08
   926   -9.31038E-08
   927   -1.11169E-07
   928    3.81893E-08
   929   -2.93360E-09
   930    9.54226E-08
   931    2.56307E-07
   932    2.57931E-07
   933   -3.20721E-08
   934   -3.43532E-07
   935    1.86916E-07
   936    3.31538E-07
   937    1.20319E-07
   938    1.61905E-07
   939   -3.71380E-07
   940   -1.64678E-09
   941    2.08424E-07
   942   -1.77187E-09
   943    7.70298E-08
   944   -7.44334E-10
   945    6.98129E-09
   946    8.66024E-08
   947    1.39519E-07
   948    7.98272E-08
   949   -1.08161E-07
   950   -7.10013E-08
   951    7.60759E-09
   952    3.92920E-08
   953    5.90306E-08
   954    8.95378E-09
   955   -3.63012E-08
   956    1.37239E-08
   957   -3.27289E-08
   958   -4.75370E-08
   959    9.90074E-08
   960    2.52958E-07
   961    1.30466E-07
   962    2.33416E-08
   963    1.42367E-07
   964    1.34227E-07
   965    8.29368E-08
   966    9.05209E-08
   967   -9.37239E-09
   968   -1.27855E-07
   969   -9.47915E-08
   970   -1.38850E-07
   971   -9.10819E-08
   972   -1.00235E-07
   973    3.24369E-08
   974    1.86888E-07
   975    2.24520E-07
   976    1.20421E-07
   977   -4.10143E-07
   978   -3.57445E-07
   979    1.81318E-07
   980    5.94855E-07
   981    6.01606E-07
   982   -4.01798E-07
   983   -3.83194E-08
   984    4.17519E-07
   985    3.64388E-07
   986    0.00000E+00
   987   -3.92024E-07
   988   -8.23047E-07
   989    9.99808E-07
   990   -4.39549E-07
   991   -4.59607E-07
   992    1.11273E-06
   993    7.89007E-07
   994    5.27420E-07
   995    1.11520E-06
   996    2.04585E-06
   997    1.14802E-06
   998    1.40832E-06
   999    3.80519E-06
  1000    4.69438E-06
  1001    6.22707E-06
  1002    7.45321E-06
  1003    4.55234E-06
  1004    1.40155E-05
  1005    1.06446E-05
  1006    7.26099E-06
  1007    8.85371E-06
  1008    7.18450E-06
  1009    9.14850E-06
  1010    1.08943E-05
  1011    9.37643E-06
  1012    8.43195E-06
  1013    1.09152E-05
  1014    1.44346E-05
  1015    1.04376E-05
  1016    1.29918E-05
  1017    1.43565E-05
  1018    1.54725E-05
  1019    1.47214E-05
  1020    9.86722E-06
  1021    1.09696E-05
  1022    1.52290E-05
  1023    1.32513E-05
  1024    9.74866E-06
  1025    1.13921E-05
  1026    1.03444E-05
  1027    7.18025E-06
  1028    1.09718E-05
  1029    1.01382E-05
  1030    8.29456E-06
  1031    9.40160E-06
  1032    1.10437E-05
  1033    1.15605E-05
  1034    1.32997E-05
  1035    1.96570E-05
  1036    1.98964E-05
  1037    1.93238E-05
  1038    2.40320E-05
  1039    2.76264E-05
  1040    3.66837E-05
  1041    3.75435E-05
  1042    4.28359E-05
  1043    4.61566E-05
  1044    4.90238E-05
  1045    5.71606E-05
  1046    5.44360E-05
  1047    6.67238E-05
  1048    7.13545E-05
  1049    6.99670E-05
  1050    8.19639E-05
  1051    9.79932E-05
  1052    1.19436E-04
  1053    1.36649E-04
  1054    1.50464E-04
  1055    1.75435E-04
  1056    2.17392E-04
  1057    2.62961E-04
  1058    3.02907E-04
  1059    3.53596E-04
  1060    3.67432E-04
  1061    4.40553E-04
  1062    4.80725E-04
  1063    5.43970E-04
  1064    5.30049E-04
  1065    5.40330E-04
  1066    5.61364E-04
  1067    5.90535E-04
  1068    5.80072E-04
  1069    6.14393E-04
  1070    6.37742E-04
  1071    6.71746E-04
  1072    6.81884E-04
  1073    7.31461E-04
  1074    8.55575E-04
  1075    9.64966E-04
  1076    1.03815E-03
  1077    1.21845E-03
  1078    1.29354E-03
  1079    1.51517E-03
  1080    1.63889E-03
  1081    2.12983E-03
  1082    2.07751E-03
  1083    2.16694E-03
  1084    2.35530E-03
  1085    2.11308E-03
  1086    2.74968E-03
  1087    3.06789E-03
  1088    3.67989E-03
  1089    3.69082E-03
  1090    3.79874E-03
  1091    3.82977E-03
  1092    4.09148E-03
  1093    4.80582E-03
  1094    5.39641E-03
  1095    6.44830E-03
  1096    7.77161E-03
  1097    9.24599E-03
  1098    1.02613E-02
  1099    1.17736E-02
  1100    1.42935E-02
  1101    1.62120E-02
  1102    1.88868E-02
  1103    2.29802E-02
  1104    2.72896E-02
  1105    3.21010E-02
  1106    3.64803E-02
  1107    4.16979E-02
  1108    4.76582E-02
  1109    5.45460E-02
  1110    6.19007E-02
  1111    7.09947E-02
  1112    8.23566E-02
  1113    9.61378E-02
  1114    1.13093E-01
  1115    1.33746E-01
  1116    1.60038E-01
  1117    1.91979E-01
  1118    2.30887E-01
  1119    2.77115E-01
  1120    3.32414E-01
  1121    3.94592E-01
  1122    4.63874E-01
  1123    5.36999E-01
  1124    6.09934E-01
  1125    6.78470E-01
  1126    7.39601E-01
  1127    7.88695E-01
  1128    8.23790E-01
  1129    8.45447E-01
  1130    8.54219E-01
  1131    8.52172E-01
  1132    8.41686E-01
  1133    8.27055E-01
  1134    8.10338E-01
  1135    7.91358E-01
  1136    7.74230E-01
  1137    7.60112E-01
  1138    7.49281E-01
  1139    7.42475E-01
  1140    7.38967E-01
  1141    7.39145E-01
  1142    7.42402E-01
  1143    7.49175E-01
  1144    7.57915E-01
  1145    7.68876E-01
  1146    7.81441E-01
  1147    7.95076E-01
  1148    8.08607E-01
  1149    8.21095E-01
  1150    8.32972E-01
  1151    8.43591E-01
  1152    8.51905E-01
  1153    8.58282E-01
  1154    8.62820E-01
  1155    8.66071E-01
  1156    8.67208E-01
  1157    8.67837E-01
  1158    8.68327E-01
  1159    8.68490E-01
  1160    8.69115E-01
  1161    8.70274E-01
  1162    8.71941E-01
  1163    8.74603E-01
  1164    8.77890E-01
  1165    8.81899E-01
  1166    8.86059E-01
  1167    8.90235E-01
  1168    8.94724E-01
  1169    8.98228E-01
  1170    9.02038E-01
  1171    9.05036E-01
  1172    9.07067E-01
  1173    9.08503E-01
  1174    9.09170E-01
  1175    9.09247E-01
  1176    9.08245E-01
  1177    9.06763E-01
  1178    9.05321E-01
  1179    9.03561E-01
  1180    9.01814E-01
  1181    9.00424E-01
  1182    8.99018E-01
  1183    8.97947E-01
  1184    8.97928E-01
  1185    8.98069E-01
  1186    8.98700E-01
  1187    9.00097E-01
  1188    9.02012E-01
  1189    9.04302E-01
  1190    9.06875E-01
  1191    9.08979E-01
  1192    9.10848E-01
  1193    9.12453E-01
  1194    9.13665E-01
  1195    9.14655E-01
  1196    9.14916E-01
  1197    9.14633E-01
  1198    9.13695E-01
  1199    9.12312E-01
  1200    9.10841E-01
  1201    9.09103E-01
  1202    9.07119E-01
  1203    9.04894E-01
  1204    9.02693E-01
  1205    9.00649E-01
  1206    8.98919E-01
  1207    8.97638E-01
  1208    8.96712E-01
  1209    8.96377E-01
  1210    8.96527E-01
  1211    8.97100E-01
  1212    8.98152E-01
  1213    8.99688E-01
  1214    9.01638E-01
  1215    9.04045E-01
  1216    9.06162E-01
  1217    9.08095E-01
  1218    9.10758E-01
  1219    9.13521E-01
  1220    9.15788E-01
  1221    9.17997E-01
  1222    9.20233E-01
  1223    9.21838E-01
  1224    9.23648E-01
  1225    9.25290E-01
  1226    9.26528E-01
  1227    9.27546E-01
  1228    9.28272E-01
  1229    9.28964E-01
  1230    9.28766E-01
  1231    9.28204E-01
  1232    9.27808E-01
  1233    9.27102E-01
  1234    9.26213E-01
  1235    9.25178E-01
  1236    9.24076E-01
  1237    9.22801E-01
  1238    9.21806E-01
  1239    9.21004E-01
  1240    9.19998E-01
  1241    9.18785E-01
  1242    9.17908E-01
  1243    9.16827E-01
  1244    9.15946E-01
  1245    9.15414E-01
  1246    9.14604E-01
  1247    9.13917E-01
  1248    9.13185E-01
  1249    9.12540E-01
  1250    9.12205E-01
  1251    9.11816E-01
  1252    9.11307E-01
  1253    9.10604E-01
  1254    9.10535E-01
  1255    9.10574E-01
  1256    9.10127E-01
  1257    9.09935E-01
  1258    9.10130E-01
  1259    9.10041E-01
  1260    9.09443E-01
  1261    9.09292E-01
  1262    9.09524E-01
  1263    9.10239E-01
  1264    9.10818E-01
  1265    9.11833E-01
  1266    9.13096E-01
  1267    9.14083E-01
  1268    9.15769E-01
  1269    9.16948E-01
  1270    9.18423E-01
  1271    9.20237E-01
  1272    9.21750E-01
  1273    9.23658E-01
  1274    9.25067E-01
  1275    9.25981E-01
  1276    9.27513E-01
  1277    9.29033E-01
  1278    9.30335E-01
  1279    9.31319E-01
  1280    9.32488E-01
  1281    9.33598E-01
  1282    9.34577E-01
  1283    9.34837E-01
  1284    9.35054E-01
  1285    9.35365E-01
  1286    9.35466E-01
  1287    9.35432E-01
  1288    9.35333E-01
  1289    9.35356E-01
  1290    9.35039E-01
  1291    9.34135E-01
  1292    9.33856E-01
  1293    9.32752E-01
  1294    9.32358E-01
  1295    9.31097E-01
  1296    9.29980E-01
  1297    9.28606E-01
  1298    9.27044E-01
  1299    9.25250E-01
  1300    9.23991E-01
  1301    9.22355E-01
  1302    9.21277E-01
  1303    9.20350E-01
  1304    9.19396E-01
  1305    9.18387E-01
  1306    9.18560E-01
  1307    9.18385E-01
  1308    9.18921E-01
  1309    9.19656E-01
  1310    9.20669E-01
  1311    9.21290E-01
  1312    9.21634E-01
  1313    9.21613E-01
  1314    9.21215E-01
  1315    9.20295E-01
  1316    9.18412E-01
  1317    9.15088E-01
  1318    9.11464E-01
  1319    9.06655E-01
  1320    9.00570E-01
  1321    8.93589E-01
  1322    8.85479E-01
  1323    8.76221E-01
  1324    8.66268E-01
  1325    8.56640E-01
  1326    8.46619E-01
  1327    8.37098E-01
  1328    8.29126E-01
  1329    8.21736E-01
  1330    8.15474E-01
  1331    8.10871E-01
  1332    8.08589E-01
  1333    8.07621E-01
  1334    8.09545E-01
  1335    8.13156E-01
  1336    8.18247E-01
  1337    8.25966E-01
  1338    8.34686E-01
  1339    8.44462E-01
  1340    8.55728E-01
  1341    8.66530E-01
  1342    8.77504E-01
  1343    8.86974E-01
  1344    8.95884E-01
  1345    9.03645E-01
  1346    9.09306E-01
  1347    9.12549E-01
  1348    9.15029E-01
  1349    9.16131E-01
  1350    9.15991E-01
  1351    9.15477E-01
  1352    9.15433E-01
  1353    9.14746E-01
  1354    9.14264E-01
  1355    9.13307E-01
  1356    9.09701E-01
  1357    9.02341E-01
  1358    8.88417E-01
  1359    8.64533E-01
  1360    8.30255E-01
  1361    7.81819E-01
  1362    7.22770E-01
  1363    6.51247E-01
  1364    5.76934E-01
  1365    5.00202E-01
  1366    4.28282E-01
  1367    3.59801E-01
  1368    2.98918E-01
  1369    2.46457E-01
  1370    1.99234E-01
  1371    1.62036E-01
  1372    1.33001E-01
  1373    1.09546E-01
  1374    9.13703E-02
  1375    7.74913E-02
  1376    6.61885E-02
  1377    5.64270E-02
  1378    4.93710E-02
  1379    4.30292E-02
  1380    3.79027E-02
  1381    3.37854E-02
  1382    2.97421E-02
  1383    2.76420E-02
  1384    2.54182E-02
  1385    2.25767E-02
  1386    2.12223E-02
  1387    1.97037E-02
  1388    2.00719E-02
  1389    2.03089E-02
  1390    1.65110E-02
  1391    1.66707E-02
  1392    1.42468E-02
  1393    1.24799E-02
  1394    1.18383E-02
  1395    1.23239E-02
  1396    1.19732E-02
  1397    1.02814E-02
  1398    9.72150E-03
  1399    9.65949E-03
  1400    9.33460E-03
  1401    8.73299E-03
  1402    8.32164E-03
  1403    7.05001E-03
  1404    6.70049E-03
  1405    5.76404E-03
  1406    5.26369E-03
  1407    4.39101E-03
  1408    4.18403E-03
  1409    4.06969E-03
  1410    3.51837E-03
  1411    2.97997E-03
  1412    2.64038E-03
  1413    2.18819E-03
  1414    2.00339E-03
  1415    1.65000E-03
  1416    1.39782E-03
  1417    1.17384E-03
  1418    9.62808E-04
  1419    9.06293E-04
  1420    7.85664E-04
  1421    6.76536E-04
  1422    6.07918E-04
  1423    5.15461E-04
  1424    4.84121E-04
  1425    4.27963E-04
  1426    3.93777E-04
  1427    3.55759E-04
  1428    3.51747E-04
  1429    3.18349E-04
  1430    2.84070E-04
  1431    2.58032E-04
  1432    2.59312E-04
  1433    2.57510E-04
  1434    2.53768E-04
  1435    2.46482E-04
  1436    2.42713E-04
  1437    2.40681E-04
  1438    2.57573E-04
  1439    2.64156E-04
  1440    2.61182E-04
  1441    2.63500E-04
  1442    2.80608E-04
  1443    2.84767E-04
  1444    3.05226E-04
  1445    3.27141E-04
  1446    3.00205E-04
  1447    3.33701E-04
  1448    3.43965E-04
  1449    3.35508E-04
  1450    3.50933E-04
  1451    3.31532E-04
  1452    3.31415E-04
  1453    3.27946E-04
  1454    3.39514E-04
  1455    3.11511E-04
  1456    3.07409E-04
  1457    2.69417E-04
  1458    2.46577E-04
  1459    2.32137E-04
  1460    2.41192E-04
  1461    2.25668E-04
  1462    1.87910E-04
  1463    1.56020E-04
  1464    1.52744E-04
  1465    1.45275E-04
  1466    1.11756E-04
  1467    1.10813E-04
  1468    8.76179E-05
  1469    7.86344E-05
  1470    8.32739E-05
  1471    5.95204E-05
  1472    5.22830E-05
  1473    5.03346E-05
  1474    4.34642E-05
  1475    3.61200E-05
  1476    3.57138E-05
  1477    3.41157E-05
  1478    2.34865E-05
  1479    3.39137E-05
  1480    2.98158E-05
  1481    2.25293E-05
  1482    2.64114E-05
  1483    2.63539E-05
  1484    2.46000E-05
  1485    2.20146E-05
  1486    2.92489E-05
  1487    3.40364E-05
  1488    2.70062E-05
  1489    3.08300E-05
  1490    2.56801E-05
  1491    3.16657E-05
  1492    3.83381E-05
  1493    3.43247E-05
  1494    4.58242E-05
  1495    4.86375E-05
  1496    4.57719E-05
  1497    5.25684E-05
  1498    5.32729E-05
  1499    5.48491E-05
  1500    5.39686E-05
  1501    6.36069E-05
  1502    5.83215E-05
  1503    5.48127E-05
  1504    6.20709E-05
  1505    5.86039E-05
  1506    6.57581E-05
  1507    6.19959E-05
  1508    5.89595E-05
  1509    5.91905E-05
  1510    5.98652E-05
  1511    5.39524E-05
  1512    3.01765E-05
  1513    3.51308E-05
  1514    3.94421E-05
  1515    2.85622E-05
  1516    1.82116E-05
  1517    1.48154E-05
  1518    1.92727E-05
  1519    1.49390E-05
  1520    6.07973E-06
  1521    1.84122E-05
  1522    1.92227E-05
  1523   -3.45072E-06
  1524    7.98047E-06
  1525    1.25704E-05
  1526    4.70631E-06
  1527   -1.91061E-06
  1528   -4.15181E-06
  1529    4.46227E-06
  1530    8.94356E-06
  1531    8.37123E-07
  1532    1.94698E-06
  1533    3.88974E-06
  1534    3.93375E-06
  1535    4.42964E-06
  1536    8.53575E-06
  1537    5.38193E-07
  1538   -2.23502E-06
  1539    4.70960E-06
  1540   -1.49591E-06
  1541   -3.44000E-06
  1542    1.32412E-06
  1543    4.62486E-06
  1544    2.00564E-06
  1545    6.76053E-06
  1546    1.39400E-06
  1547   -2.82342E-06
  1548    2.16754E-06
  1549    4.10905E-07
  1550   -1.46588E-06
  1551    5.46080E-06
  1552    4.83339E-06
  1553   -6.72639E-06
  1554   -3.70365E-06
  1555   -4.19769E-07
  1556    3.59995E-06
  1557    1.78616E-05
  1558    2.00271E-05
  1559    8.13085E-06
  1560    5.25664E-06
  1561    7.69768E-06
  1562   -6.54510E-07
  1563   -9.94652E-06
  1564    1.08982E-05
  1565    1.04682E-05
  1566    2.03434E-05
  1567    3.14926E-05
  1568    1.64242E-05
  1569    1.72496E-05
  1570    1.26859E-05
  1571    1.54508E-05
  1572    1.42272E-05
  1573    3.24621E-06
  1574    1.65315E-06
  1575    1.12552E-05
  1576    1.83864E-05
  1577    1.42347E-05
  1578    3.98357E-07
  1579    8.06893E-06
  1580    7.04985E-06
  1581   -1.86393E-06
  1582    9.16630E-06
  1583    1.08756E-05
  1584   -5.46140E-06
  1585    3.22380E-06
  1586    1.28831E-05
  1587   -1.46583E-05
  1588   -8.92208E-06
  1589    5.89884E-06
  1590    1.23027E-05
  1591    8.59740E-06
  1592   -1.03452E-05
  1593   -1.08191E-05
  1594    1.33480E-06
  1595   -6.92648E-06
  1596   -3.06492E-06
  1597    2.50075E-06
  1598    4.17961E-06
  1599    4.05216E-06
  1600    9.12810E-06
  1601    1.08365E-05
  1602    6.81347E-06
  1603    7.45576E-06
  1604   -1.77104E-06
  1605    2.44463E-07
  1606   -1.87691E-08
  1607   -1.06094E-05
  1608   -9.10128E-06
  1609   -5.87376E-07
  1610   -2.18571E-06
  1611    7.12724E-06
  1612   -4.24021E-06
  1613   -1.12728E-05
  1614    7.32043E-06
  1615   -1.22110E-06
  1616   -2.00965E-05
  1617    3.01316E-06
  1618    3.28667E-05
  1619    1.21659E-05
  1620    1.07976E-05
  1621   -9.84658E-06
  1622   -4.05937E-06
  1623    4.86415E-06
  1624    1.35757E-05
  1625    4.02579E-06
  1626   -2.51920E-06
  1627    5.94760E-06
  1628    3.04382E-06
  1629    1.21949E-05
  1630    6.95250E-06
  1631    8.34063E-07
  1632    1.28386E-05
  1633    1.69532E-06
  1634   -1.70920E-06
  1635    1.24386E-05
  1636    3.33301E-06
  1637    1.24368E-05
  1638    1.14025E-05
  1639   -4.63455E-06
  1640    5.84231E-06
  1641    6.27930E-06
  1642    7.43814E-06
  1643    1.73264E-06
  1644    1.20742E-05
  1645   -9.78037E-06
  1646    8.26618E-06
  1647   -2.92344E-06
  1648   -1.64051E-06
  1649    5.95246E-06
  1650    5.11516E-06
  1651   -1.00275E-05
  1652    1.00581E-05
  1653    1.10745E-05
  1654    5.12109E-07
  1655    4.93548E-06
  1656   -6.03727E-06
  1657    7.63964E-06
  1658   -2.10794E-05
  1659    6.89653E-06
  1660    5.14752E-06
  1661   -1.13369E-05
  1662    8.69185E-06
  1663   -1.00237E-05
  1664    8.79173E-06
  1665    9.48632E-07
  1666   -1.20058E-06
  1667   -4.42851E-06
  1668   -1.76122E-05
  1669    1.53407E-05
  1670    9.83729E-06
  1671    5.00995E-06
  1672    4.80338E-07
  1673   -4.72632E-07
  1674    3.64092E-06
  1675   -1.77268E-05
  1676    1.09263E-06
  1677   -6.89906E-06
  1678    1.30128E-06
  1679    1.13755E-05
  1680    1.53859E-06
  1681   -4.74239E-06
  1682   -4.15385E-06
  1683   -2.64165E-06
  1684    1.52669E-05
  1685   -1.43933E-07
  1686   -7.22755E-06
  1687   -2.00546E-06
  1688    1.28491E-06
  1689    8.34856E-06
  1690   -4.69809E-06
  1691    2.98622E-06
  1692   -8.08429E-06
  1693    3.98529E-06
  1694    5.40155E-06
  1695    4.88941E-06
  1696   -1.59857E-06
  1697   -9.19021E-06
  1698    6.45636E-06
  1699    2.67442E-06
  1700   -7.01205E-06
  1701    1.07797E-05
  1702   -2.14654E-05
  1703    3.47376E-06
  1704    7.41813E-07
  1705    8.27308E-06
  1706   -1.05837E-05
  1707   -1.43545E-05
  1708    1.14454E-05
  1709    3.98591E-06
  1710   -8.82929E-06
  1711    4.03407E-06
  1712    4.04163E-06
  1713   -3.56613E-06
  1714   -2.57391E-05
  1715   -1.36480E-06
  1716    1.55524E-05
  1717   -9.73852E-07
  1718    8.43251E-07
  1719    5.15724E-06
  1720    4.47988E-06
  1721   -6.97000E-06
  1722    1.21906E-06
  1723    6.53011E-06
  1724   -1.28987E-07
  1725    2.59491E-06
  1726    1.23860E-05
  1727    1.07374E-06
  1728    1.24299E-05
  1729    1.50171E-05
  1730    1.09608E-05
  1731   -2.65520E-06
  1732    1.96495E-05
  1733    1.32709E-05
  1734    2.26663E-05
  1735    6.10704E-06
  1736    2.41022E-05
  1737    3.63095E-05
  1738    8.96665E-06
  1739    2.46958E-05
  1740    3.94222E-06
  1741    4.99816E-06
  1742    1.56105E-05
  1743    3.29606E-05
  1744   -8.50476E-07
  1745    1.22278E-05
  1746    2.25524E-05
  1747    1.67946E-05
  1748   -2.93159E-06
  1749   -1.02804E-05
  1750   -2.77328E-06
  1751    5.14195E-06
  1752    2.68731E-05
  1753    8.50810E-07
  1754   -1.00535E-05
  1755   -8.48430E-06
  1756   -1.59149E-07
  1757    6.77921E-06
  1758   -1.53596E-05
  1759    1.27224E-05
  1760   -9.26604E-07
  1761    9.86436E-06
  1762   -9.79012E-07
  1763    1.00169E-05
  1764   -7.55998E-06
  1765    2.12926E-05
  1766   -1.47845E-05
  1767    1.71096E-06
  1768    1.88690E-05
  1769   -8.83976E-06
  1770   -4.09942E-06
  1771    4.30106E-06
  1772    5.78823E-06
  1773   -9.63044E-06
  1774   -1.45136E-05
  1775    9.72840E-06
  1776    1.95820E-06
  1777   -2.66089E-07
  1778   -6.22335E-06
  1779   -4.90398E-06
  1780    8.49235E-06
  1781   -1.83361E-06
  1782    1.63139E-06
  1783    1.51312E-05
  1784    1.57918E-05
  1785   -2.78134E-06
  1786    1.05839E-05
  1787   -1.15815E-05
  1788    2.10631E-05
  1789    5.85234E-06
  1790   -8.32035E-06
  1791    1.81934E-05
  1792    1.15440E-05
  1793    2.20485E-05
  1794    2.36762E-05
  1795    1.45733E-05
  1796    7.68594E-06
  1797    3.71395E-05
  1798    2.37019E-05
  1799    2.10628E-05
  1800    3.01863E-05
  1801    1.99803E-05
  1802    3.71985E-05
  1803    3.04691E-05
  1804    4.42524E-05
  1805    3.87263E-05
  1806    3.91639E-05
  1807    3.12966E-05
  1808    2.70795E-05
  1809   -4.36958E-06
  1810    8.52797E-06
  1811    2.32772E-05
  1812    3.41008E-05
  1813    2.62309E-05
  1814    5.38195E-06
  1815   -2.77102E-07
  1816    5.63616E-06
  1817    2.04226E-05
  1818    9.65818E-06
  1819   -1.10242E-05
  1820    2.45347E-05
  1821    1.64112E-05
  1822   -3.93645E-06
  1823   -2.69094E-05
  1824   -1.18874E-05
  1825   -4.56096E-06
  1826    1.54609E-05
  1827   -8.69970E-06
  1828   -8.40826E-06
  1829   -3.41782E-06
  1830    6.93030E-06
  1831    2.61338E-05
  1832   -8.22350E-06
  1833    2.20221E-07
  1834    1.31651E-05
  1835    1.47379E-05
  1836    7.19025E-06
  1837    1.13072E-05
  1838    1.22117E-05
  1839   -2.17254E-05
  1840   -2.08209E-05
  1841    2.42408E-06
  1842   -5.05882E-06
  1843   -1.21995E-05
  1844   -1.38211E-06
  1845    4.77121E-06
  1846    5.97177E-06
  1847    1.47918E-05
  1848    1.63354E-06
  1849   -1.48934E-05
  1850   -1.48819E-05
  1851    7.90037E-06
  1852    7.41387E-06
  1853    1.31096E-05
  1854    3.37390E-06
  1855    6.55887E-07
  1856   -1.57491E-06
  1857    9.80506E-07
  1858    2.07852E-05
  1859    1.65452E-05
  1860    9.54129E-06
  1861   -2.59380E-06
  1862    3.06170E-07
  1863    2.93433E-06
  1864    6.52203E-06
  1865   -9.32401E-06
  1866   -5.30169E-06
  1867   -1.11942E-06
  1868   -2.66081E-06
  1869    1.78623E-05
  1870    2.13181E-05
  1871    1.42291E-05
  1872    1.63187E-05
  1873    1.14267E-05
  1874   -3.92105E-06
  1875   -7.70852E-06
  1876    1.59592E-05
  1877    2.25805E-05
  1878    6.81102E-06
  1879    1.47933E-05
  1880    3.95095E-05
  1881    3.37518E-05
  1882    2.73129E-05
  1883   -4.39205E-06
  1884   -9.10801E-06
  1885    1.86594E-05
  1886    8.82945E-06
  1887    1.84783E-05
  1888    2.07871E-05
  1889   -3.21997E-05
  1890   -6.11072E-06
  1891    4.41392E-05
  1892    1.52268E-06
  1893   -2.54046E-05
  1894    1.37933E-05
  1895    1.36621E-05
  1896    4.19178E-05
  1897    2.82750E-05
  1898    5.99099E-05
  1899   -2.43583E-05
  1900   -4.16768E-05
  1901    2.47065E-05
  1902    1.99239E-05
  1903    6.19335E-06
  1904   -2.83064E-06
  1905   -1.51864E-05
  1906   -4.57499E-06
  1907    1.05986E-05
  1908    1.79019E-05
  1909   -1.10584E-07
  1910    1.20282E-05
  1911    4.01860E-05
  1912    2.21603E-06
  1913    1.62947E-06
  1914    1.16629E-05
  1915   -7.48805E-06
  1916    8.34242E-06
  1917    2.10837E-05
  1918    1.07777E-05
  1919   -2.49490E-05
  1920   -6.81685E-06
  1921    3.40733E-06
  1922    2.78769E-05
  1923    1.11340E-05
  1924    1.80375E-06
  1925    3.63856E-06
  1926    1.01620E-05
  1927    1.92079E-05
  1928   -3.33958E-06
  1929   -1.08342E-05
  1930   -2.66728E-06
  1931   -1.87933E-06
  1932   -9.23851E-07
  1933   -1.67991E-05
  1934   -5.89404E-06
  1935    6.43383E-06
  1936    1.86388E-05
  1937    8.30252E-06
  1938   -7.79027E-06
  1939   -1.60627E-05
  1940   -1.81463E-05
  1941   -2.29305E-05
  1942    1.85669E-06
  1943    2.00542E-05
  1944    1.76444E-05
  1945   -2.23716E-05
  1946   -7.36010E-06
  1947    6.00521E-06
  1948    9.80403E-06
  1949   -3.77628E-06
  1950    5.50320E-06
  1951    2.75633E-05
  1952    1.24444E-05
  1953   -1.07953E-05
  1954   -9.28640E-06
  1955    1.48507E-05
  1956    1.23192E-05
  1957   -1.97269E-05
  1958   -1.27366E-05
  1959   -2.61069E-05
  1960    3.57926E-05
  1961    2.04439E-05
  1962   -2.04786E-06
  1963    2.43677E-06
  1964    1.63926E-05
  1965   -1.09146E-05
  1966    1.88752E-06
  1967   -2.30319E-07
  1968    3.37848E-05
  1969    3.34745E-05
  1970    3.81936E-06
  1971   -9.17432E-06
  1972    2.09229E-05
  1973   -2.51265E-05
  1974    1.24593E-05
  1975    1.76773E-05
  1976    2.28024E-05
  1977    3.15709E-05
  1978    2.41009E-05
  1979    4.32445E-05
  1980    3.03334E-05
  1981   -9.11735E-07
  1982    2.06546E-05
  1983    1.87304E-05
  1984    3.10220E-05
  1985    2.05713E-05
  1986    7.25840E-06
  1987    4.83073E-05
  1988    4.22378E-05
  1989    4.40959E-05
  1990    3.24675E-05
  1991    3.71759E-05
  1992    4.39013E-05
  1993    2.82279E-05
  1994    2.94868E-05
  1995    2.41474E-05
  1996    5.23757E-05
  1997    4.19462E-05
  1998    3.86318E-06
  1999    4.02177E-05
  2000    3.73959E-05
  2001    1.77814E-05
  2002    3.02815E-05
  2003    4.26851E-05
  2004    4.56466E-05
  2005    3.07661E-05
  2006   -1.23045E-05
  2007    2.56598E-05
  2008    5.42186E-05
  2009    6.34537E-06
  2010    1.35738E-05
  2011    3.34312E-05
  2012    1.10556E-05
  2013   -1.10836E-05
  2014    2.77412E-05
  2015    2.01565E-05
  2016   -3.07382E-06
  2017    1.55227E-05
  2018   -2.84033E-06
  2019    6.49734E-05
  2020    9.37659E-06
  2021    2.84467E-05
  2022    1.47160E-05
  2023    1.30871E-05
  2024    2.96847E-06
  2025   -9.81714E-06
  2026    5.64749E-05
  2027   -1.67715E-05
  2028    6.14951E-06
  2029   -2.19828E-05
  2030    2.21482E-05
  2031    7.93590E-06
  2032    1.84456E-06
  2033    1.19835E-05
  2034   -2.71448E-06
  2035    1.37174E-05
  2036    1.14865E-05
  2037    1.27974E-05
  2038    1.58178E-05
  2039    7.54297E-06
  2040   -1.17819E-06
  2041    1.33978E-05
  2042    6.27721E-06
  2043   -1.96101E-05
  2044    3.17875E-05
  2045   -9.59602E-06
  2046    6.04769E-06
  2047    7.25672E-06
  2048    2.65986E-05
  2049    2.15337E-05
  2050    3.14812E-05
  2051   -2.28144E-06
  2052    2.13364E-06
  2053    2.05879E-05
  2054    1.28920E-05
  2055    5.85918E-06
  2056    7.59261E-06
  2057    1.87549E-05
  2058    2.64362E-06
  2059   -2.14674E-05
  2060    7.90309E-06
  2061    4.03849E-05
  2062    3.71912E-05
  2063   -1.60597E-05
  2064    3.88830E-05
  2065    3.88989E-06
  2066   -1.34800E-05
  2067    2.01473E-05
  2068    3.48402E-05
  2069   -7.49478E-06
  2070   -1.72768E-06
  2071    1.58247E-05
  2072    4.37701E-05
  2073    1.42676E-05
  2074    7.40230E-06
  2075    4.22781E-05
  2076   -1.14937E-05
  2077   -7.30939E-06
  2078    6.86701E-05
  2079    6.12402E-05
  2080    4.61249E-05
  2081    2.37079E-05
  2082    4.68971E-05
  2083    2.98199E-05
  2084    3.09806E-05
  2085    3.94596E-05
  2086    4.17751E-05
  2087    6.80721E-05
  2088    7.64593E-05
  2089    7.01007E-05
  2090    4.71924E-05
  2091    1.17066E-04
  2092    1.01098E-04
  2093    7.52584E-05
  2094    1.45146E-04
  2095    1.21543E-04
  2096    1.00144E-04
  2097    1.02802E-04
  2098    1.48737E-04
  2099    1.88424E-04
  2100    1.70506E-04
  2101    1.97730E-04
  2102    1.97327E-04
  2103    1.42784E-04
  2104    2.19549E-04
  2105    2.47049E-04
  2106    2.12704E-04
  2107    1.91776E-04
  2108    2.55132E-04
  2109    2.52835E-04
  2110    2.27887E-04
  2111    2.15502E-04
  2112    2.31694E-04
  2113    3.02463E-04
  2114    2.48318E-04
  2115    2.47844E-04
  2116    1.59504E-04
  2117    2.15784E-04
  2118    2.01574E-04
  2119    2.14353E-04
  2120    2.45824E-04
  2121    2.20634E-04
  2122    1.66697E-04
  2123    1.83527E-04
  2124    2.07845E-04
  2125    2.08859E-04
  2126    1.59464E-04
  2127    1.43635E-04
  2128    1.53237E-04
  2129    1.62644E-04
  2130    1.05634E-04
  2131    1.34516E-04
  2132    1.92222E-04
  2133    1.46893E-04
  2134    1.38334E-04
  2135    1.10497E-04
  2136    1.62982E-04
  2137    1.51065E-04
  2138    1.01114E-04
  2139    1.28280E-04
  2140    1.45655E-04
  2141    1.47137E-04
  2142    1.25349E-04
  2143    1.17970E-04
  2144    1.48889E-04
  2145    1.25582E-04
  2146    3.77726E-05
  2147    1.07925E-04
  2148    1.54093E-04
  2149    1.77242E-04
  2150    1.20020E-04
  2151    1.21368E-04
  2152    1.27269E-04
  2153    1.25038E-04
  2154    1.19453E-04
  2155    8.64528E-05
  2156    1.12168E-04
  2157    1.85826E-04
  2158    2.02021E-04
  2159    1.98203E-04
  2160    1.94133E-04
  2161    1.91768E-04
  2162    2.10818E-04
  2163    2.03207E-04
  2164    1.78094E-04
  2165    2.03672E-04
  2166    2.59433E-04
  2167    2.55604E-04
  2168    2.09503E-04
  2169    2.29309E-04
  2170    3.21803E-04
  2171    2.78682E-04
  2172    3.04473E-04
  2173    3.16583E-04
  2174    3.53205E-04
  2175    4.13563E-04
  2176    4.60021E-04
  2177    4.40898E-04
  2178    4.75015E-04
  2179    5.42261E-04
  2180    5.51591E-04
  2181    5.19448E-04
  2182    5.92364E-04
  2183    6.42576E-04
  2184    6.63202E-04
  2185    7.38858E-04
  2186    7.65010E-04
  2187    7.63237E-04
  2188    8.39326E-04
  2189    9.01503E-04
  2190    8.47209E-04
  2191    8.52652E-04
  2192    9.65464E-04
  2193    9.65623E-04
  2194    9.54890E-04
  2195    1.02428E-03
  2196    9.85142E-04
  2197    9.35889E-04
  2198    9.97449E-04
  2199    1.05611E-03
  2200    1.02079E-03
  2201    9.60022E-04
  2202    9.48867E-04
  2203    9.37686E-04
  2204    8.34173E-04
  2205    8.45213E-04
  2206    9.20620E-04
  2207    8.65852E-04
  2208    7.77983E-04
  2209    7.82816E-04
  2210    7.54153E-04
  2211    6.97094E-04
  2212    6.66123E-04
  2213    6.92509E-04
  2214    6.47320E-04
  2215    5.46625E-04
  2216    5.47465E-04
  2217    5.90729E-04
  2218    5.80719E-04
  2219    5.15217E-04
  2220    4.28738E-04
  2221    4.34165E-04
  2222    4.51189E-04
  2223    4.22965E-04
  2224    4.10398E-04
  2225    3.70801E-04
  2226    3.57926E-04
  2227    3.72531E-04
  2228    3.80975E-04
  2229    3.83721E-04
  2230    3.23592E-04
  2231    2.86028E-04
  2232    3.36939E-04
  2233    3.17792E-04
  2234    2.89962E-04
  2235    3.40878E-04
  2236    3.01031E-04
  2237    2.18655E-04
  2238    2.80620E-04
  2239    2.49413E-04
  2240    2.78113E-04
  2241    3.56515E-04
  2242    2.99529E-04
  2243    2.66046E-04
  2244    2.16115E-04
  2245    2.25463E-04
  2246    2.76478E-04
  2247    2.47032E-04
  2248    2.04248E-04
  2249    2.40222E-04
  2250    2.67432E-04
  2251    2.51408E-04
  2252    2.65909E-04
  2253    2.28982E-04
  2254    2.12126E-04
  2255    2.19130E-04
  2256    2.25173E-04
  2257    2.32286E-04
  2258    1.75457E-04
  2259    1.92222E-04
  2260    2.61227E-04
  2261    2.35498E-04
  2262    3.10416E-04
  2263    2.65908E-04
  2264    2.20738E-04
  2265    2.93819E-04
  2266    2.06470E-04
  2267    1.94249E-04
  2268    2.20257E-04
  2269    1.83602E-04
  2270    2.04031E-04
  2271    2.01544E-04
  2272    2.45917E-04
  2273    1.98720E-04
  2274    1.83198E-04
  2275    2.61537E-04
  2276    1.86197E-04
  2277    2.28963E-04
  2278    2.59383E-04
  2279    1.48757E-04
  2280    2.23003E-04
  2281    2.37755E-04
  2282    2.31620E-04
  2283    2.87154E-04
  2284    2.10006E-04
  2285    1.72644E-04
  2286    1.04794E-04
  2287    2.54513E-04
  2288    1.90769E-04
  2289    1.82728E-04
  2290    2.31871E-04
  2291    2.76446E-04
  2292    2.70974E-04
  2293    2.78967E-04
  2294    1.71998E-04
  2295    1.69184E-04
  2296    1.70068E-04
  2297    3.25627E-04
  2298    2.68382E-04
  2299    1.14419E-04
  2300    1.59443E-04
  2301    1.52277E-04
  2302    2.90333E-04
  2303    2.28486E-04
  2304    1.64703E-04
  2305    2.09458E-04
  2306    1.25051E-04
  2307    1.25932E-04
  2308    2.66659E-04
  2309    2.16390E-04
  2310    1.90578E-04
  2311    1.87075E-04
  2312    1.66866E-04
  2313    1.00949E-04
  2314    2.69235E-04
  2315    1.98943E-04
  2316    1.81714E-04
  2317    1.68610E-04
  2318    1.21046E-04
  2319    8.59261E-05
  2320    2.54276E-04
  2321    1.93239E-04
  2322    1.32575E-04
  2323    1.70927E-04
  2324    1.89289E-04
  2325    2.42962E-04
  2326    1.03213E-04
  2327    1.82036E-04
  2328    1.25776E-04
  2329    6.70385E-05
  2330    2.17340E-04
  2331    2.35717E-04
  2332    1.45152E-04
  2333    1.37699E-04
  2334    1.61041E-04
  2335    2.03848E-04
  2336    2.13041E-04
  2337    1.43764E-04
  2338    1.58454E-04
  2339    2.55951E-04
  2340    2.28144E-04
  2341    8.17674E-05
  2342    2.02734E-04
  2343    1.47664E-04
  2344    2.12826E-04
  2345    1.46344E-04
  2346    1.47047E-04
  2347    1.87897E-04
  2348    2.26447E-04
  2349    1.54739E-04
  2350    2.50944E-04
  2351    1.78070E-04
  2352    1.63995E-04
  2353    1.89067E-04
  2354    1.95904E-04
  2355    1.26298E-04
  2356    1.76530E-04
  2357    2.67707E-04
  2358    1.78729E-04
  2359    1.47163E-04
  2360    3.09459E-04
  2361    1.74472E-04
  2362    1.68099E-04
  2363    1.82020E-04
  2364    1.23661E-04
  2365    2.21014E-04
  2366    1.12591E-04
  2367    1.27586E-04
  2368    1.70706E-04
  2369    2.99051E-04
  2370    2.16303E-04
  2371    1.59411E-04
  2372    1.25021E-04
  2373    1.78131E-04
  2374    1.81302E-04
  2375    4.35510E-05
  2376    2.14391E-04
  2377    1.80339E-04
  2378    1.77142E-04
  2379    1.15032E-04
  2380    1.48033E-04
  2381    1.17575E-04
  2382    9.90177E-05
  2383    1.04397E-04
  2384    1.59694E-04
  2385    1.76714E-04
  2386    1.27768E-04
  2387    9.47033E-05
  2388    6.25518E-05
  2389    1.24258E-04
  2390    1.35061E-04
  2391    1.60014E-04
  2392    7.62810E-05
  2393    2.19134E-04
  2394    1.00775E-04
  2395    1.93065E-04
  2396    3.95577E-05
  2397    2.97296E-05
  2398    6.79541E-05
  2399    1.17589E-04
  2400    4.44212E-06
  2401    1.12136E-04
  2402    1.21674E-04
  2403    1.07200E-04
  2404    1.57293E-05
  2405    5.92261E-05
  2406    1.01768E-04
  2407    1.54666E-04
  2408    7.12755E-05
  2409    6.36335E-05
  2410   -6.64170E-06
  2411    1.33039E-04
  2412    4.99422E-05
  2413    9.93917E-05
  2414    1.68165E-05
  2415    7.86435E-05
  2416    1.71765E-04
  2417   -4.01127E-05
  2418    6.38153E-05
  2419    1.44868E-05
  2420    7.89418E-05
  2421    6.36029E-05
  2422    1.00358E-04
  2423    4.25547E-05
  2424   -3.35281E-05
  2425    6.11224E-05
  2426   -6.96306E-05
  2427    4.62380E-05
  2428    6.38649E-05
  2429    7.34299E-06
  2430    3.38555E-05
  2431   -3.93632E-05
  2432    4.89616E-05
  2433    4.15804E-06
  2434    1.24054E-04
  2435    3.94583E-05
  2436   -1.17433E-04
  2437   -5.26132E-06
  2438    6.01705E-05
  2439    1.74922E-04
  2440    1.08246E-04
  2441    8.10681E-05
  2442   -8.77872E-05
  2443    1.07136E-04
  2444    3.33848E-05
  2445    1.15387E-04
  2446   -3.90479E-05
  2447   -1.05096E-04
  2448    6.46362E-06
  2449    6.92042E-05
  2450    1.21471E-04
  2451    1.18898E-05
  2452   -6.49122E-05
  2453    4.29063E-05
  2454   -1.09858E-04
  2455   -9.68294E-05
  2456    1.04662E-04
  2457    1.41226E-04
  2458    2.28092E-05
  2459   -7.54279E-05
  2460    2.38609E-05
  2461    1.44990E-04
  2462    6.57884E-05
  2463    2.41141E-06
  2464    1.19900E-04
  2465    5.09171E-05
  2466   -9.39899E-05
  2467    2.53986E-05
  2468    3.11739E-05
  2469    2.09067E-05
  2470   -3.12003E-06
  2471    2.10509E-05
  2472   -1.11518E-04
  2473   -4.94893E-05
  2474    6.72399E-05
  2475   -1.07064E-05
  2476    4.79285E-05
  2477    2.28746E-05
  2478   -5.45022E-05
  2479    4.21210E-05
  2480   -1.20834E-05
  2481   -7.24064E-05
  2482    6.08633E-05
  2483    4.51681E-05
  2484   -2.24356E-05
  2485    5.29254E-05
  2486    3.02402E-05
  2487    1.46074E-04
  2488    9.52493E-05
  2489    3.07027E-05
  2490   -9.24883E-05
  2491    5.20995E-05
  2492    6.88035E-05
  2493    1.82770E-04
  2494    3.59049E-05
  2495    4.69053E-06
  2496   -1.60030E-05
  2497    3.97036E-05
  2498   -2.23550E-06
  2499    6.49837E-05
  2500    1.09211E-05
  2501   -6.57131E-05
  2502    2.95321E-05
  2503   -1.17463E-04
  2504   -1.23961E-04
  2505    4.35749E-05
  2506    2.19891E-04
  2507    5.02100E-05
  2508   -6.51729E-05
  2509   -7.10378E-05
  2510    6.75650E-06
  2511    7.64700E-05
  2512   -2.50432E-05
  2513   -1.04563E-04
  2514    1.29471E-05
  2515    6.82470E-05
  2516   -7.78031E-05
  2517   -9.29535E-05
  2518    7.60814E-05
  2519    2.22094E-04
  2520   -1.92249E-05
  2521   -1.06170E-04
  2522   -5.12779E-05
  2523    9.05583E-05
  2524    1.12836E-04
  2525   -3.43453E-06
  2526   -1.50273E-04
  2527   -9.18987E-06
  2528    5.62826E-05
  2529   -8.37035E-05
  2530   -4.44520E-05
  2531   -4.45900E-05
  2532    2.99463E-05
  2533    1.31846E-04
  2534    5.29158E-05
  2535    5.86888E-06
  2536   -7.73783E-05
  2537    1.16785E-04
  2538    2.10107E-04
  2539    1.25501E-05
  2540   -4.27330E-05
  2541   -3.57447E-05
  2542   -8.25360E-06
  2543    7.59107E-05
  2544    1.29574E-04
  2545    1.19675E-04
  2546   -5.87040E-06
  2547   -1.30137E-04
  2548   -1.75715E-05
  2549   -1.25146E-04
  2550   -3.95447E-05
  2551    7.70236E-05
  2552    1.63130E-05
  2553    5.05301E-05
  2554    1.30407E-04
  2555    9.65752E-05
  2556    3.89345E-05
  2557    1.27021E-05
  2558   -9.64177E-05
  2559   -6.11700E-05
  2560    1.35049E-04
  2561    2.42422E-07
  2562    3.86690E-05
  2563    8.97416E-05
  2564   -1.86359E-04
  2565   -7.70437E-06
  2566    7.49446E-06
  2567   -1.05272E-05
  2568    1.14848E-04
  2569    7.30488E-05
  2570    2.12878E-05
  2571   -1.17010E-04
  2572   -1.44002E-04
  2573    2.51789E-05
  2574    5.95395E-05
  2575    3.40162E-05
  2576    1.88169E-04
  2577    1.91198E-04
  2578   -3.24646E-05
  2579   -1.55064E-04
  2580    1.10200E-04
  2581   -1.08974E-04
  2582   -1.44346E-04
  2583    4.30079E-06
  2584    6.74722E-05
  2585    1.26599E-04
  2586    7.48924E-05
  2587    2.28773E-06
  2588    1.49197E-04
  2589   -5.36641E-05
  2590    1.71704E-04
  2591    2.09205E-04
  2592    2.51711E-04
  2593   -2.01217E-05
  2594   -5.04327E-05
  2595   -8.12388E-05
  2596   -1.46236E-04
  2597    1.17247E-04
  2598    3.27673E-04
  2599    1.93038E-04
  2600   -8.20391E-05
  2601   -1.06211E-05
  2602   -1.75149E-04
  2603   -1.14349E-04
  2604    2.09280E-04
  2605   -7.66954E-06
  2606    2.10840E-04
  2607    7.62381E-05
  2608    2.29096E-04
  2609    4.61686E-05
  2610   -6.79464E-05
  2611    4.71592E-05
  2612   -9.08732E-05
  2613    5.95634E-06
  2614    4.88741E-05
  2615   -2.34452E-04
  2616    2.08529E-04
  2617   -5.04683E-06
  2618   -8.76323E-05
  2619   -5.65686E-05
  2620    9.66753E-05
  2621   -2.21050E-04
  2622    6.53671E-05
  2623    3.34577E-04
  2624    1.15013E-04
  2625   -2.29607E-04
  2626   -5.71406E-05
  2627   -4.43465E-05
  2628    3.30116E-04
  2629    1.20268E-04
  2630    7.98692E-05
  2631   -1.95248E-05
  2632    1.47503E-04
  2633   -3.41772E-04
  2634    5.07754E-05
  2635    1.61480E-04
  2636    1.22286E-04
  2637   -1.09471E-04
  2638   -8.06616E-06
  2639    3.65164E-04
  2640    1.66686E-04
  2641    1.33334E-04
  2642   -8.08067E-05
  2643   -1.36245E-04
  2644    3.53083E-06
  2645   -2.38990E-04
  2646    2.41824E-04
  2647    4.10554E-04
  2648   -7.04768E-05
  2649   -9.70549E-05
  2650    3.78428E-05
  2651    1.09498E-04
  2652   -1.23540E-04
  2653   -1.83901E-04
  2654    2.77459E-04
  2655    3.31378E-04
  2656   -9.39446E-05
  2657   -2.16422E-04
  2658    1.32654E-04
  2659   -1.52573E-05
  2660    2.11685E-04
  2661    1.66101E-04
  2662   -2.77277E-05
  2663   -1.56690E-04
  2664    6.73748E-05
  2665    5.34817E-05
  2666   -1.16865E-02
  2667    3.47790E-02
  2668   -1.93187E-05
  2669    2.67929E-05
  2670    9.74349E-06
  2671    1.46000E-02
  2672   -6.19114E-06
  2673    4.32283E-07
  2674    4.66154E-03
  2675   -6.48963E-02
  2676    7.07604E-03
  2677    7.04106E-03
  2678    7.06294E-03
  2679    7.06345E-03
  2680    7.04373E-03
  2681    7.00983E-03
  2682    6.99854E-03
  2683    6.98180E-03
  2684    6.99347E-03
  2685    6.92634E-03
  2686    6.94313E-03
  2687    6.87470E-03
  2688    6.88702E-03
  2689    6.89143E-03
  2690    6.88662E-03
  2691    6.83653E-03
  2692    6.87514E-03
  2693    6.81829E-03
  2694    6.92018E-03
  2695    6.84082E-03
  2696    6.82024E-03
  2697    6.83318E-03
  2698    6.59251E-03
  2699    6.67339E-03
  2700    6.84016E-03
