   400    1.44258E-09
   401    1.04404E-08
   402    1.85833E-08
   403    1.00000E-10
   404    1.06498E-08
   405    5.16029E-08
   406    1.53879E-08
   407    1.05227E-07
   408    2.29035E-07
   409    5.47459E-07
   410    1.00892E-06
   411    1.48495E-06
   412    1.63706E-06
   413    1.26125E-06
   414    8.43433E-07
   415    5.99363E-07
   416    5.92361E-07
   417    1.62443E-06
   418    2.96863E-06
   419    3.01550E-06
   420    1.67071E-06
   421    1.38161E-06
   422    2.70400E-06
   423    5.37262E-06
   424    6.95270E-06
   425    6.37576E-06
   426    5.37044E-06
   427    3.64131E-06
   428    1.39667E-06
   429    5.62388E-07
   430    7.38245E-07
   431    1.28460E-06
   432    2.03294E-06
   433    2.25921E-06
   434    2.19535E-06
   435    1.81321E-06
   436    1.07275E-06
   437    6.56495E-07
   438    2.60362E-07
   439    8.57828E-08
   440    1.00000E-10
   441    1.00000E-10
   442    1.04228E-09
   443    4.70010E-09
   444    1.00000E-10
   445    1.00000E-10
   446    1.00000E-10
   447    1.18669E-09
   448    5.40512E-09
   449    1.00000E-10
   450    1.00000E-10
   451    1.00000E-10
   452    1.00000E-10
   453    6.59422E-10
   454    2.83104E-09
   455    1.00000E-10
   456    7.71062E-09
   457    3.72542E-08
   458    1.00000E-10
   459    1.56916E-08
   460    7.62166E-08
   461    1.00000E-10
   462    2.08086E-09
   463    9.77034E-09
   464    1.00000E-10
   465    1.00000E-10
   466    1.00000E-10
   467    3.36902E-09
   468    2.60344E-08
   469    4.87990E-08
   470    2.56149E-09
   471    1.21167E-08
   472    1.00000E-10
   473    1.00000E-10
   474    1.00000E-10
   475    1.00000E-10
   476    1.00000E-10
   477    6.34375E-08
   478    4.68175E-07
   479    8.89412E-07
   480    5.68068E-07
   481    6.22471E-08
   482    1.00000E-10
   483    3.88771E-09
   484    1.85912E-08
   485    1.00000E-10
   486    1.00000E-10
   487    7.23138E-09
   488    3.49146E-08
   489    1.00000E-10
   490    1.00000E-10
   491    5.60767E-09
   492    2.69878E-08
   493    8.58360E-10
   494    3.80223E-09
   495    1.00000E-10
   496    1.00000E-10
   497    7.70380E-09
   498    3.72209E-08
   499    1.70600E-08
   500    1.70837E-07
   501    5.78705E-07
   502    8.24966E-07
   503    4.95372E-07
   504    1.44668E-07
   505    7.52870E-08
   506    1.00000E-10
   507    2.85033E-08
   508    1.57555E-07
   509    9.95337E-08
   510    3.97400E-08
   511    1.04557E-08
   512    1.00000E-10
   513    1.00000E-10
   514    1.00000E-10
   515    1.00000E-10
   516    1.00000E-10
   517    1.00000E-10
   518    1.00000E-10
   519    1.05671E-09
   520    4.77157E-09
   521    1.00000E-10
   522    1.00000E-10
   523    1.00000E-10
   524    1.00000E-10
   525    1.00000E-10
   526    1.00000E-10
   527    1.00000E-10
   528    1.00000E-10
   529    1.00000E-10
   530    1.00000E-10
   531    2.01217E-09
   532    9.43703E-09
   533    1.00000E-10
   534    1.00000E-10
   535    1.00000E-10
   536    5.92788E-09
   537    2.85572E-08
   538    3.90985E-10
   539    1.52086E-09
   540    1.51206E-09
   541    6.99501E-09
   542    4.55709E-09
   543    2.18637E-08
   544    1.00000E-10
   545    1.00000E-10
   546    1.00000E-10
   547    1.79249E-09
   548    8.36431E-09
   549    1.00000E-10
   550    1.00000E-10
   551    1.00000E-10
   552    1.00000E-10
   553    8.95444E-09
   554    4.33358E-08
   555    2.61567E-08
   556    1.27333E-07
   557    1.00000E-10
   558    1.00000E-10
   559    1.00000E-10
   560    1.00000E-10
   561    1.00000E-10
   562    1.00000E-10
   563    1.78955E-09
   564    8.34995E-09
   565    1.36836E-08
   566    6.64278E-08
   567    1.00000E-10
   568    1.00000E-10
   569    1.00000E-10
   570    1.00000E-10
   571    1.00459E-08
   572    8.53850E-08
   573    1.79399E-07
   574    1.00000E-10
   575    1.00000E-10
   576    1.00000E-10
   577    4.45195E-09
   578    2.13503E-08
   579    1.00000E-10
   580    1.00000E-10
   581    1.00000E-10
   582    1.00000E-10
   583    1.00000E-10
   584    1.00000E-10
   585    1.00000E-10
   586    8.63398E-09
   587    4.17709E-08
   588    1.00000E-10
   589    3.59821E-10
   590    1.36869E-09
   591    1.00000E-10
   592    1.00000E-10
   593    1.00000E-10
   594    6.62049E-09
   595    3.19392E-08
   596    1.00000E-10
   597    1.00000E-10
   598    1.00000E-10
   599    1.00000E-10
   600    1.00000E-10
   601    1.00000E-10
   602    1.00000E-10
   603    1.00000E-10
   604    1.00000E-10
   605    1.00000E-10
   606    1.00000E-10
   607    1.00000E-10
   608    1.00000E-10
   609    1.00000E-10
   610    1.00000E-10
   611    1.00000E-10
   612    1.00000E-10
   613    1.00000E-10
   614    1.00000E-10
   615    1.00000E-10
   616    1.00000E-10
   617    1.00000E-10
   618    1.00000E-10
   619    1.00000E-10
   620    1.00000E-10
   621    1.00000E-10
   622    1.00000E-10
   623    1.00000E-10
   624    1.00000E-10
   625    1.00000E-10
   626    1.00000E-10
   627    1.00000E-10
   628    7.39332E-09
   629    3.91323E-08
   630    2.18539E-08
   631    3.04487E-08
   632    2.77203E-08
   633    1.00000E-10
   634    1.00000E-10
   635    1.00000E-10
   636    9.64469E-09
   637    6.42467E-08
   638    2.20335E-07
   639    1.10809E-06
   640    2.92145E-06
   641    4.14547E-06
   642    3.45018E-06
   643    2.14033E-06
   644    1.80858E-06
   645    2.09986E-06
   646    2.89195E-06
   647    4.20686E-06
   648    5.98517E-06
   649    6.65577E-06
   650    5.73421E-06
   651    4.11405E-06
   652    3.20187E-06
   653    3.07151E-06
   654    2.91149E-06
   655    3.37560E-06
   656    4.23148E-06
   657    5.35540E-06
   658    6.57076E-06
   659    6.78485E-06
   660    6.27420E-06
   661    5.46365E-06
   662    4.27870E-06
   663    3.39489E-06
   664    2.81453E-06
   665    2.82226E-06
   666    2.83516E-06
   667    3.05659E-06
   668    3.36727E-06
   669    3.96897E-06
   670    5.04908E-06
   671    6.59320E-06
   672    8.51078E-06
   673    1.03574E-05
   674    1.06828E-05
   675    9.33071E-06
   676    7.23272E-06
   677    5.33571E-06
   678    3.70422E-06
   679    2.59948E-06
   680    1.28539E-06
   681    5.02675E-07
   682    2.51875E-07
   683    1.81804E-07
   684    5.90088E-08
   685    1.42962E-07
   686    1.00000E-10
   687    1.00000E-10
   688    1.00000E-10
   689    1.04658E-08
   690    5.07157E-08
   691    2.83153E-08
   692    1.95303E-07
   693    3.30571E-07
   694    2.95378E-07
   695    2.95526E-07
   696    2.80700E-07
   697    2.52115E-07
   698    8.65573E-09
   699    4.18772E-08
   700    1.00000E-10
   701    2.10047E-08
   702    1.02176E-07
   703    1.00000E-10
   704    3.56252E-09
   705    1.70073E-08
   706    1.00000E-10
   707    1.00000E-10
   708    1.00000E-10
   709    1.00000E-10
   710    8.73311E-09
   711    4.22550E-08
   712    1.00000E-10
   713    1.00000E-10
   714    4.69136E-09
   715    2.68537E-08
   716    2.12643E-08
   717    1.41279E-09
   718    6.51030E-09
   719    1.00000E-10
   720    1.00000E-10
   721    8.02486E-09
   722    3.87966E-08
   723    1.00000E-10
   724    1.00000E-10
   725    9.99749E-09
   726    4.84289E-08
   727    1.00000E-10
   728    1.00000E-10
   729    1.00000E-10
   730    1.00000E-10
   731    1.00000E-10
   732    1.00000E-10
   733    3.24875E-09
   734    2.44083E-08
   735    5.46847E-08
   736    6.70354E-08
   737    7.75700E-08
   738    5.89706E-08
   739    1.00000E-10
   740    1.00000E-10
   741    1.00000E-10
   742    1.00000E-10
   743    1.00000E-10
   744    1.00000E-10
   745    1.00000E-10
   746    7.49377E-10
   747    4.44986E-09
   748    1.04138E-08
   749    2.65467E-08
   750    2.39349E-08
   751    2.37143E-08
   752    3.56334E-08
   753    1.00000E-10
   754    1.00000E-10
   755    1.00000E-10
   756    1.00000E-10
   757    1.00000E-10
   758    1.00000E-10
   759    1.00000E-10
   760    1.00000E-10
   761    1.00000E-10
   762    1.00000E-10
   763    1.00000E-10
   764    1.00000E-10
   765    1.00000E-10
   766    1.00000E-10
   767    1.57648E-09
   768    1.01816E-07
   769    7.87293E-07
   770    2.36500E-06
   771    4.92084E-06
   772    6.69336E-06
   773    6.30335E-06
   774    4.21991E-06
   775    2.01380E-06
   776    5.93101E-07
   777    2.49694E-07
   778    3.97602E-08
   779    1.00000E-10
   780    1.00000E-10
   781    1.00000E-10
   782    1.00000E-10
   783    1.00000E-10
   784    1.00000E-10
   785    1.65831E-08
   786    8.76528E-08
   787    3.46060E-08
   788    1.00000E-10
   789    3.20595E-08
   790    1.56156E-07
   791    1.00000E-10
   792    1.00000E-10
   793    1.00000E-10
   794    2.32648E-08
   795    1.13212E-07
   796    1.00000E-10
   797    1.49560E-08
   798    7.26412E-08
   799    1.00000E-10
   800    1.00000E-10
   801    1.00000E-10
   802    1.00000E-10
   803    1.00000E-10
   804    1.00000E-10
   805    1.00000E-10
   806    2.64633E-08
   807    1.28831E-07
   808    1.00000E-10
   809    1.00000E-10
   810    1.00000E-10
   811    1.00000E-10
   812    2.43822E-08
   813    1.33713E-07
   814    7.35603E-08
   815    1.00000E-10
   816    1.00000E-10
   817    1.00000E-10
   818    4.01340E-09
   819    1.92089E-08
   820    5.52601E-09
   821    2.65949E-08
   822    2.54261E-08
   823    1.55337E-07
   824    1.80972E-07
   825    1.39590E-07
   826    9.24519E-08
   827    3.11987E-07
   828    4.30166E-07
   829    3.13517E-07
   830    3.11019E-07
   831    4.74320E-07
   832    6.34782E-07
   833    3.36721E-07
   834    4.96420E-07
   835    8.91348E-07
   836    8.71103E-07
   837    1.67145E-06
   838    3.43303E-06
   839    5.46358E-06
   840    5.82554E-06
   841    3.97088E-06
   842    2.52496E-06
   843    1.45769E-06
   844    8.85699E-07
   845    5.86487E-07
   846    1.11297E-07
   847    6.08226E-07
   848    3.18267E-07
   849    1.00000E-10
   850    1.54043E-08
   851    2.36865E-07
   852    7.91307E-07
   853    1.00000E-10
   854    7.65179E-08
   855    4.37387E-07
   856    3.13304E-07
   857    4.70661E-08
   858    2.45250E-07
   859    8.77829E-08
   860    3.01133E-07
   861    1.22086E-06
   862    9.79174E-08
   863    6.35236E-07
   864    9.99511E-07
   865    1.17028E-06
   866    3.51926E-07
   867    6.35711E-07
   868    1.00000E-10
   869    3.36363E-08
   870    2.72142E-07
   871    6.97288E-07
   872    9.53341E-07
   873    7.38713E-07
   874    4.88050E-07
   875    2.13372E-07
   876    1.04150E-06
   877    1.00000E-10
   878    4.43227E-07
   879    2.93524E-06
   880    3.76671E-06
   881    4.90197E-08
   882    2.38972E-07
   883    1.89561E-07
   884    1.02862E-06
   885    1.06177E-06
   886    2.71905E-06
   887    1.00000E-10
   888    4.67618E-07
   889    2.90944E-06
   890    3.05916E-06
   891    1.00000E-10
   892    1.75735E-06
   893    1.03317E-05
   894    9.83549E-06
   895    6.27412E-06
   896    2.21153E-06
   897    1.27566E-05
   898    1.05923E-05
   899    7.30439E-06
   900    1.23129E-05
   901    5.90450E-06
   902    1.68079E-06
   903    8.82420E-06
   904    6.16560E-06
   905    1.73873E-05
   906    9.77289E-06
   907    6.80448E-07
   908    4.09190E-06
   909    6.32845E-06
   910    1.39450E-05
   911    8.37640E-06
   912    8.16065E-06
   913    2.66368E-06
   914    4.73188E-07
   915    3.05429E-06
   916    5.16566E-06
   917    9.12951E-06
   918    9.13696E-06
   919    7.87758E-06
   920    1.36559E-05
   921    7.27857E-06
   922    1.01959E-05
   923    6.08396E-06
   924    1.42179E-05
   925    9.51947E-06
   926    2.86438E-06
   927    5.71043E-06
   928    1.43720E-05
   929    2.29888E-05
   930    4.14786E-06
   931    1.14793E-05
   932    8.53076E-06
   933    1.13894E-05
   934    1.51314E-05
   935    1.52891E-05
   936    8.67779E-06
   937    1.36325E-05
   938    1.18039E-05
   939    1.15954E-05
   940    6.63803E-06
   941    1.48692E-05
   942    2.30878E-05
   943    7.82866E-06
   944    7.53257E-06
   945    7.98108E-06
   946    7.39909E-06
   947    4.58885E-06
   948    1.21154E-05
   949    2.07260E-05
   950    2.25106E-05
   951    8.56921E-06
   952    1.45087E-05
   953    1.37695E-05
   954    1.80547E-05
   955    1.44300E-05
   956    1.24698E-05
   957    1.87946E-05
   958    9.57672E-06
   959    1.42672E-05
   960    1.88650E-05
   961    1.88114E-05
   962    1.38562E-05
   963    8.77524E-06
   964    3.35763E-06
   965    1.04003E-05
   966    9.98264E-06
   967    1.15653E-05
   968    7.19403E-06
   969    4.90018E-06
   970    6.48986E-06
   971    1.51527E-05
   972    1.06120E-05
   973    1.24819E-05
   974    8.70562E-06
   975    2.06436E-05
   976    1.43599E-05
   977    1.91249E-05
   978    4.02940E-06
   979    1.10350E-05
   980    1.21281E-05
   981    1.48065E-05
   982    1.34356E-05
   983    1.25895E-05
   984    2.30441E-06
   985    1.45618E-05
   986    1.81531E-05
   987    1.06714E-05
   988    1.02931E-05
   989    1.48091E-05
   990    8.87251E-06
   991    1.83716E-05
   992    8.07694E-06
   993    6.76383E-06
   994    8.33994E-06
   995    1.23604E-05
   996    1.01186E-05
   997    1.40743E-05
   998    7.51481E-06
   999    7.62034E-06
  1000    1.05558E-05
  1001    1.63867E-05
  1002    6.02228E-06
  1003    1.16610E-05
  1004    6.64773E-06
  1005    6.63903E-06
  1006    1.32005E-05
  1007    5.86132E-06
  1008    7.47693E-06
  1009    1.13987E-05
  1010    1.41256E-05
  1011    1.03538E-05
  1012    8.43398E-06
  1013    9.10343E-06
  1014    4.47911E-06
  1015    1.75854E-06
  1016    9.77735E-06
  1017    7.52464E-06
  1018    8.46488E-06
  1019    2.18370E-06
  1020    9.65895E-06
  1021    1.15449E-05
  1022    1.75468E-05
  1023    2.31669E-05
  1024    1.88370E-05
  1025    6.44257E-06
  1026    2.25243E-05
  1027    1.85035E-05
  1028    9.61759E-06
  1029    1.92856E-05
  1030    2.48958E-05
  1031    2.17829E-05
  1032    1.78419E-05
  1033    1.82718E-05
  1034    1.72119E-05
  1035    2.56076E-05
  1036    2.53688E-05
  1037    1.38977E-05
  1038    1.52351E-05
  1039    1.43812E-05
  1040    1.16544E-05
  1041    1.58306E-05
  1042    1.27701E-05
  1043    1.70240E-05
  1044    2.48848E-05
  1045    1.36627E-05
  1046    1.06869E-05
  1047    9.20805E-06
  1048    3.01428E-06
  1049    1.80010E-05
  1050    1.99287E-05
  1051    2.01344E-05
  1052    7.90162E-06
  1053    1.17683E-05
  1054    1.43321E-05
  1055    1.63502E-05
  1056    7.93555E-06
  1057    2.61408E-06
  1058    1.49912E-05
  1059    1.33570E-05
  1060    1.37704E-05
  1061    1.04430E-05
  1062    1.13045E-05
  1063    1.41601E-05
  1064    1.45958E-05
  1065    1.53478E-05
  1066    1.55520E-05
  1067    1.04640E-05
  1068    7.00036E-06
  1069    1.04269E-05
  1070    1.67453E-05
  1071    2.46782E-05
  1072    1.00694E-05
  1073    7.51759E-06
  1074    9.40484E-06
  1075    7.47416E-06
  1076    1.64307E-05
  1077    3.27130E-06
  1078    1.09883E-05
  1079    1.87483E-05
  1080    7.02826E-06
  1081    1.05690E-05
  1082    3.61417E-06
  1083    9.38051E-06
  1084    6.75803E-06
  1085    9.19078E-06
  1086    1.13942E-05
  1087    1.15703E-05
  1088    1.27154E-05
  1089    1.03920E-05
  1090    6.39356E-06
  1091    1.66574E-05
  1092    8.32394E-06
  1093    8.80818E-06
  1094    5.33138E-06
  1095    4.35942E-06
  1096    5.02905E-06
  1097    9.66021E-06
  1098    3.64919E-06
  1099    8.36573E-06
  1100    5.60512E-07
  1101    4.48649E-06
  1102    1.06143E-05
  1103    1.06389E-05
  1104    4.27379E-06
  1105    1.04440E-05
  1106    1.45526E-05
  1107    9.80295E-06
  1108    1.11997E-05
  1109    8.53032E-06
  1110    6.42292E-06
  1111    1.02034E-05
  1112    1.58281E-05
  1113    1.16485E-05
  1114    1.30284E-05
  1115    7.94582E-06
  1116    1.63347E-05
  1117    1.42073E-05
  1118    2.14725E-05
  1119    1.97511E-05
  1120    1.75332E-05
  1121    1.62247E-05
  1122    1.38331E-05
  1123    1.35307E-05
  1124    1.72238E-05
  1125    1.97643E-05
  1126    1.64216E-05
  1127    1.14731E-05
  1128    1.16538E-05
  1129    6.49599E-06
  1130    8.44330E-06
  1131    9.27887E-06
  1132    7.82249E-06
  1133    3.83597E-06
  1134    1.33787E-05
  1135    3.45171E-06
  1136    1.04786E-05
  1137    1.57985E-05
  1138    1.05983E-05
  1139    1.06123E-06
  1140    4.77833E-06
  1141    4.03025E-06
  1142    4.07381E-06
  1143    3.39367E-06
  1144    1.06736E-05
  1145    1.38721E-05
  1146    5.81586E-06
  1147    6.82969E-06
  1148    3.82043E-06
  1149    6.15495E-06
  1150    8.09437E-06
  1151    6.24707E-06
  1152    6.87378E-06
  1153    9.48873E-06
  1154    4.81960E-06
  1155    5.79976E-06
  1156    5.99289E-06
  1157    2.64856E-06
  1158    1.68035E-06
  1159    9.13423E-06
  1160    5.84227E-06
  1161    7.82415E-06
  1162    9.18375E-06
  1163    9.72296E-06
  1164    8.27569E-06
  1165    5.02189E-06
  1166    8.90358E-06
  1167    1.16529E-05
  1168    1.17001E-05
  1169    8.51498E-06
  1170    9.72447E-06
  1171    9.03919E-06
  1172    4.91926E-06
  1173    4.31548E-06
  1174    1.61542E-05
  1175    1.38809E-05
  1176    1.26546E-05
  1177    1.37022E-05
  1178    8.70932E-06
  1179    8.59235E-06
  1180    3.50898E-06
  1181    1.16657E-05
  1182    1.17314E-05
  1183    1.73429E-05
  1184    9.57757E-06
  1185    2.10253E-05
  1186    1.24651E-05
  1187    8.82807E-06
  1188    2.87986E-06
  1189    9.04443E-07
  1190    4.41405E-06
  1191    1.84154E-06
  1192    8.98786E-06
  1193    1.03587E-06
  1194    6.46982E-06
  1195    8.38176E-06
  1196    8.11445E-06
  1197    5.08667E-06
  1198    5.20655E-06
  1199    8.54176E-06
  1200    5.57943E-07
  1201    2.99312E-06
  1202    2.15403E-06
  1203    5.50825E-06
  1204    8.00372E-06
  1205    4.90204E-06
  1206    1.32862E-06
  1207    6.48438E-06
  1208    2.84794E-07
  1209    2.23372E-06
  1210    5.07294E-06
  1211    6.38548E-06
  1212    8.49123E-06
  1213    3.14014E-06
  1214    1.46357E-05
  1215    1.00000E-10
  1216    1.45089E-06
  1217    8.43829E-06
  1218    6.98454E-06
  1219    2.63252E-06
  1220    6.12580E-06
  1221    1.06142E-05
  1222    8.11458E-06
  1223    4.62741E-06
  1224    5.23185E-06
  1225    1.21217E-05
  1226    7.12512E-06
  1227    1.44183E-05
  1228    7.45277E-06
  1229    1.47858E-05
  1230    8.18925E-06
  1231    5.45865E-06
  1232    1.22127E-05
  1233    1.48690E-05
  1234    1.31804E-05
  1235    1.04620E-05
  1236    1.36932E-05
  1237    1.17169E-05
  1238    1.63660E-05
  1239    1.38704E-05
  1240    1.13165E-05
  1241    1.47968E-05
  1242    1.68147E-05
  1243    1.43190E-05
  1244    5.93103E-06
  1245    3.91891E-06
  1246    9.07373E-06
  1247    1.07597E-05
  1248    1.05909E-05
  1249    1.23653E-05
  1250    2.63752E-06
  1251    2.13868E-06
  1252    1.03986E-05
  1253    1.16242E-05
  1254    4.22991E-06
  1255    1.12550E-06
  1256    6.06450E-06
  1257    2.78961E-06
  1258    1.33662E-06
  1259    6.52342E-06
  1260    7.99626E-07
  1261    5.34728E-06
  1262    8.06443E-06
  1263    7.24277E-06
  1264    1.18252E-05
  1265    4.40917E-06
  1266    9.39526E-06
  1267    1.09347E-05
  1268    7.80405E-06
  1269    1.12194E-05
  1270    9.53364E-06
  1271    5.57504E-06
  1272    1.02430E-05
  1273    8.17795E-06
  1274    1.37486E-05
  1275    7.46198E-06
  1276    7.40126E-06
  1277    6.40286E-06
  1278    7.49411E-06
  1279    1.14340E-05
  1280    1.10190E-05
  1281    9.38013E-06
  1282    1.61615E-05
  1283    1.74065E-05
  1284    9.41529E-06
  1285    6.89869E-06
  1286    7.73250E-06
  1287    5.07631E-06
  1288    1.00000E-10
  1289    3.83780E-07
  1290    4.05591E-06
  1291    1.26803E-05
  1292    1.20196E-05
  1293    1.21719E-05
  1294    1.03825E-05
  1295    1.17848E-05
  1296    1.28714E-05
  1297    4.89484E-06
  1298    1.79598E-05
  1299    1.04095E-05
  1300    8.49927E-06
  1301    1.58190E-05
  1302    1.22319E-05
  1303    9.85610E-06
  1304    1.65056E-05
  1305    1.01977E-05
  1306    7.42308E-06
  1307    1.19208E-05
  1308    6.08087E-06
  1309    3.51430E-06
  1310    8.52515E-07
  1311    6.04198E-06
  1312    9.18282E-06
  1313    1.18114E-06
  1314    7.42045E-06
  1315    8.83893E-06
  1316    4.85943E-06
  1317    7.64820E-06
  1318    9.54974E-06
  1319    2.22058E-07
  1320    1.08344E-06
  1321    1.00000E-10
  1322    1.65350E-06
  1323    8.07008E-06
  1324    1.00000E-10
  1325    5.52597E-07
  1326    2.69674E-06
  1327    1.00000E-10
  1328    1.00000E-10
  1329    1.26592E-06
  1330    6.32051E-06
  1331    1.92935E-06
  1332    7.32488E-06
  1333    7.52687E-06
  1334    7.38792E-06
  1335    7.95449E-06
  1336    4.10296E-06
  1337    6.26439E-06
  1338    7.05213E-06
  1339    1.79416E-05
  1340    1.42280E-05
  1341    2.31640E-05
  1342    2.57324E-05
  1343    2.22249E-05
  1344    2.65973E-05
  1345    2.60196E-05
  1346    2.35634E-05
  1347    2.83678E-05
  1348    1.01782E-05
  1349    1.45706E-05
  1350    1.65291E-05
  1351    4.11898E-06
  1352    5.68057E-06
  1353    7.13144E-06
  1354    5.45559E-06
  1355    6.62911E-06
  1356    3.30237E-06
  1357    8.54880E-07
  1358    1.00000E-10
  1359    4.02922E-09
  1360    1.01223E-07
  1361    1.98115E-06
  1362    8.67856E-06
  1363    4.69265E-06
  1364    1.00000E-10
  1365    9.88977E-08
  1366    4.82315E-07
  1367    1.00000E-10
  1368    9.78385E-07
  1369    4.77495E-06
  1370    4.41663E-07
  1371    2.63509E-06
  1372    3.64462E-06
  1373    7.38550E-06
  1374    5.01281E-06
  1375    1.00000E-10
  1376    1.00000E-10
  1377    1.00000E-10
  1378    1.00000E-10
  1379    1.13180E-06
  1380    5.52375E-06
  1381    1.00000E-10
  1382    7.06565E-07
  1383    4.42652E-06
  1384    6.86571E-06
  1385    1.18627E-05
  1386    8.31832E-06
  1387    1.10222E-06
  1388    1.00000E-10
  1389    2.65919E-07
  1390    1.30382E-06
  1391    2.76784E-07
  1392    1.20038E-06
  1393    1.00000E-10
  1394    5.53627E-07
  1395    4.44991E-06
  1396    8.53246E-06
  1397    6.10509E-09
  1398    2.94098E-08
  1399    1.00000E-10
  1400    1.07750E-06
  1401    5.25872E-06
  1402    2.48213E-07
  1403    1.21110E-06
  1404    1.00000E-10
  1405    3.91813E-07
  1406    2.23608E-06
  1407    2.07728E-06
  1408    2.41789E-06
  1409    1.00000E-10
  1410    1.00000E-10
  1411    1.00000E-10
  1412    3.89380E-07
  1413    1.90011E-06
  1414    1.00000E-10
  1415    1.00000E-10
  1416    1.58338E-07
  1417    2.04344E-06
  1418    6.20365E-06
  1419    1.00000E-10
  1420    1.00000E-10
  1421    1.00000E-10
  1422    1.00000E-10
  1423    1.00000E-10
  1424    1.00000E-10
  1425    1.00000E-10
  1426    3.81765E-07
  1427    1.86294E-06
  1428    1.00000E-10
  1429    6.53326E-07
  1430    3.53047E-06
  1431    1.87791E-06
  1432    1.01609E-06
  1433    1.00000E-10
  1434    1.00000E-10
  1435    4.05923E-07
  1436    2.17255E-06
  1437    1.30272E-06
  1438    2.00877E-06
  1439    1.06085E-06
  1440    1.42782E-07
  1441    6.96506E-07
  1442    1.80546E-06
  1443    8.81174E-06
  1444    1.00000E-10
  1445    6.22684E-07
  1446    3.03883E-06
  1447    1.00000E-10
  1448    4.28738E-07
  1449    2.64885E-06
  1450    3.59737E-06
  1451    4.69607E-06
  1452    2.46476E-06
  1453    3.62339E-06
  1454    6.50589E-06
  1455    6.66476E-06
  1456    5.17945E-06
  1457    1.12852E-06
  1458    1.00000E-10
  1459    1.00000E-10
  1460    9.54851E-07
  1461    4.66008E-06
  1462    1.00000E-10
  1463    4.36023E-07
  1464    2.86278E-06
  1465    3.58756E-06
  1466    4.71618E-07
  1467    2.30150E-06
  1468    1.00000E-10
  1469    1.00000E-10
  1470    1.80153E-07
  1471    2.59275E-06
  1472    8.36506E-06
  1473    1.00000E-10
  1474    1.00000E-10
  1475    1.00000E-10
  1476    1.00000E-10
  1477    1.00000E-10
  1478    1.07003E-07
  1479    1.26867E-06
  1480    3.64505E-06
  1481    1.00000E-10
  1482    7.52876E-07
  1483    3.67427E-06
  1484    6.97880E-07
  1485    3.40585E-06
  1486    1.00000E-10
  1487    6.64161E-09
  1488    3.20285E-08
  1489    1.00000E-10
  1490    1.00000E-10
  1491    1.00000E-10
  1492    7.02164E-07
  1493    3.42676E-06
  1494    3.55607E-07
  1495    2.03850E-06
  1496    1.48010E-06
  1497    1.00000E-10
  1498    1.00000E-10
  1499    1.58965E-07
  1500    1.40545E-06
  1501    3.20968E-06
  1502    6.58368E-07
  1503    3.57176E-08
  1504    4.81750E-07
  1505    1.50245E-06
  1506    1.00000E-10
  1507    1.70875E-07
  1508    8.33625E-07
  1509    5.99430E-07
  1510    2.92533E-06
  1511    1.00000E-10
  1512    9.39805E-07
  1513    4.58664E-06
  1514    1.00000E-10
  1515    1.00000E-10
  1516    1.57187E-07
  1517    1.33385E-06
  1518    2.76771E-06
  1519    1.00000E-10
  1520    1.13863E-06
  1521    5.55708E-06
  1522    1.00000E-10
  1523    5.74260E-07
  1524    2.80248E-06
  1525    1.00000E-10
  1526    9.01777E-07
  1527    4.74744E-06
  1528    1.69084E-06
  1529    1.00000E-10
  1530    7.57776E-08
  1531    5.01572E-07
  1532    9.84805E-07
  1533    1.69561E-06
  1534    8.40876E-07
  1535    3.23825E-06
  1536    1.00000E-10
  1537    4.48298E-07
  1538    2.18768E-06
  1539    2.46419E-07
  1540    1.41998E-06
  1541    1.06234E-06
  1542    1.59980E-06
  1543    8.64584E-06
  1544    4.08972E-06
  1545    6.93609E-07
  1546    3.38500E-06
  1547    1.00000E-10
  1548    3.31252E-07
  1549    1.61640E-06
  1550    4.29259E-08
  1551    2.09126E-07
  1552    1.00000E-10
  1553    1.00000E-10
  1554    1.16414E-06
  1555    6.42494E-06
  1556    3.80063E-06
  1557    1.27834E-06
  1558    2.32626E-06
  1559    9.32332E-07
  1560    1.93709E-06
  1561    9.45421E-06
  1562    1.00000E-10
  1563    1.00000E-10
  1564    1.00000E-10
  1565    2.66297E-07
  1566    1.42903E-06
  1567    9.54480E-07
  1568    2.07116E-06
  1569    3.05037E-06
  1570    3.69572E-06
  1571    3.71663E-06
  1572    3.02964E-07
  1573    1.47833E-06
  1574    1.11372E-06
  1575    5.98106E-06
  1576    2.66296E-06
  1577    1.00000E-10
  1578    1.00000E-10
  1579    1.00000E-10
  1580    1.00000E-10
  1581    1.29026E-06
  1582    6.29715E-06
  1583    1.00000E-10
  1584    1.66587E-07
  1585    1.75310E-06
  1586    6.18575E-06
  1587    7.78843E-06
  1588    1.00000E-10
  1589    3.31443E-08
  1590    1.61384E-07
  1591    5.22774E-07
  1592    2.55119E-06
  1593    1.00000E-10
  1594    9.26435E-07
  1595    4.52139E-06
  1596    1.00000E-10
  1597    1.00000E-10
  1598    6.38181E-07
  1599    4.59499E-06
  1600    7.22626E-06
  1601    1.00000E-10
  1602    1.35582E-07
  1603    6.61363E-07
  1604    1.00000E-10
  1605    4.28888E-07
  1606    2.09294E-06
  1607    9.24365E-07
  1608    4.51128E-06
  1609    1.00000E-10
  1610    1.00000E-10
  1611    7.22994E-07
  1612    3.52843E-06
  1613    1.00000E-10
  1614    1.00000E-10
  1615    1.00000E-10
  1616    1.00000E-10
  1617    8.96289E-07
  1618    4.37425E-06
  1619    1.03606E-07
  1620    5.05294E-07
  1621    1.20992E-06
  1622    7.66128E-06
  1623    9.07588E-06
  1624    2.86348E-06
  1625    1.97525E-06
  1626    4.12856E-07
  1627    2.01469E-06
  1628    2.99827E-08
  1629    1.45952E-07
  1630    1.41755E-06
  1631    8.00514E-06
  1632    5.68964E-06
  1633    1.97640E-06
  1634    4.61436E-07
  1635    1.00000E-10
  1636    1.00000E-10
  1637    2.23829E-06
  1638    1.09243E-05
  1639    5.27717E-07
  1640    3.73012E-06
  1641    5.94018E-06
  1642    1.48220E-06
  1643    1.00000E-10
  1644    1.75252E-07
  1645    8.54988E-07
  1646    1.00531E-06
  1647    4.98861E-06
  1648    4.01528E-07
  1649    1.00000E-10
  1650    1.00000E-10
  1651    6.82695E-07
  1652    3.33173E-06
  1653    1.00000E-10
  1654    1.00000E-10
  1655    1.00000E-10
  1656    1.51139E-06
  1657    7.70033E-06
  1658    1.58090E-06
  1659    1.00000E-10
  1660    1.00000E-10
  1661    1.00000E-10
  1662    7.53677E-08
  1663    3.67469E-07
  1664    6.71143E-07
  1665    3.27535E-06
  1666    4.45919E-07
  1667    2.17607E-06
  1668    1.00000E-10
  1669    9.22932E-07
  1670    4.50429E-06
  1671    1.00000E-10
  1672    1.28311E-07
  1673    1.01930E-06
  1674    1.92032E-06
  1675    1.00000E-10
  1676    1.00000E-10
  1677    3.63826E-07
  1678    2.59832E-06
  1679    4.33394E-06
  1680    1.80042E-06
  1681    1.46024E-06
  1682    1.45026E-06
  1683    2.31907E-06
  1684    4.89187E-06
  1685    6.85081E-06
  1686    1.00000E-10
  1687    1.00000E-10
  1688    1.00000E-10
  1689    8.10830E-07
  1690    3.95714E-06
  1691    6.20704E-07
  1692    3.02917E-06
  1693    1.00000E-10
  1694    1.10849E-06
  1695    6.21056E-06
  1696    3.97153E-06
  1697    1.16267E-06
  1698    4.15420E-06
  1699    1.10939E-06
  1700    6.89940E-06
  1701    7.54532E-06
  1702    1.44932E-06
  1703    8.81953E-07
  1704    5.84750E-06
  1705    7.72942E-06
  1706    9.62235E-07
  1707    1.28500E-07
  1708    6.26799E-07
  1709    2.00783E-06
  1710    9.79947E-06
  1711    1.15717E-07
  1712    7.25699E-07
  1713    7.87343E-07
  1714    1.00000E-10
  1715    1.00000E-10
  1716    2.86828E-07
  1717    2.02901E-06
  1718    3.55806E-06
  1719    2.59261E-06
  1720    1.08144E-06
  1721    9.81519E-07
  1722    5.36327E-06
  1723    2.89825E-06
  1724    4.94560E-07
  1725    1.00000E-10
  1726    2.79406E-08
  1727    1.35985E-07
  1728    1.00000E-10
  1729    8.39347E-07
  1730    4.09632E-06
  1731    1.63960E-07
  1732    7.99874E-07
  1733    1.00000E-10
  1734    6.33985E-07
  1735    3.11138E-06
  1736    8.49846E-08
  1737    6.21242E-07
  1738    3.45619E-06
  1739    2.07154E-06
  1740    4.33267E-07
  1741    2.11431E-06
  1742    1.79483E-07
  1743    8.75637E-07
  1744    1.00000E-10
  1745    5.97918E-07
  1746    3.16973E-06
  1747    1.29488E-06
  1748    7.61969E-07
  1749    3.15624E-06
  1750    4.91908E-06
  1751    5.50338E-07
  1752    2.68572E-06
  1753    1.00000E-10
  1754    1.00000E-10
  1755    2.85660E-07
  1756    1.56574E-06
  1757    8.38945E-07
  1758    9.12025E-07
  1759    4.45105E-06
  1760    7.89852E-07
  1761    4.73523E-06
  1762    4.98531E-06
  1763    4.26685E-06
  1764    4.44221E-06
  1765    5.06788E-07
  1766    2.47316E-06
  1767    1.32346E-06
  1768    7.59198E-06
  1769    5.52912E-06
  1770    1.00000E-10
  1771    1.00000E-10
  1772    4.99398E-07
  1773    2.43709E-06
  1774    1.00000E-10
  1775    1.00000E-10
  1776    1.00000E-10
  1777    1.00000E-10
  1778    9.86806E-07
  1779    4.81604E-06
  1780    2.31394E-07
  1781    1.75559E-06
  1782    3.28497E-06
  1783    1.10611E-06
  1784    1.00000E-10
  1785    1.07098E-06
  1786    5.22689E-06
  1787    1.00000E-10
  1788    1.00000E-10
  1789    2.58563E-07
  1790    1.32188E-06
  1791    1.32759E-06
  1792    5.04371E-06
  1793    2.50882E-07
  1794    1.58693E-06
  1795    1.77089E-06
  1796    5.66146E-08
  1797    1.18655E-06
  1798    4.44462E-06
  1799    4.69153E-07
  1800    3.25149E-06
  1801    4.70125E-06
  1802    2.78839E-08
  1803    6.52868E-07
  1804    3.46998E-06
  1805    2.53786E-06
  1806    5.63738E-06
  1807    3.75976E-07
  1808    1.73928E-06
  1809    9.80071E-07
  1810    3.64822E-07
  1811    2.26800E-06
  1812    2.38072E-06
  1813    8.89141E-07
  1814    4.33936E-06
  1815    2.20365E-06
  1816    1.18659E-05
  1817    5.48299E-06
  1818    3.02377E-07
  1819    1.00000E-10
  1820    1.00000E-10
  1821    5.48395E-08
  1822    7.75602E-07
  1823    2.85079E-06
  1824    1.80418E-06
  1825    1.04148E-06
  1826    5.08292E-06
  1827    1.00000E-10
  1828    1.00000E-10
  1829    1.00000E-10
  1830    1.00000E-10
  1831    2.78470E-07
  1832    2.12360E-06
  1833    3.73306E-06
  1834    2.31557E-08
  1835    6.07578E-07
  1836    4.19220E-06
  1837    8.99500E-06
  1838    3.24025E-06
  1839    8.24030E-06
  1840    8.01426E-07
  1841    2.67691E-07
  1842    1.55062E-06
  1843    1.80553E-06
  1844    3.53714E-06
  1845    2.75197E-06
  1846    3.66531E-07
  1847    1.38812E-06
  1848    6.98511E-06
  1849    1.02670E-06
  1850    7.89328E-07
  1851    3.85219E-06
  1852    8.81040E-07
  1853    4.29982E-06
  1854    1.00000E-10
  1855    3.92697E-07
  1856    1.95666E-06
  1857    1.97099E-07
  1858    1.33198E-06
  1859    6.50077E-06
  1860    1.07810E-06
  1861    5.26162E-06
  1862    2.10572E-06
  1863    1.10047E-05
  1864    4.21004E-06
  1865    3.21893E-06
  1866    3.25156E-07
  1867    1.58664E-06
  1868    3.30066E-08
  1869    3.64259E-07
  1870    9.93582E-07
  1871    1.00000E-10
  1872    4.74504E-07
  1873    2.62288E-06
  1874    1.49995E-06
  1875    1.06025E-06
  1876    5.71218E-06
  1877    2.62427E-06
  1878    3.09437E-07
  1879    2.06938E-06
  1880    2.73073E-06
  1881    1.00000E-10
  1882    6.14402E-07
  1883    2.99841E-06
  1884    1.00000E-10
  1885    1.21359E-06
  1886    6.46397E-06
  1887    3.68754E-06
  1888    5.10933E-06
  1889    9.24386E-07
  1890    4.51138E-06
  1891    2.12092E-06
  1892    1.03515E-05
  1893    1.00000E-10
  1894    2.23266E-07
  1895    1.25785E-06
  1896    8.22614E-07
  1897    5.10077E-07
  1898    2.81758E-06
  1899    1.60281E-06
  1900    4.75172E-07
  1901    2.31885E-06
  1902    2.53727E-07
  1903    1.23801E-06
  1904    6.73506E-07
  1905    3.28688E-06
  1906    1.00000E-10
  1907    6.38078E-07
  1908    3.11396E-06
  1909    1.00000E-10
  1910    2.33254E-07
  1911    1.13809E-06
  1912    2.72502E-07
  1913    1.32965E-06
  1914    2.30744E-06
  1915    1.13193E-05
  1916    2.80574E-07
  1917    1.00000E-10
  1918    6.89426E-07
  1919    3.36458E-06
  1920    3.80419E-07
  1921    2.32004E-06
  1922    3.11225E-06
  1923    4.70169E-06
  1924    3.15631E-06
  1925    2.12553E-06
  1926    1.00000E-10
  1927    3.07844E-07
  1928    1.50215E-06
  1929    1.00000E-10
  1930    1.00000E-10
  1931    6.22440E-07
  1932    3.03764E-06
  1933    2.03029E-06
  1934    9.90911E-06
  1935    4.98519E-07
  1936    2.43280E-06
  1937    8.86794E-07
  1938    4.67910E-06
  1939    1.71424E-06
  1940    4.30731E-07
  1941    2.10194E-06
  1942    5.11434E-07
  1943    2.70754E-06
  1944    1.03341E-06
  1945    1.00000E-10
  1946    1.00000E-10
  1947    1.00000E-10
  1948    6.45983E-07
  1949    3.90398E-06
  1950    3.95902E-06
  1951    1.42177E-06
  1952    6.90951E-07
  1953    3.37203E-06
  1954    4.32452E-07
  1955    2.11034E-06
  1956    3.33014E-07
  1957    1.62500E-06
  1958    1.10333E-06
  1959    6.00994E-06
  1960    3.58260E-06
  1961    3.59800E-06
  1962    4.90841E-06
  1963    7.68799E-07
  1964    3.81422E-06
  1965    3.03820E-07
  1966    5.56253E-07
  1967    2.71459E-06
  1968    2.76963E-08
  1969    2.29774E-07
  1970    1.73114E-06
  1971    6.18634E-06
  1972    1.05446E-06
  1973    5.14626E-06
  1974    1.00000E-10
  1975    1.73720E-06
  1976    8.47860E-06
  1977    3.12659E-07
  1978    1.52565E-06
  1979    8.47221E-07
  1980    4.13476E-06
  1981    1.49929E-06
  1982    8.16097E-06
  1983    5.82979E-06
  1984    8.53243E-06
  1985    1.36980E-06
  1986    2.53010E-06
  1987    1.00000E-10
  1988    7.66812E-08
  1989    3.73880E-07
  1990    1.43477E-07
  1991    6.99900E-07
  1992    1.00000E-10
  1993    9.72075E-07
  1994    5.34984E-06
  1995    2.95637E-06
  1996    4.11152E-07
  1997    2.00638E-06
  1998    7.95887E-07
  1999    3.88420E-06
  2000    1.18527E-06
  2001    6.15706E-06
  2002    1.81737E-06
  2003    1.00000E-10
  2004    1.00000E-10
  2005    1.00000E-10
  2006    1.00000E-10
  2007    1.32666E-06
  2008    7.49083E-06
  2009    5.47256E-06
  2010    2.50674E-06
  2011    1.00000E-10
  2012    7.16420E-07
  2013    4.08788E-06
  2014    2.88733E-06
  2015    1.00000E-10
  2016    1.00000E-10
  2017    1.00000E-10
  2018    4.39735E-07
  2019    3.12719E-06
  2020    4.78971E-06
  2021    1.89888E-06
  2022    9.83868E-06
  2023    3.85948E-06
  2024    5.23536E-06
  2025    1.00000E-10
  2026    1.00000E-10
  2027    6.83532E-07
  2028    3.33582E-06
  2029    1.00000E-10
  2030    1.00000E-10
  2031    1.02187E-06
  2032    4.98719E-06
  2033    8.51066E-07
  2034    4.15352E-06
  2035    3.93352E-07
  2036    3.03905E-06
  2037    5.50605E-06
  2038    2.86383E-07
  2039    2.25108E-06
  2040    9.00446E-06
  2041    5.96463E-08
  2042    2.90736E-07
  2043    1.00000E-10
  2044    1.00000E-10
  2045    6.08124E-07
  2046    2.96777E-06
  2047    1.00000E-10
  2048    1.00000E-10
  2049    1.00000E-10
  2050    1.02194E-06
  2051    4.99187E-06
  2052    1.34006E-06
  2053    6.54588E-06
  2054    3.12941E-07
  2055    1.52835E-06
  2056    1.05608E-06
  2057    5.15860E-06
  2058    1.00000E-10
  2059    1.71730E-06
  2060    8.38870E-06
  2061    1.00000E-10
  2062    1.03543E-07
  2063    7.38717E-07
  2064    1.13974E-06
  2065    7.35495E-07
  2066    3.59255E-06
  2067    1.00000E-10
  2068    6.88832E-07
  2069    3.36460E-06
  2070    1.00000E-10
  2071    1.00000E-10
  2072    1.00000E-10
  2073    2.24478E-07
  2074    1.59181E-06
  2075    2.42120E-06
  2076    1.00000E-10
  2077    1.02923E-07
  2078    5.02398E-07
  2079    1.38116E-06
  2080    6.75547E-06
  2081    4.31191E-08
  2082    1.43849E-06
  2083    7.02674E-06
  2084    2.01558E-07
  2085    9.84232E-07
  2086    1.00000E-10
  2087    1.00000E-10
  2088    5.26078E-07
  2089    2.56953E-06
  2090    1.00000E-10
  2091    4.89388E-07
  2092    2.39030E-06
  2093    1.00000E-10
  2094    1.00000E-10
  2095    4.93905E-07
  2096    3.12501E-06
  2097    3.48139E-06
  2098    1.40156E-07
  2099    1.27353E-06
  2100    3.99583E-06
  2101    6.36384E-06
  2102    4.42623E-06
  2103    1.00000E-10
  2104    8.77546E-07
  2105    4.28647E-06
  2106    1.00000E-10
  2107    1.22336E-06
  2108    5.97577E-06
  2109    5.99307E-07
  2110    2.92726E-06
  2111    1.00000E-10
  2112    4.48204E-07
  2113    2.77391E-06
  2114    2.85683E-06
  2115    1.00000E-10
  2116    1.00000E-10
  2117    3.51163E-08
  2118    1.71157E-07
  2119    1.00000E-10
  2120    1.00000E-10
  2121    1.00000E-10
  2122    1.00000E-10
  2123    3.95639E-07
  2124    4.29562E-06
  2125    1.15449E-05
  2126    6.07377E-07
  2127    3.05423E-06
  2128    4.27755E-07
  2129    1.00000E-10
  2130    1.00000E-10
  2131    1.00000E-10
  2132    1.00000E-10
  2133    2.62165E-07
  2134    1.28030E-06
  2135    4.73472E-07
  2136    2.31255E-06
  2137    4.34453E-07
  2138    2.22993E-06
  2139    5.27672E-07
  2140    1.00000E-10
  2141    1.00000E-10
  2142    1.00000E-10
  2143    1.00000E-10
  2144    1.00000E-10
  2145    1.00000E-10
  2146    1.00000E-10
  2147    1.00000E-10
  2148    5.60303E-07
  2149    3.58971E-06
  2150    4.16698E-06
  2151    2.12693E-07
  2152    2.03759E-06
  2153    7.11432E-06
  2154    1.13153E-05
  2155    2.15700E-06
  2156    9.70138E-07
  2157    1.57367E-07
  2158    9.87047E-07
  2159    1.58560E-06
  2160    2.62202E-06
  2161    4.65980E-07
  2162    1.00000E-10
  2163    9.96021E-07
  2164    4.86523E-06
  2165    2.98988E-06
  2166    1.48675E-05
  2167    2.39147E-06
  2168    5.80097E-06
  2169    2.31607E-06
  2170    3.45744E-06
  2171    6.26172E-06
  2172    5.99724E-06
  2173    9.66796E-06
  2174    1.23716E-05
  2175    6.22441E-06
  2176    1.66672E-06
  2177    1.19172E-06
  2178    1.05116E-06
  2179    7.34446E-06
  2180    1.15741E-05
  2181    4.26582E-06
  2182    3.56289E-06
  2183    7.87910E-06
  2184    8.30662E-06
  2185    4.74506E-06
  2186    1.28705E-06
  2187    7.42831E-06
  2188    7.65222E-06
  2189    1.21532E-05
  2190    9.98424E-06
  2191    1.80632E-06
  2192    5.63406E-06
  2193    5.83480E-06
  2194    1.22585E-05
  2195    1.80620E-05
  2196    1.57145E-05
  2197    9.30786E-06
  2198    1.06261E-05
  2199    1.32365E-05
  2200    1.21129E-05
  2201    1.40665E-05
  2202    3.00499E-05
  2203    2.17986E-05
  2204    1.30840E-05
  2205    1.60585E-05
  2206    1.67464E-05
  2207    2.95481E-05
  2208    3.29998E-05
  2209    2.80084E-05
  2210    2.81198E-05
  2211    3.39762E-05
  2212    3.04334E-05
  2213    3.22790E-05
  2214    4.12965E-05
  2215    4.40399E-05
  2216    5.83180E-05
  2217    6.57657E-05
  2218    7.11641E-05
  2219    7.82717E-05
  2220    8.46668E-05
  2221    8.51467E-05
  2222    1.03793E-04
  2223    1.02333E-04
  2224    1.15851E-04
  2225    1.24343E-04
  2226    1.40653E-04
  2227    1.55041E-04
  2228    1.80850E-04
  2229    2.06134E-04
  2230    2.25671E-04
  2231    2.41632E-04
  2232    2.73406E-04
  2233    2.94907E-04
  2234    3.26337E-04
  2235    3.61009E-04
  2236    4.10269E-04
  2237    4.61500E-04
  2238    5.15363E-04
  2239    5.73411E-04
  2240    6.47738E-04
  2241    7.30597E-04
  2242    8.31362E-04
  2243    9.48288E-04
  2244    1.08505E-03
  2245    1.22905E-03
  2246    1.42385E-03
  2247    1.64412E-03
  2248    1.92050E-03
  2249    2.27763E-03
  2250    2.71249E-03
  2251    3.24441E-03
  2252    3.95068E-03
  2253    4.85236E-03
  2254    6.02198E-03
  2255    7.58268E-03
  2256    9.56591E-03
  2257    1.19981E-02
  2258    1.51528E-02
  2259    1.92054E-02
  2260    2.41412E-02
  2261    3.06087E-02
  2262    3.80606E-02
  2263    4.59642E-02
  2264    5.16018E-02
  2265    5.72498E-02
  2266    6.49820E-02
  2267    7.46054E-02
  2268    8.58902E-02
  2269    1.00111E-01
  2270    1.16159E-01
  2271    1.34937E-01
  2272    1.57567E-01
  2273    1.83091E-01
  2274    2.13476E-01
  2275    2.44656E-01
  2276    2.75110E-01
  2277    3.04068E-01
  2278    3.28796E-01
  2279    3.47247E-01
  2280    3.59786E-01
  2281    3.67143E-01
  2282    3.70183E-01
  2283    3.70662E-01
  2284    3.69675E-01
  2285    3.67957E-01
  2286    3.66268E-01
  2287    3.64253E-01
  2288    3.62573E-01
  2289    3.61144E-01
  2290    3.59377E-01
  2291    3.58062E-01
  2292    3.56393E-01
  2293    3.54782E-01
  2294    3.53011E-01
  2295    3.51149E-01
  2296    3.49131E-01
  2297    3.46673E-01
  2298    3.43901E-01
  2299    3.40201E-01
  2300    3.34988E-01
  2301    3.27915E-01
  2302    3.17933E-01
  2303    3.03979E-01
  2304    2.85560E-01
  2305    2.62281E-01
  2306    2.34603E-01
  2307    2.05251E-01
  2308    1.75792E-01
  2309    1.48888E-01
  2310    1.25220E-01
  2311    1.03884E-01
  2312    8.63617E-02
  2313    7.19350E-02
  2314    6.03858E-02
  2315    5.10913E-02
  2316    4.17833E-02
  2317    3.39378E-02
  2318    2.72128E-02
  2319    2.18431E-02
  2320    1.78429E-02
  2321    1.45362E-02
  2322    1.19592E-02
  2323    9.86781E-03
  2324    8.16379E-03
  2325    6.79375E-03
  2326    5.67786E-03
  2327    4.81584E-03
  2328    4.08436E-03
  2329    3.46116E-03
  2330    2.95728E-03
  2331    2.54032E-03
  2332    2.17886E-03
  2333    1.86513E-03
  2334    1.63554E-03
  2335    1.41576E-03
  2336    1.24141E-03
  2337    1.09178E-03
  2338    9.49587E-04
  2339    8.40777E-04
  2340    7.32542E-04
  2341    6.45140E-04
  2342    5.74295E-04
  2343    5.15732E-04
  2344    4.62339E-04
  2345    4.07730E-04
  2346    3.62399E-04
  2347    3.23317E-04
  2348    2.89972E-04
  2349    2.51307E-04
  2350    2.34817E-04
  2351    1.99364E-04
  2352    1.80148E-04
  2353    1.69283E-04
  2354    1.48672E-04
  2355    1.38108E-04
  2356    1.11514E-04
  2357    1.03651E-04
  2358    9.76000E-05
  2359    8.70629E-05
  2360    6.89356E-05
  2361    7.02113E-05
  2362    5.83482E-05
  2363    5.06587E-05
  2364    5.33237E-05
  2365    4.05379E-05
  2366    3.39799E-05
  2367    2.96618E-05
  2368    3.76077E-05
  2369    2.71731E-05
  2370    1.58867E-05
  2371    1.99114E-05
  2372    1.69420E-05
  2373    1.68778E-05
  2374    1.63700E-05
  2375    2.26663E-05
  2376    1.95174E-05
  2377    1.15097E-05
  2378    3.76161E-06
  2379    5.24409E-06
  2380    1.13212E-05
  2381    1.22231E-05
  2382    8.02771E-06
  2383    6.59850E-06
  2384    9.72586E-07
  2385    2.53320E-06
  2386    1.95315E-06
  2387    3.41878E-06
  2388    2.18769E-06
  2389    6.10663E-07
  2390    4.27362E-06
  2391    6.65179E-06
  2392    1.89408E-06
  2393    1.00344E-06
  2394    8.59367E-08
  2395    4.19417E-07
  2396    6.37672E-07
  2397    5.26359E-06
  2398    1.04977E-05
  2399    1.00000E-10
  2400    5.27272E-07
  2401    2.64741E-06
  2402    8.24665E-07
  2403    3.60017E-06
  2404    6.30791E-06
  2405    1.00000E-10
  2406    1.00000E-10
  2407    1.00000E-10
  2408    1.00000E-10
  2409    1.00000E-10
  2410    3.13482E-07
  2411    1.54924E-06
  2412    7.73825E-07
  2413    3.85646E-06
  2414    2.50261E-06
  2415    1.21466E-06
  2416    5.93328E-06
  2417    1.00000E-10
  2418    1.00000E-10
  2419    2.89049E-07
  2420    2.22395E-06
  2421    3.96831E-06
  2422    1.00000E-10
  2423    2.63999E-07
  2424    2.00332E-06
  2425    3.48830E-06
  2426    1.00000E-10
  2427    1.84382E-06
  2428    9.00678E-06
  2429    2.19981E-06
  2430    1.12468E-05
  2431    2.44777E-06
  2432    8.52493E-07
  2433    4.16409E-06
  2434    1.00000E-10
  2435    1.00000E-10
  2436    1.31916E-07
  2437    1.25496E-06
  2438    3.89120E-06
  2439    4.46559E-06
  2440    1.77383E-07
  2441    1.64772E-06
  2442    9.07832E-06
  2443    5.66778E-06
  2444    4.35556E-06
  2445    6.04199E-06
  2446    1.16308E-06
  2447    6.37137E-06
  2448    3.37107E-06
  2449    1.00000E-10
  2450    1.00000E-10
  2451    1.00000E-10
  2452    5.04420E-07
  2453    2.46373E-06
  2454    1.00000E-10
  2455    3.43510E-07
  2456    1.87966E-06
  2457    9.86781E-07
  2458    2.38347E-07
  2459    1.16395E-06
  2460    1.00000E-10
  2461    3.65141E-07
  2462    1.79413E-06
  2463    5.27500E-08
  2464    5.78434E-07
  2465    2.82530E-06
  2466    1.00000E-10
  2467    9.70356E-07
  2468    4.73985E-06
  2469    7.13631E-07
  2470    3.58995E-06
  2471    5.09186E-07
  2472    1.17411E-06
  2473    5.73522E-06
  2474    1.00000E-10
  2475    1.59549E-07
  2476    1.00749E-06
  2477    1.60490E-06
  2478    2.68644E-06
  2479    1.46097E-06
  2480    1.00000E-10
  2481    1.00000E-10
  2482    8.34943E-08
  2483    4.07486E-07
  2484    1.00000E-10
  2485    1.00000E-10
  2486    4.89725E-07
  2487    2.39195E-06
  2488    1.00000E-10
  2489    1.00000E-10
  2490    1.00000E-10
  2491    1.00000E-10
  2492    1.00000E-10
  2493    1.00000E-10
  2494    2.31583E-07
  2495    2.05667E-06
  2496    5.00847E-06
  2497    3.11608E-06
  2498    3.62453E-06
  2499    1.00000E-10
  2500    9.38779E-08
  2501    8.81380E-07
  2502    2.06731E-06
  2503    1.00000E-10
  2504    1.00000E-10
  2505    1.00000E-10
  2506    1.00000E-10
  2507    1.41112E-06
  2508    7.83464E-06
  2509    4.60009E-06
  2510    2.08818E-07
  2511    1.01970E-06
  2512    1.00000E-10
  2513    1.00847E-06
  2514    5.90502E-06
  2515    4.78238E-06
  2516    1.00000E-10
  2517    4.44769E-07
  2518    2.17233E-06
  2519    1.00063E-06
  2520    4.94833E-06
  2521    2.95959E-07
  2522    1.85138E-07
  2523    9.04022E-07
  2524    1.43116E-07
  2525    6.98743E-07
  2526    1.00000E-10
  2527    1.27376E-06
  2528    6.22198E-06
  2529    1.89463E-06
  2530    9.42837E-06
  2531    8.47145E-07
  2532    1.00000E-10
  2533    3.34923E-07
  2534    3.30461E-06
  2535    8.15267E-06
  2536    1.00000E-10
  2537    1.00000E-10
  2538    7.63678E-07
  2539    3.73022E-06
  2540    1.38294E-06
  2541    6.75900E-06
  2542    1.27073E-07
  2543    7.66296E-07
  2544    1.66470E-06
  2545    2.70417E-06
  2546    1.46892E-06
  2547    4.25523E-06
  2548    1.27500E-07
  2549    1.00000E-10
  2550    6.56500E-07
  2551    3.25323E-06
  2552    1.53976E-06
  2553    6.40994E-06
  2554    3.23341E-06
  2555    1.60223E-05
  2556    1.11047E-06
  2557    1.17400E-06
  2558    5.73467E-06
  2559    3.76125E-08
  2560    1.83351E-07
  2561    2.75922E-06
  2562    1.40913E-05
  2563    2.99315E-06
  2564    1.00000E-10
  2565    1.80030E-06
  2566    8.79420E-06
  2567    2.18054E-06
  2568    1.06517E-05
  2569    1.00000E-10
  2570    1.00000E-10
  2571    3.75619E-06
  2572    2.18783E-05
  2573    1.87127E-05
  2574    7.18611E-06
  2575    1.00000E-10
  2576    3.25269E-07
  2577    2.99326E-06
  2578    6.86207E-06
  2579    8.52989E-07
  2580    4.67363E-06
  2581    2.47741E-06
  2582    1.77138E-06
  2583    9.17565E-06
  2584    2.55369E-06
  2585    9.86229E-08
  2586    4.81390E-07
  2587    1.00000E-10
  2588    1.00000E-10
  2589    1.00000E-10
  2590    1.11707E-06
  2591    5.45654E-06
  2592    1.00000E-10
  2593    1.00000E-10
  2594    1.74776E-07
  2595    8.53404E-07
  2596    1.67703E-06
  2597    9.37720E-06
  2598    7.61170E-06
  2599    1.17984E-05
  2600    1.66460E-05
  2601    1.52655E-05
  2602    1.52554E-05
  2603    1.00000E-10
  2604    3.49257E-07
  2605    6.23655E-06
  2606    2.21333E-05
  2607    1.00000E-10
  2608    3.42363E-07
  2609    5.08100E-06
  2610    1.66909E-05
  2611    1.85903E-07
  2612    3.75529E-06
  2613    1.83444E-05
  2614    1.00000E-10
  2615    1.00000E-10
  2616    1.00000E-10
  2617    1.00000E-10
  2618    1.00000E-10
  2619    1.00000E-10
  2620    1.00000E-10
  2621    1.64015E-06
  2622    8.01185E-06
  2623    4.36801E-07
  2624    2.13341E-06
  2625    1.00000E-10
  2626    8.80730E-07
  2627    4.30203E-06
  2628    1.00000E-10
  2629    1.30369E-06
  2630    6.62759E-06
  2631    1.26709E-06
  2632    1.45018E-06
  2633    7.08385E-06
  2634    1.00000E-10
  2635    1.00000E-10
  2636    1.19974E-06
  2637    5.86043E-06
  2638    1.00000E-10
  2639    1.67265E-06
  2640    8.17063E-06
  2641    1.00000E-10
  2642    1.00000E-10
  2643    1.00000E-10
  2644    1.00000E-10
  2645    3.65141E-07
  2646    1.78335E-06
  2647    1.00000E-10
  2648    1.00000E-10
  2649    6.48665E-07
  2650    6.25224E-06
  2651    1.88575E-05
  2652    1.85269E-05
  2653    0.00000E+00
  2654    0.00000E+00
  2655    0.00000E+00
  2656    0.00000E+00
  2657    0.00000E+00
  2658    0.00000E+00
  2659    0.00000E+00
  2660    0.00000E+00
  2661    0.00000E+00
  2662    0.00000E+00
  2663    0.00000E+00
  2664    0.00000E+00
  2665    0.00000E+00
  2666    0.00000E+00
  2667    0.00000E+00
  2668    0.00000E+00
  2669    0.00000E+00
  2670    0.00000E+00
  2671    0.00000E+00
  2672    0.00000E+00
  2673    0.00000E+00
  2674    0.00000E+00
  2675    0.00000E+00
  2676    0.00000E+00
  2677    0.00000E+00
  2678    0.00000E+00
  2679    0.00000E+00
  2680    0.00000E+00
  2681    0.00000E+00
  2682    0.00000E+00
  2683    0.00000E+00
  2684    0.00000E+00
  2685    0.00000E+00
  2686    0.00000E+00
  2687    0.00000E+00
  2688    0.00000E+00
  2689    0.00000E+00
  2690    0.00000E+00
  2691    0.00000E+00
  2692    0.00000E+00
  2693    0.00000E+00
  2694    0.00000E+00
  2695    0.00000E+00
  2696    0.00000E+00
  2697    0.00000E+00
  2698    0.00000E+00
  2699    0.00000E+00
  2700    0.00000E+00
