   400    7.12144E-01    1.00000E+00
   401    7.12144E-01    1.00000E+00
   402    7.12144E-01    1.00000E+00
   403    7.12144E-01    1.00000E+00
   404    7.12144E-01    1.00000E+00
   405    7.12144E-01    1.00000E+00
   406    7.12144E-01    1.00000E+00
   407    7.12144E-01    1.00000E+00
   408    7.12144E-01    1.00000E+00
   409    7.12144E-01    1.00000E+00
   410    7.12144E-01    1.00000E+00
   411    7.12144E-01    1.00000E+00
   412    7.12144E-01    1.00000E+00
   413    7.12144E-01    1.00000E+00
   414    7.12144E-01    1.00000E+00
   415    7.12144E-01    1.00000E+00
   416    7.12144E-01    1.00000E+00
   417    7.12144E-01    1.00000E+00
   418    7.12144E-01    1.00000E+00
   419    7.12144E-01    1.00000E+00
   420    7.12144E-01    1.00000E+00
   421    7.12144E-01    1.00000E+00
   422    7.12144E-01    1.00000E+00
   423    7.12144E-01    1.00000E+00
   424    7.12144E-01    1.00000E+00
   425    7.12144E-01    1.00000E+00
   426    7.12144E-01    1.00000E+00
   427    7.12144E-01    1.00000E+00
   428    7.12144E-01    1.00000E+00
   429    7.12144E-01    1.00000E+00
   430    7.12144E-01    1.00000E+00
   431    7.12144E-01    1.00000E+00
   432    7.12144E-01    1.00000E+00
   433    7.12144E-01    1.00000E+00
   434    7.12144E-01    1.00000E+00
   435    7.12144E-01    1.00000E+00
   436    7.12144E-01    1.00000E+00
   437    7.12144E-01    1.00000E+00
   438    7.12144E-01    1.00000E+00
   439    7.12144E-01    1.00000E+00
   440    7.12144E-01    1.00000E+00
   441    7.12144E-01    1.00000E+00
   442    7.12144E-01    1.00000E+00
   443    7.12144E-01    1.00000E+00
   444    7.12144E-01    1.00000E+00
   445    7.12144E-01    1.00000E+00
   446    7.12144E-01    1.00000E+00
   447    7.12144E-01    1.00000E+00
   448    7.12144E-01    1.00000E+00
   449    7.12144E-01    1.00000E+00
   450    7.12144E-01    1.00000E+00
   451    7.12144E-01    1.00000E+00
   452    7.12144E-01    1.00000E+00
   453    7.12144E-01    1.00000E+00
   454    7.12144E-01    1.00000E+00
   455    7.12144E-01    1.00000E+00
   456    7.12144E-01    1.00000E+00
   457    7.12144E-01    1.00000E+00
   458    7.12144E-01    1.00000E+00
   459    7.12144E-01    1.00000E+00
   460    7.12144E-01    1.00000E+00
   461    7.12144E-01    1.00000E+00
   462    7.12144E-01    1.00000E+00
   463    7.12144E-01    1.00000E+00
   464    7.12144E-01    1.00000E+00
   465    7.12144E-01    1.00000E+00
   466    7.12144E-01    1.00000E+00
   467    7.12144E-01    1.00000E+00
   468    7.12144E-01    1.00000E+00
   469    7.12144E-01    1.00000E+00
   470    7.12144E-01    1.00000E+00
   471    7.12144E-01    1.00000E+00
   472    7.12144E-01    1.00000E+00
   473    7.12144E-01    1.00000E+00
   474    7.12144E-01    1.00000E+00
   475    7.12144E-01    1.00000E+00
   476    7.12144E-01    1.00000E+00
   477    7.12144E-01    1.00000E+00
   478    7.12144E-01    1.00000E+00
   479    7.12144E-01    1.00000E+00
   480    7.12144E-01    1.00000E+00
   481    7.12144E-01    1.00000E+00
   482    7.12144E-01    1.00000E+00
   483    7.12144E-01    1.00000E+00
   484    7.12144E-01    1.00000E+00
   485    7.12144E-01    1.00000E+00
   486    7.12144E-01    1.00000E+00
   487    7.12144E-01    1.00000E+00
   488    7.12144E-01    1.00000E+00
   489    7.12144E-01    1.00000E+00
   490    7.12144E-01    1.00000E+00
   491    7.12144E-01    1.00000E+00
   492    7.12144E-01    1.00000E+00
   493    7.12144E-01    1.00000E+00
   494    7.12144E-01    1.00000E+00
   495    7.12144E-01    1.00000E+00
   496    7.12144E-01    1.00000E+00
   497    7.12144E-01    1.00000E+00
   498    7.12144E-01    1.00000E+00
   499    7.12144E-01    1.00000E+00
   500    7.12144E-01    1.00000E+00
   501    7.12144E-01    1.00000E+00
   502    7.12144E-01    1.00000E+00
   503    7.12144E-01    1.00000E+00
   504    7.12144E-01    1.00000E+00
   505    7.12144E-01    1.00000E+00
   506    7.12144E-01    1.00000E+00
   507    7.12144E-01    1.00000E+00
   508    7.12144E-01    1.00000E+00
   509    7.12144E-01    1.00000E+00
   510    7.12144E-01    1.00000E+00
   511    7.12144E-01    1.00000E+00
   512    7.12144E-01    1.00000E+00
   513    7.12144E-01    1.00000E+00
   514    7.12144E-01    1.00000E+00
   515    7.12144E-01    1.00000E+00
   516    7.12144E-01    1.00000E+00
   517    7.12144E-01    1.00000E+00
   518    7.12144E-01    1.00000E+00
   519    7.12144E-01    1.00000E+00
   520    7.12144E-01    1.00000E+00
   521    7.12144E-01    1.00000E+00
   522    7.12144E-01    1.00000E+00
   523    7.12144E-01    1.00000E+00
   524    7.12144E-01    1.00000E+00
   525    7.12144E-01    1.00000E+00
   526    7.12144E-01    1.00000E+00
   527    7.12144E-01    1.00000E+00
   528    7.12144E-01    1.00000E+00
   529    7.12144E-01    1.00000E+00
   530    7.12144E-01    1.00000E+00
   531    7.12144E-01    1.00000E+00
   532    7.12144E-01    1.00000E+00
   533    7.12144E-01    1.00000E+00
   534    7.12144E-01    1.00000E+00
   535    7.12144E-01    1.00000E+00
   536    7.12144E-01    1.00000E+00
   537    7.12144E-01    1.00000E+00
   538    7.12144E-01    1.00000E+00
   539    7.12144E-01    1.00000E+00
   540    7.12144E-01    1.00000E+00
   541    7.12144E-01    1.00000E+00
   542    7.12144E-01    1.00000E+00
   543    7.12144E-01    1.00000E+00
   544    7.12144E-01    1.00000E+00
   545    7.12144E-01    1.00000E+00
   546    7.12144E-01    1.00000E+00
   547    7.12144E-01    1.00000E+00
   548    7.12144E-01    1.00000E+00
   549    7.12144E-01    1.00000E+00
   550    7.12144E-01    1.00000E+00
   551    7.12144E-01    1.00000E+00
   552    7.12144E-01    1.00000E+00
   553    7.12144E-01    1.00000E+00
   554    7.12144E-01    1.00000E+00
   555    7.12144E-01    1.00000E+00
   556    7.12144E-01    1.00000E+00
   557    7.12144E-01    1.00000E+00
   558    7.12144E-01    1.00000E+00
   559    7.12144E-01    1.00000E+00
   560    7.12144E-01    1.00000E+00
   561    7.12144E-01    1.00000E+00
   562    7.12144E-01    1.00000E+00
   563    7.12144E-01    1.00000E+00
   564    7.12144E-01    1.00000E+00
   565    7.12144E-01    1.00000E+00
   566    7.12144E-01    1.00000E+00
   567    7.12144E-01    1.00000E+00
   568    7.12144E-01    1.00000E+00
   569    7.12144E-01    1.00000E+00
   570    7.12144E-01    1.00000E+00
   571    7.12144E-01    1.00000E+00
   572    7.12144E-01    1.00000E+00
   573    7.12144E-01    1.00000E+00
   574    7.12144E-01    1.00000E+00
   575    7.12144E-01    1.00000E+00
   576    7.12144E-01    1.00000E+00
   577    7.12144E-01    1.00000E+00
   578    7.12144E-01    1.00000E+00
   579    7.12144E-01    1.00000E+00
   580    7.12144E-01    1.00000E+00
   581    7.12144E-01    1.00000E+00
   582    7.12144E-01    1.00000E+00
   583    7.12144E-01    1.00000E+00
   584    7.12144E-01    1.00000E+00
   585    7.12144E-01    1.00000E+00
   586    7.12144E-01    1.00000E+00
   587    7.12144E-01    1.00000E+00
   588    7.12144E-01    1.00000E+00
   589    7.12144E-01    1.00000E+00
   590    7.12144E-01    1.00000E+00
   591    7.12144E-01    1.00000E+00
   592    7.12144E-01    1.00000E+00
   593    7.12144E-01    1.00000E+00
   594    7.12144E-01    1.00000E+00
   595    7.12144E-01    1.00000E+00
   596    7.12144E-01    1.00000E+00
   597    7.12144E-01    1.00000E+00
   598    7.12144E-01    1.00000E+00
   599    7.12144E-01    1.00000E+00
   600    7.12144E-01    1.00000E+00
   601    7.12144E-01    1.00000E+00
   602    7.12144E-01    1.00000E+00
   603    7.12144E-01    1.00000E+00
   604    7.12144E-01    1.00000E+00
   605    7.12144E-01    1.00000E+00
   606    7.12144E-01    1.00000E+00
   607    7.12144E-01    1.00000E+00
   608    7.12144E-01    1.00000E+00
   609    7.12144E-01    1.00000E+00
   610    7.12144E-01    1.00000E+00
   611    7.12144E-01    1.00000E+00
   612    7.12144E-01    1.00000E+00
   613    7.12144E-01    1.00000E+00
   614    7.12144E-01    1.00000E+00
   615    7.12144E-01    1.00000E+00
   616    7.12144E-01    1.00000E+00
   617    7.12144E-01    1.00000E+00
   618    7.12144E-01    1.00000E+00
   619    7.12144E-01    1.00000E+00
   620    7.12144E-01    1.00000E+00
   621    7.12144E-01    1.00000E+00
   622    7.12144E-01    1.00000E+00
   623    7.12144E-01    1.00000E+00
   624    7.12144E-01    1.00000E+00
   625    7.12144E-01    1.00000E+00
   626    7.12144E-01    1.00000E+00
   627    7.12144E-01    1.00000E+00
   628    7.12144E-01    1.00000E+00
   629    7.12144E-01    1.00000E+00
   630    7.12144E-01    1.00000E+00
   631    7.12144E-01    1.00000E+00
   632    7.12144E-01    1.00000E+00
   633    7.12144E-01    1.00000E+00
   634    7.12144E-01    1.00000E+00
   635    7.12144E-01    1.00000E+00
   636    7.12144E-01    1.00000E+00
   637    7.12144E-01    1.00000E+00
   638    7.12144E-01    1.00000E+00
   639    7.12144E-01    1.00000E+00
   640    7.12144E-01    1.00000E+00
   641    7.12144E-01    1.00000E+00
   642    7.12144E-01    1.00000E+00
   643    7.12144E-01    1.00000E+00
   644    7.12144E-01    1.00000E+00
   645    7.12144E-01    1.00000E+00
   646    7.12144E-01    1.00000E+00
   647    7.12144E-01    1.00000E+00
   648    7.12144E-01    1.00000E+00
   649    7.12144E-01    1.00000E+00
   650    7.12144E-01    1.00000E+00
   651    7.12144E-01    1.00000E+00
   652    7.12144E-01    1.00000E+00
   653    7.12144E-01    1.00000E+00
   654    7.12144E-01    1.00000E+00
   655    7.12144E-01    1.00000E+00
   656    7.12144E-01    1.00000E+00
   657    7.12144E-01    1.00000E+00
   658    7.12144E-01    1.00000E+00
   659    7.12144E-01    1.00000E+00
   660    7.12144E-01    1.00000E+00
   661    7.12144E-01    1.00000E+00
   662    7.12144E-01    1.00000E+00
   663    7.12144E-01    1.00000E+00
   664    7.12144E-01    1.00000E+00
   665    7.12144E-01    1.00000E+00
   666    7.12144E-01    1.00000E+00
   667    7.12144E-01    1.00000E+00
   668    7.12144E-01    1.00000E+00
   669    7.12144E-01    1.00000E+00
   670    7.12144E-01    1.00000E+00
   671    7.12144E-01    1.00000E+00
   672    7.12144E-01    1.00000E+00
   673    7.12144E-01    1.00000E+00
   674    7.12144E-01    1.00000E+00
   675    7.12144E-01    1.00000E+00
   676    7.12144E-01    1.00000E+00
   677    7.12144E-01    1.00000E+00
   678    7.12144E-01    1.00000E+00
   679    7.12144E-01    1.00000E+00
   680    7.12144E-01    1.00000E+00
   681    7.12144E-01    1.00000E+00
   682    7.12144E-01    1.00000E+00
   683    7.12144E-01    1.00000E+00
   684    7.12144E-01    1.00000E+00
   685    7.12144E-01    1.00000E+00
   686    7.12144E-01    1.00000E+00
   687    7.12144E-01    1.00000E+00
   688    7.12144E-01    1.00000E+00
   689    7.12144E-01    1.00000E+00
   690    7.12144E-01    1.00000E+00
   691    7.12144E-01    1.00000E+00
   692    7.12144E-01    1.00000E+00
   693    7.12144E-01    1.00000E+00
   694    7.12144E-01    1.00000E+00
   695    7.12144E-01    1.00000E+00
   696    7.12144E-01    1.00000E+00
   697    7.12144E-01    1.00000E+00
   698    7.12144E-01    1.00000E+00
   699    7.12144E-01    1.00000E+00
   700    7.12144E-01    1.00000E+00
   701    7.12144E-01    1.00000E+00
   702    7.12144E-01    1.00000E+00
   703    7.12144E-01    1.00000E+00
   704    7.12144E-01    1.00000E+00
   705    7.12144E-01    1.00000E+00
   706    7.12144E-01    1.00000E+00
   707    7.12144E-01    1.00000E+00
   708    7.12144E-01    1.00000E+00
   709    7.12144E-01    1.00000E+00
   710    7.12144E-01    1.00000E+00
   711    7.12144E-01    1.00000E+00
   712    7.12144E-01    1.00000E+00
   713    7.12144E-01    1.00000E+00
   714    7.12144E-01    1.00000E+00
   715    7.12144E-01    1.00000E+00
   716    7.12144E-01    1.00000E+00
   717    7.12144E-01    1.00000E+00
   718    7.12144E-01    1.00000E+00
   719    7.12144E-01    1.00000E+00
   720    7.12144E-01    1.00000E+00
   721    7.12144E-01    1.00000E+00
   722    7.12144E-01    1.00000E+00
   723    7.12144E-01    1.00000E+00
   724    7.12144E-01    1.00000E+00
   725    7.12144E-01    1.00000E+00
   726    7.12144E-01    1.00000E+00
   727    7.12144E-01    1.00000E+00
   728    7.12144E-01    1.00000E+00
   729    7.12144E-01    1.00000E+00
   730    7.12144E-01    1.00000E+00
   731    7.12144E-01    1.00000E+00
   732    7.12144E-01    1.00000E+00
   733    7.12144E-01    1.00000E+00
   734    7.12144E-01    1.00000E+00
   735    7.12144E-01    1.00000E+00
   736    7.12144E-01    1.00000E+00
   737    7.12144E-01    1.00000E+00
   738    7.12144E-01    1.00000E+00
   739    7.12144E-01    1.00000E+00
   740    7.12144E-01    1.00000E+00
   741    7.12144E-01    1.00000E+00
   742    7.12144E-01    1.00000E+00
   743    7.12144E-01    1.00000E+00
   744    7.12144E-01    1.00000E+00
   745    7.12144E-01    1.00000E+00
   746    7.12144E-01    1.00000E+00
   747    7.12144E-01    1.00000E+00
   748    7.12144E-01    1.00000E+00
   749    7.12144E-01    1.00000E+00
   750    7.12144E-01    1.00000E+00
   751    7.12144E-01    1.00000E+00
   752    7.12144E-01    1.00000E+00
   753    7.12144E-01    1.00000E+00
   754    7.12144E-01    1.00000E+00
   755    7.12144E-01    1.00000E+00
   756    7.12144E-01    1.00000E+00
   757    7.12144E-01    1.00000E+00
   758    7.12144E-01    1.00000E+00
   759    7.12144E-01    1.00000E+00
   760    7.12144E-01    1.00000E+00
   761    7.12144E-01    1.00000E+00
   762    7.12144E-01    1.00000E+00
   763    7.12144E-01    1.00000E+00
   764    7.12144E-01    1.00000E+00
   765    7.12144E-01    1.00000E+00
   766    7.12144E-01    1.00000E+00
   767    7.12144E-01    1.00000E+00
   768    7.12144E-01    1.00000E+00
   769    7.12144E-01    1.00000E+00
   770    7.12144E-01    1.00000E+00
   771    7.12144E-01    1.00000E+00
   772    7.12144E-01    1.00000E+00
   773    7.12144E-01    1.00000E+00
   774    7.12144E-01    1.00000E+00
   775    7.12144E-01    1.00000E+00
   776    7.12144E-01    1.00000E+00
   777    7.12144E-01    1.00000E+00
   778    7.12144E-01    1.00000E+00
   779    7.12144E-01    1.00000E+00
   780    7.12144E-01    1.00000E+00
   781    7.12144E-01    1.00000E+00
   782    7.12144E-01    1.00000E+00
   783    7.12144E-01    1.00000E+00
   784    7.12144E-01    1.00000E+00
   785    7.12144E-01    1.00000E+00
   786    7.12144E-01    1.00000E+00
   787    7.12144E-01    1.00000E+00
   788    7.12144E-01    1.00000E+00
   789    7.12144E-01    1.00000E+00
   790    7.12144E-01    1.00000E+00
   791    7.12144E-01    1.00000E+00
   792    7.12144E-01    1.00000E+00
   793    7.12144E-01    1.00000E+00
   794    7.12144E-01    1.00000E+00
   795    7.12144E-01    1.00000E+00
   796    7.12144E-01    1.00000E+00
   797    7.12144E-01    1.00000E+00
   798    7.12144E-01    1.00000E+00
   799    7.12144E-01    8.31564E-01
   800    7.12144E-01    8.50533E-01
   801    7.12144E-01    8.69202E-01
   802    7.12144E-01    8.69236E-01
   803    7.12144E-01    8.52701E-01
   804    7.12144E-01    8.25573E-01
   805    7.12144E-01    7.95514E-01
   806    7.12144E-01    7.69447E-01
   807    7.12144E-01    7.52162E-01
   808    7.12144E-01    7.46008E-01
   809    7.12144E-01    7.51496E-01
   810    7.12144E-01    7.66943E-01
   811    7.12144E-01    7.89816E-01
   812    7.12144E-01    8.16469E-01
   813    7.12144E-01    8.41592E-01
   814    7.12144E-01    8.59482E-01
   815    7.12144E-01    8.65596E-01
   816    7.12144E-01    8.58819E-01
   817    7.12144E-01    8.41368E-01
   818    7.12144E-01    8.17501E-01
   819    7.12144E-01    7.92642E-01
   820    7.12144E-01    7.70927E-01
   821    7.12144E-01    7.55368E-01
   822    7.12144E-01    7.48071E-01
   823    7.12144E-01    7.49223E-01
   824    7.12144E-01    7.57785E-01
   825    7.12144E-01    7.71892E-01
   826    7.12144E-01    7.88311E-01
   827    7.12144E-01    8.03120E-01
   828    7.12144E-01    8.13083E-01
   829    7.12144E-01    8.15701E-01
   830    7.12144E-01    8.10377E-01
   831    7.12144E-01    7.98459E-01
   832    7.12144E-01    7.82281E-01
   833    7.12144E-01    7.65164E-01
   834    7.12144E-01    7.50114E-01
   835    7.12144E-01    7.39998E-01
   836    7.12144E-01    7.36181E-01
   837    7.12144E-01    7.39024E-01
   838    7.12144E-01    7.48151E-01
   839    7.12144E-01    7.62233E-01
   840    7.12144E-01    7.78769E-01
   841    7.12144E-01    7.95400E-01
   842    7.12144E-01    8.08964E-01
   843    7.12144E-01    8.17150E-01
   844    7.12144E-01    8.19032E-01
   845    7.12144E-01    8.14485E-01
   846    7.12144E-01    8.05032E-01
   847    7.12144E-01    7.93275E-01
   848    7.12144E-01    7.82420E-01
   849    7.12144E-01    7.74731E-01
   850    7.12144E-01    7.71575E-01
   851    7.12144E-01    7.73777E-01
   852    7.12144E-01    7.80472E-01
   853    7.12144E-01    7.92034E-01
   854    7.12144E-01    8.06211E-01
   855    7.12144E-01    8.19325E-01
   856    7.12144E-01    8.28996E-01
   857    7.12144E-01    8.32385E-01
   858    7.12144E-01    8.27979E-01
   859    7.12144E-01    8.06737E-01
   860    7.12144E-01    7.86765E-01
   861    7.12144E-01    7.71772E-01
   862    7.12144E-01    7.57061E-01
   863    7.12144E-01    7.44658E-01
   864    7.12144E-01    7.34480E-01
   865    7.12144E-01    7.28657E-01
   866    7.12144E-01    7.28599E-01
   867    7.12144E-01    7.31701E-01
   868    7.12144E-01    7.39688E-01
   869    7.12144E-01    7.48905E-01
   870    7.12144E-01    7.58709E-01
   871    7.12144E-01    7.67242E-01
   872    7.12144E-01    7.72798E-01
   873    7.12144E-01    7.73203E-01
   874    7.12144E-01    7.69485E-01
   875    7.12144E-01    7.61398E-01
   876    7.12144E-01    7.48539E-01
   877    7.12144E-01    7.34721E-01
   878    7.12144E-01    7.20570E-01
   879    7.12144E-01    7.06882E-01
   880    7.12144E-01    6.97535E-01
   881    7.12144E-01    6.91686E-01
   882    7.12144E-01    6.91719E-01
   883    7.12144E-01    6.95255E-01
   884    7.12144E-01    7.03900E-01
   885    7.12144E-01    7.17261E-01
   886    7.12144E-01    7.30062E-01
   887    7.12144E-01    7.43424E-01
   888    7.12144E-01    7.55449E-01
   889    7.12144E-01    7.63253E-01
   890    7.12144E-01    7.65895E-01
   891    7.12144E-01    7.63341E-01
   892    7.12144E-01    7.56326E-01
   893    7.12144E-01    7.44501E-01
   894    7.12144E-01    7.30610E-01
   895    7.12144E-01    7.14810E-01
   896    7.12144E-01    6.99901E-01
   897    7.12144E-01    6.88455E-01
   898    7.12144E-01    6.78993E-01
   899    7.12144E-01    6.74891E-01
   900    7.12144E-01    6.75643E-01
   901    7.12144E-01    6.81292E-01
   902    7.12144E-01    6.91066E-01
   903    7.12144E-01    7.04596E-01
   904    7.12144E-01    7.19794E-01
   905    7.12144E-01    7.36150E-01
   906    7.12144E-01    7.51531E-01
   907    7.12144E-01    7.64631E-01
   908    7.12144E-01    7.74836E-01
   909    7.12144E-01    7.81415E-01
   910    7.12144E-01    7.82725E-01
   911    7.12144E-01    7.80719E-01
   912    7.12144E-01    7.75767E-01
   913    7.12144E-01    7.68622E-01
   914    7.12144E-01    7.60143E-01
   915    7.12144E-01    7.52576E-01
   916    7.12144E-01    7.45639E-01
   917    7.12144E-01    7.41314E-01
   918    7.12144E-01    7.39356E-01
   919    7.12144E-01    7.39611E-01
   920    7.12144E-01    7.42440E-01
   921    7.12144E-01    7.47232E-01
   922    7.12144E-01    7.53546E-01
   923    7.12144E-01    7.60348E-01
   924    7.12144E-01    7.66888E-01
   925    7.12144E-01    7.73090E-01
   926    7.12144E-01    7.77645E-01
   927    7.12144E-01    7.80675E-01
   928    7.12144E-01    7.82173E-01
   929    7.12144E-01    7.81610E-01
   930    7.12144E-01    7.79443E-01
   931    7.12144E-01    7.76226E-01
   932    7.12144E-01    7.72972E-01
   933    7.12144E-01    7.69455E-01
   934    7.12144E-01    7.66197E-01
   935    7.12144E-01    7.63355E-01
   936    7.12144E-01    7.61776E-01
   937    7.12144E-01    7.61318E-01
   938    7.12144E-01    7.61820E-01
   939    7.12144E-01    7.63248E-01
   940    7.12144E-01    7.65295E-01
   941    7.12144E-01    7.68341E-01
   942    7.12144E-01    7.70965E-01
   943    7.12144E-01    7.74195E-01
   944    7.12144E-01    7.76933E-01
   945    7.12144E-01    7.79434E-01
   946    7.12144E-01    7.81873E-01
   947    7.12144E-01    7.83582E-01
   948    7.12144E-01    7.85365E-01
   949    7.12144E-01    7.85954E-01
   950    7.12144E-01    7.86459E-01
   951    7.12144E-01    7.86985E-01
   952    7.12144E-01    7.86973E-01
   953    7.12144E-01    7.86498E-01
   954    7.12144E-01    7.86205E-01
   955    7.12144E-01    7.85682E-01
   956    7.12144E-01    7.85322E-01
   957    7.12144E-01    7.85119E-01
   958    7.12144E-01    7.85446E-01
   959    7.12144E-01    7.85559E-01
   960    7.12144E-01    7.86061E-01
   961    7.12144E-01    7.87105E-01
   962    7.12144E-01    7.88366E-01
   963    7.12144E-01    7.89928E-01
   964    7.12144E-01    7.91426E-01
   965    7.12144E-01    7.93185E-01
   966    7.12144E-01    7.94084E-01
   967    7.12144E-01    7.94345E-01
   968    7.12144E-01    7.92795E-01
   969    7.12144E-01    7.89623E-01
   970    7.12144E-01    7.84399E-01
   971    7.12144E-01    7.76954E-01
   972    7.12144E-01    7.67065E-01
   973    7.12144E-01    7.55016E-01
   974    7.12144E-01    7.40852E-01
   975    7.12144E-01    7.25463E-01
   976    7.12144E-01    7.09204E-01
   977    7.12144E-01    6.92825E-01
   978    7.12144E-01    6.77345E-01
   979    7.12144E-01    6.63237E-01
   980    7.12144E-01    6.51004E-01
   981    7.12144E-01    6.42053E-01
   982    7.12144E-01    6.36122E-01
   983    7.12144E-01    6.33901E-01
   984    7.12144E-01    6.35852E-01
   985    7.12144E-01    6.41432E-01
   986    7.12144E-01    6.50646E-01
   987    7.12144E-01    6.63405E-01
   988    7.12144E-01    6.79212E-01
   989    7.12144E-01    6.96551E-01
   990    7.12144E-01    7.14674E-01
   991    7.12144E-01    7.31869E-01
   992    7.12144E-01    7.46932E-01
   993    7.12144E-01    7.58180E-01
   994    7.12144E-01    7.64545E-01
   995    7.12144E-01    7.64760E-01
   996    7.12144E-01    7.59331E-01
   997    7.12144E-01    7.48571E-01
   998    7.12144E-01    7.32763E-01
   999    7.12144E-01    7.13137E-01
  1000    7.12144E-01    6.91681E-01
  1001    7.12144E-01    6.69958E-01
  1002    7.12144E-01    6.48970E-01
  1003    7.12144E-01    6.30937E-01
  1004    7.12144E-01    6.15852E-01
  1005    7.12144E-01    6.04920E-01
  1006    7.12144E-01    5.98491E-01
  1007    7.12144E-01    5.97131E-01
  1008    7.12144E-01    6.00427E-01
  1009    7.12144E-01    6.08400E-01
  1010    7.12144E-01    6.20977E-01
  1011    7.12144E-01    6.37672E-01
  1012    7.12144E-01    6.57524E-01
  1013    7.12144E-01    6.78660E-01
  1014    7.12144E-01    7.00929E-01
  1015    7.12144E-01    7.21920E-01
  1016    7.12144E-01    7.40756E-01
  1017    7.12144E-01    7.55073E-01
  1018    7.12144E-01    7.64204E-01
  1019    7.12144E-01    7.67730E-01
  1020    7.12144E-01    7.65038E-01
  1021    7.12144E-01    7.57317E-01
  1022    7.12144E-01    7.45055E-01
  1023    7.12144E-01    7.29954E-01
  1024    7.12144E-01    7.13524E-01
  1025    7.12144E-01    6.97462E-01
  1026    7.12144E-01    6.82898E-01
  1027    7.12144E-01    6.71591E-01
  1028    7.12144E-01    6.64728E-01
  1029    7.12144E-01    6.62474E-01
  1030    7.12144E-01    6.64761E-01
  1031    7.12144E-01    6.71812E-01
  1032    7.12144E-01    6.83279E-01
  1033    7.12144E-01    6.97792E-01
  1034    7.12144E-01    7.14675E-01
  1035    7.12144E-01    7.32310E-01
  1036    7.12144E-01    7.48441E-01
  1037    7.12144E-01    7.60827E-01
  1038    7.12144E-01    7.67939E-01
  1039    7.12144E-01    7.67536E-01
  1040    7.12144E-01    7.59291E-01
  1041    7.12144E-01    7.43002E-01
  1042    7.12144E-01    7.18646E-01
  1043    7.12144E-01    6.88361E-01
  1044    7.12144E-01    6.53444E-01
  1045    7.12144E-01    6.16848E-01
  1046    7.12144E-01    5.79649E-01
  1047    7.12144E-01    5.44430E-01
  1048    7.12144E-01    5.11838E-01
  1049    7.12144E-01    4.83317E-01
  1050    7.12144E-01    4.58724E-01
  1051    7.12144E-01    4.39380E-01
  1052    7.12144E-01    4.24597E-01
  1053    7.12144E-01    4.14797E-01
  1054    7.12144E-01    4.09473E-01
  1055    7.12144E-01    4.08891E-01
  1056    7.12144E-01    4.13056E-01
  1057    7.12144E-01    4.21807E-01
  1058    7.12144E-01    4.35223E-01
  1059    7.12144E-01    4.53231E-01
  1060    7.12144E-01    4.75652E-01
  1061    7.12144E-01    5.02403E-01
  1062    7.12144E-01    5.33461E-01
  1063    7.12144E-01    5.66985E-01
  1064    7.12144E-01    6.02631E-01
  1065    7.12144E-01    6.38812E-01
  1066    7.12144E-01    6.73474E-01
  1067    7.12144E-01    7.04077E-01
  1068    7.12144E-01    7.29873E-01
  1069    7.12144E-01    7.48773E-01
  1070    7.12144E-01    7.59542E-01
  1071    7.12144E-01    7.62227E-01
  1072    7.12144E-01    7.57515E-01
  1073    7.12144E-01    7.46293E-01
  1074    7.12144E-01    7.30552E-01
  1075    7.12144E-01    7.11627E-01
  1076    7.12144E-01    6.91618E-01
  1077    7.12144E-01    6.72480E-01
  1078    7.12144E-01    6.54984E-01
  1079    7.12144E-01    6.40256E-01
  1080    7.12144E-01    6.29036E-01
  1081    7.12144E-01    6.21798E-01
  1082    7.12144E-01    6.18440E-01
  1083    7.12144E-01    6.19021E-01
  1084    7.12144E-01    6.23423E-01
  1085    7.12144E-01    6.31511E-01
  1086    7.12144E-01    6.42754E-01
  1087    7.12144E-01    6.56727E-01
  1088    7.12144E-01    6.73043E-01
  1089    7.12144E-01    6.90628E-01
  1090    7.12144E-01    7.08959E-01
  1091    7.12144E-01    7.27641E-01
  1092    7.12144E-01    7.45667E-01
  1093    7.12144E-01    7.62091E-01
  1094    7.22140E-01    7.76288E-01
  1095    7.36662E-01    7.87798E-01
  1096    7.50971E-01    7.96569E-01
  1097    7.64712E-01    8.02406E-01
  1098    7.77431E-01    8.05514E-01
  1099    7.89050E-01    8.06148E-01
  1100    7.98956E-01    8.05124E-01
  1101    8.06732E-01    8.02944E-01
  1102    8.12189E-01    7.99978E-01
  1103    8.15232E-01    7.97186E-01
  1104    8.15683E-01    7.94994E-01
  1105    8.13727E-01    7.93647E-01
  1106    8.09610E-01    7.93625E-01
  1107    8.03717E-01    7.94798E-01
  1108    7.96488E-01    7.97375E-01
  1109    7.88409E-01    8.01275E-01
  1110    7.79931E-01    8.06211E-01
  1111    7.71390E-01    8.11501E-01
  1112    7.63470E-01    8.16454E-01
  1113    7.56760E-01    8.21056E-01
  1114    7.51361E-01    8.24657E-01
  1115    7.47596E-01    8.26561E-01
  1116    7.45905E-01    8.26368E-01
  1117    7.46314E-01    8.23779E-01
  1118    7.48848E-01    8.18695E-01
  1119    7.53469E-01    8.10975E-01
  1120    7.59803E-01    8.00935E-01
  1121    7.67487E-01    7.88802E-01
  1122    7.76117E-01    7.74851E-01
  1123    7.85309E-01    7.59728E-01
  1124    7.94297E-01    7.44190E-01
  1125    8.02439E-01    7.28556E-01
  1126    8.09022E-01    7.13438E-01
  1127    8.13146E-01    6.99048E-01
  1128    8.14211E-01    6.85960E-01
  1129    8.11866E-01    6.74252E-01
  1130    8.05718E-01    6.64351E-01
  1131    7.95602E-01    6.56247E-01
  1132    7.81756E-01    6.49914E-01
  1133    7.64628E-01    6.45667E-01
  1134    7.44722E-01    6.43326E-01
  1135    7.22507E-01    6.42684E-01
  1136    6.98720E-01    6.43913E-01
  1137    6.74274E-01    6.47103E-01
  1138    6.49884E-01    6.51663E-01
  1139    6.26293E-01    6.57800E-01
  1140    6.03951E-01    6.65463E-01
  1141    5.83399E-01    6.74229E-01
  1142    5.65018E-01    6.84017E-01
  1143    5.48991E-01    6.94665E-01
  1144    5.35668E-01    7.05934E-01
  1145    5.25125E-01    7.18015E-01
  1146    5.17286E-01    7.30251E-01
  1147    5.12061E-01    7.42484E-01
  1148    5.09690E-01    7.54596E-01
  1149    5.10061E-01    7.66569E-01
  1150    5.13037E-01    7.77738E-01
  1151    5.18604E-01    7.88503E-01
  1152    5.26585E-01    7.98093E-01
  1153    5.36927E-01    8.07112E-01
  1154    5.49619E-01    8.14784E-01
  1155    5.64408E-01    8.21071E-01
  1156    5.81094E-01    8.25992E-01
  1157    5.99507E-01    8.29334E-01
  1158    6.19252E-01    8.31092E-01
  1159    6.39973E-01    8.31388E-01
  1160    6.61330E-01    8.30216E-01
  1161    6.82939E-01    8.27576E-01
  1162    7.04253E-01    8.23214E-01
  1163    7.25022E-01    8.17495E-01
  1164    7.44942E-01    8.10977E-01
  1165    7.63552E-01    8.03602E-01
  1166    7.80524E-01    7.95655E-01
  1167    7.95746E-01    7.87476E-01
  1168    8.09189E-01    7.79413E-01
  1169    8.20743E-01    7.71518E-01
  1170    8.30434E-01    7.64474E-01
  1171    8.38233E-01    7.58253E-01
  1172    8.44356E-01    7.53431E-01
  1173    8.48716E-01    7.49748E-01
  1174    8.51388E-01    7.47764E-01
  1175    8.52403E-01    7.47703E-01
  1176    8.51812E-01    7.49457E-01
  1177    8.49323E-01    7.53389E-01
  1178    8.44594E-01    7.59070E-01
  1179    8.37827E-01    7.66743E-01
  1180    8.28715E-01    7.75926E-01
  1181    8.17198E-01    7.87059E-01
  1182    8.03287E-01    7.99103E-01
  1183    7.86531E-01    8.12142E-01
  1184    7.66980E-01    8.24677E-01
  1185    7.45591E-01    8.37296E-01
  1186    7.22177E-01    8.48564E-01
  1187    6.97136E-01    8.57602E-01
  1188    6.71105E-01    8.63812E-01
  1189    6.44549E-01    8.66958E-01
  1190    6.17798E-01    8.65805E-01
  1191    5.91587E-01    8.60099E-01
  1192    5.66167E-01    8.49798E-01
  1193    5.41917E-01    8.35722E-01
  1194    5.19365E-01    8.17688E-01
  1195    4.98603E-01    7.96144E-01
  1196    4.79826E-01    7.73123E-01
  1197    4.63117E-01    7.47956E-01
  1198    4.48514E-01    7.22138E-01
  1199    4.36118E-01    6.96064E-01
  1200    4.26072E-01    6.71374E-01
  1201    4.18279E-01    6.47525E-01
  1202    4.12806E-01    6.25714E-01
  1203    4.09741E-01    6.05535E-01
  1204    4.09010E-01    5.87969E-01
  1205    4.10640E-01    5.72327E-01
  1206    4.14752E-01    5.59738E-01
  1207    4.21321E-01    5.49474E-01
  1208    4.30440E-01    5.41982E-01
  1209    4.42263E-01    5.36879E-01
  1210    4.56685E-01    5.34293E-01
  1211    4.73687E-01    5.34539E-01
  1212    4.93545E-01    5.36960E-01
  1213    5.16422E-01    5.41590E-01
  1214    5.41943E-01    5.48682E-01
  1215    5.69416E-01    5.58239E-01
  1216    5.98938E-01    5.69619E-01
  1217    6.29908E-01    5.83191E-01
  1218    6.61815E-01    5.98310E-01
  1219    6.93192E-01    6.15488E-01
  1220    7.23523E-01    6.33723E-01
  1221    7.51681E-01    6.53826E-01
  1222    7.76834E-01    6.74243E-01
  1223    7.97940E-01    6.95622E-01
  1224    8.14490E-01    7.16371E-01
  1225    8.26355E-01    7.37532E-01
  1226    8.33147E-01    7.57172E-01
  1227    8.35304E-01    7.76582E-01
  1228    8.33200E-01    7.94464E-01
  1229    8.27635E-01    8.11025E-01
  1230    8.19423E-01    8.25091E-01
  1231    8.09647E-01    8.38023E-01
  1232    7.98912E-01    8.49264E-01
  1233    7.88262E-01    8.58712E-01
  1234    7.78162E-01    8.66657E-01
  1235    7.69028E-01    8.73678E-01
  1236    7.61614E-01    8.79336E-01
  1237    7.56253E-01    8.83894E-01
  1238    7.52810E-01    8.87778E-01
  1239    7.51598E-01    8.91063E-01
  1240    7.52446E-01    8.93291E-01
  1241    7.55495E-01    8.94500E-01
  1242    7.60308E-01    8.94666E-01
  1243    7.66806E-01    8.93499E-01
  1244    7.74714E-01    8.90615E-01
  1245    7.83310E-01    8.85544E-01
  1246    7.92356E-01    8.78251E-01
  1247    8.01655E-01    8.68486E-01
  1248    8.10527E-01    8.56374E-01
  1249    8.18657E-01    8.41079E-01
  1250    8.25874E-01    8.23566E-01
  1251    8.31736E-01    8.03058E-01
  1252    8.36029E-01    7.80978E-01
  1253    8.38681E-01    7.56589E-01
  1254    8.39656E-01    7.31385E-01
  1255    8.39059E-01    7.05156E-01
  1256    8.36912E-01    6.79508E-01
  1257    8.33674E-01    6.53425E-01
  1258    8.29287E-01    6.28623E-01
  1259    8.24059E-01    6.04989E-01
  1260    8.18064E-01    5.82964E-01
  1261    8.11361E-01    5.62644E-01
  1262    8.03733E-01    5.43861E-01
  1263    7.95073E-01    5.27373E-01
  1264    7.85040E-01    5.13500E-01
  1265    7.73439E-01    5.01840E-01
  1266    7.59155E-01    4.92532E-01
  1267    7.42285E-01    4.85626E-01
  1268    7.22252E-01    4.81533E-01
  1269    6.98564E-01    4.79499E-01
  1270    6.70939E-01    4.80045E-01
  1271    6.40212E-01    4.83480E-01
  1272    6.06286E-01    4.89329E-01
  1273    5.69674E-01    4.97815E-01
  1274    5.31357E-01    5.08866E-01
  1275    4.92083E-01    5.23009E-01
  1276    4.52401E-01    5.39188E-01
  1277    4.13827E-01    5.58750E-01
  1278    3.76917E-01    5.80665E-01
  1279    3.41939E-01    6.04914E-01
  1280    3.09099E-01    6.30721E-01
  1281    2.79419E-01    6.59349E-01
  1282    2.52509E-01    6.88339E-01
  1283    2.28230E-01    7.18730E-01
  1284    2.06490E-01    7.48115E-01
  1285    1.87603E-01    7.77140E-01
  1286    1.70989E-01    8.03510E-01
  1287    1.56520E-01    8.27486E-01
  1288    1.44015E-01    8.47467E-01
  1289    1.33296E-01    8.63364E-01
  1290    1.24055E-01    8.74179E-01
  1291    1.16190E-01    8.80630E-01
  1292    1.09455E-01    8.82111E-01
  1293    1.03932E-01    8.79260E-01
  1294    9.92243E-02    8.72670E-01
  1295    9.54401E-02    8.62950E-01
  1296    9.24807E-02    8.51423E-01
  1297    9.03336E-02    8.38281E-01
  1298    8.88211E-02    8.24773E-01
  1299    8.81412E-02    8.11498E-01
  1300    8.80769E-02    7.99448E-01
  1301    8.87371E-02    7.88366E-01
  1302    9.02133E-02    7.79396E-01
  1303    9.25001E-02    7.72224E-01
  1304    9.56661E-02    7.67469E-01
  1305    9.97701E-02    7.64724E-01
  1306    1.05172E-01    7.64450E-01
  1307    1.11941E-01    7.66416E-01
  1308    1.20255E-01    7.70495E-01
  1309    1.30622E-01    7.76582E-01
  1310    1.43530E-01    7.84313E-01
  1311    1.59531E-01    7.93087E-01
  1312    1.79124E-01    8.02882E-01
  1313    2.03107E-01    8.13551E-01
  1314    2.33039E-01    8.24705E-01
  1315    2.69436E-01    8.35477E-01
  1316    3.13394E-01    8.45567E-01
  1317    3.64924E-01    8.55019E-01
  1318    4.24201E-01    8.63227E-01
  1319    4.88706E-01    8.70515E-01
  1320    5.56194E-01    8.76006E-01
  1321    6.22193E-01    8.80301E-01
  1322    6.83711E-01    8.83388E-01
  1323    7.35800E-01    8.85128E-01
  1324    7.74508E-01    8.86034E-01
  1325    7.97256E-01    8.86281E-01
  1326    8.04340E-01    8.85990E-01
  1327    7.96466E-01    8.85355E-01
  1328    7.76645E-01    8.84464E-01
  1329    7.48856E-01    8.83179E-01
  1330    7.16682E-01    8.81411E-01
  1331    6.84001E-01    8.78597E-01
  1332    6.54129E-01    8.74743E-01
  1333    6.29431E-01    8.68760E-01
  1334    6.11113E-01    8.59779E-01
  1335    6.00695E-01    8.46949E-01
  1336    5.98670E-01    8.29846E-01
  1337    6.05587E-01    8.07361E-01
  1338    6.21494E-01    7.79893E-01
  1339    6.45399E-01    7.46752E-01
  1340    6.75885E-01    7.08749E-01
  1341    7.10320E-01    6.66108E-01
  1342    7.45674E-01    6.20527E-01
  1343    7.76998E-01    5.72957E-01
  1344    7.99795E-01    5.25058E-01
  1345    8.09793E-01    4.77299E-01
  1346    8.03670E-01    4.31572E-01
  1347    7.80596E-01    3.87666E-01
  1348    7.41763E-01    3.47360E-01
  1349    6.90480E-01    3.10943E-01
  1350    6.32098E-01    2.78240E-01
  1351    5.70386E-01    2.48861E-01
  1352    5.08563E-01    2.23420E-01
  1353    4.50692E-01    2.00719E-01
  1354    3.98409E-01    1.80893E-01
  1355    3.52669E-01    1.63892E-01
  1356    3.15127E-01    1.49534E-01
  1357    2.87062E-01    1.36964E-01
  1358    2.68311E-01    1.26282E-01
  1359    2.59681E-01    1.17072E-01
  1360    2.62454E-01    1.09289E-01
  1361    2.78048E-01    1.02566E-01
  1362    3.07341E-01    9.66955E-02
  1363    3.47655E-01    9.17073E-02
  1364    3.94078E-01    8.76230E-02
  1365    4.39434E-01    8.45833E-02
  1366    4.75729E-01    8.22390E-02
  1367    4.95181E-01    8.04533E-02
  1368    4.92005E-01    7.89120E-02
  1369    4.65562E-01    7.81518E-02
  1370    4.19981E-01    7.81504E-02
  1371    3.61269E-01    7.84014E-02
  1372    2.95257E-01    7.92325E-02
  1373    2.29867E-01    8.06967E-02
  1374    1.71515E-01    8.26962E-02
  1375    1.23359E-01    8.51569E-02
  1376    8.62669E-02    8.84422E-02
  1377    5.91630E-02    9.27455E-02
  1378    3.99200E-02    9.84662E-02
  1379    2.67642E-02    1.05527E-01
  1380    1.80781E-02    1.14517E-01
  1381    1.22677E-02    1.25890E-01
  1382    8.47193E-03    1.39825E-01
  1383    5.95639E-03    1.56639E-01
  1384    4.32829E-03    1.77148E-01
  1385    3.25094E-03    2.01745E-01
  1386    2.39158E-03    2.30903E-01
  1387    1.85344E-03    2.66397E-01
  1388    1.53610E-03    3.09032E-01
  1389    1.24440E-03    3.58594E-01
  1390    9.81389E-04    4.17118E-01
  1391    8.13301E-04    4.84362E-01
  1392    7.50548E-04    5.56595E-01
  1393    6.35113E-04    6.29636E-01
  1394    5.06925E-04    6.99188E-01
  1395    4.34572E-04    7.58013E-01
  1396    3.77292E-04    7.99766E-01
  1397    2.88314E-04    8.21216E-01
  1398    2.42966E-04    8.22042E-01
  1399    2.10888E-04    8.05475E-01
  1400    2.05715E-04    7.74723E-01
  1401    2.74989E-04    7.35471E-01
  1402    2.37886E-04    6.92998E-01
  1403    1.76825E-04    6.52114E-01
  1404    1.47031E-04    6.15426E-01
  1405    1.01705E-04    5.85423E-01
  1406    8.95559E-05    5.62934E-01
  1407    1.24913E-04    5.48201E-01
  1408    1.67125E-04    5.42668E-01
  1409    1.37662E-04    5.46495E-01
  1410    1.03804E-04    5.59942E-01
  1411    1.32290E-04    5.82295E-01
  1412    1.44525E-04    6.13969E-01
  1413    1.06209E-04    6.53431E-01
  1414    1.06265E-04    6.99350E-01
  1415    1.16570E-04    7.47359E-01
  1416    1.03475E-04    7.92438E-01
  1417    6.96538E-05    8.28332E-01
  1418    1.11286E-04    8.49218E-01
  1419    2.00926E-04    8.50258E-01
  1420    1.44015E-04    8.28632E-01
  1421    5.70721E-05    7.85982E-01
  1422    1.17029E-05    7.24489E-01
  1423    1.11062E-05    6.51833E-01
  1424    1.63475E-05    5.73259E-01
  1425    1.02052E-05    4.96025E-01
  1426    6.55449E-05    4.24620E-01
  1427    6.58265E-05    3.62608E-01
  1428    4.48482E-05    3.10963E-01
  1429    1.90755E-05    2.69145E-01
  1430    4.60435E-05    2.36322E-01
  1431    7.90579E-05    2.11155E-01
  1432    6.63575E-05    1.93004E-01
  1433    4.79613E-05    1.80693E-01
  1434    1.09173E-04    1.73939E-01
  1435    1.47180E-04    1.73018E-01
  1436    7.48667E-05    1.78707E-01
  1437    4.49421E-05    1.93610E-01
  1438    7.85138E-05    2.21539E-01
  1439    9.34613E-05    2.63881E-01
  1440    8.08536E-05    3.20551E-01
  1441    4.33993E-05    3.85385E-01
  1442    6.87205E-05    4.48798E-01
  1443    1.03752E-04    4.99526E-01
  1444    3.81692E-05    5.23733E-01
  1445    6.48830E-05    5.11784E-01
  1446    9.60328E-05    4.64930E-01
  1447    4.26053E-05    3.92148E-01
  1448    6.15796E-05    3.06815E-01
  1449    9.42264E-05    2.22448E-01
  1450    3.60479E-05    1.50542E-01
  1451    3.81925E-05    9.59752E-02
  1452    1.07434E-04    5.94279E-02
  1453    1.14330E-04    3.69599E-02
  1454    3.94085E-05    2.36552E-02
  1455    7.21738E-06    1.55531E-02
  1456    6.15695E-05    1.09985E-02
  1457    6.27236E-05    7.94691E-03
  1458    6.14187E-05    5.83103E-03
  1459    1.05850E-04    4.57964E-03
  1460    9.66290E-05    3.55991E-03
  1461    5.05874E-05    2.56863E-03
  1462    3.97290E-05    2.17727E-03
  1463    5.24538E-05    1.71366E-03
  1464    5.51543E-05    1.47362E-03
  1465    8.29537E-05    1.29106E-03
  1466    1.29673E-04    1.05890E-03
  1467    1.10349E-04    8.91646E-04
  1468    6.75114E-05    6.58046E-04
  1469    4.30042E-05    6.50063E-04
  1470    5.04464E-05    4.61231E-04
  1471    9.79394E-05    5.14083E-04
  1472    1.53327E-04    5.13438E-04
  1473    9.72182E-05    1.94281E-04
  1474    8.18554E-05    4.46462E-04
  1475    6.22952E-05    2.90008E-04
  1476    7.73348E-05    2.79498E-04
  1477    4.21627E-05    1.27051E-04
  1478    1.43683E-05    1.59868E-04
  1479    3.73397E-05    1.89580E-05
  1480    1.87782E-05    2.27761E-04
  1481    1.28806E-04    1.44374E-04
  1482    1.88655E-04    3.35696E-04
  1483    1.57542E-04    2.19652E-04
  1484    1.45567E-04    2.39004E-04
  1485    1.18124E-04    8.00217E-05
  1486    1.36085E-04    6.22453E-05
  1487    1.36306E-04    6.08899E-05
  1488    1.20118E-04    1.23003E-04
  1489    1.68029E-04    3.72137E-05
  1490    1.11136E-04    1.65203E-04
  1491    1.44664E-04    1.43244E-04
  1492    1.14899E-04    2.87788E-04
  1493    1.37015E-04    1.17972E-04
  1494    1.33445E-04    2.49449E-04
  1495    1.57728E-04    1.19038E-04
  1496    9.77388E-05    3.49079E-05
  1497    5.70584E-05    9.81296E-05
  1498    6.20498E-05    6.65722E-05
  1499    1.04382E-04    1.29454E-05
  1500    1.57004E-04    7.22334E-05
  1501    7.80014E-05    1.47618E-04
  1502    1.72557E-04    1.31278E-04
  1503    2.19849E-04    1.01404E-04
  1504    1.12123E-04    3.19591E-04
  1505    1.57103E-04    1.40300E-04
  1506    1.97784E-04    2.67719E-04
  1507    1.73359E-04    3.36012E-05
  1508    1.83920E-04    2.83782E-05
  1509    2.10117E-04    5.38583E-05
  1510    1.38549E-04    2.28932E-04
  1511    2.29433E-04    2.19471E-04
  1512    2.78344E-04    6.13822E-05
  1513    2.37426E-04    4.30259E-05
  1514    2.53657E-04    1.24449E-04
  1515    2.28311E-04    4.58635E-05
  1516    2.93498E-04    1.20488E-04
  1517    3.12254E-04    3.05147E-05
  1518    2.88822E-04    6.84999E-05
  1519    2.98508E-04    1.35019E-05
  1520    3.64117E-04    8.82018E-05
  1521    3.87389E-04    7.81438E-05
  1522    3.78880E-04    8.07160E-05
  1523    4.83292E-04    1.79052E-05
  1524    4.72128E-04    2.99291E-04
  1525    4.58224E-04    2.36212E-04
  1526    6.09757E-04    5.37350E-05
  1527    6.33677E-04    1.00720E-04
  1528    6.15625E-04    8.07896E-05
  1529    8.24817E-04    7.23652E-05
  1530    8.77186E-04    4.26756E-05
  1531    8.55474E-04    1.68474E-04
  1532    1.08164E-03    3.22304E-05
  1533    1.16903E-03    4.29023E-05
  1534    1.41330E-03    3.04118E-05
  1535    1.69916E-03    4.44169E-05
  1536    1.90714E-03    5.77802E-05
  1537    2.09384E-03    9.53720E-05
  1538    2.63787E-03    1.11337E-04
  1539    3.16231E-03    1.18933E-04
  1540    3.65590E-03    1.49508E-04
  1541    4.49817E-03    1.55583E-04
  1542    5.56850E-03    4.66724E-05
  1543    6.84363E-03    2.87854E-04
  1544    8.55400E-03    4.30979E-05
  1545    1.08360E-02    1.01011E-05
  1546    1.38670E-02    1.87885E-04
  1547    1.77577E-02    1.11961E-04
  1548    2.30548E-02    1.38173E-04
  1549    3.03376E-02    1.23714E-04
  1550    4.03738E-02    2.09019E-04
  1551    5.39168E-02    5.93182E-05
  1552    7.27891E-02    1.07772E-04
  1553    9.83694E-02    1.91458E-05
  1554    1.32529E-01    8.55398E-05
  1555    1.77088E-01    1.80420E-04
  1556    2.33718E-01    2.56801E-04
  1557    3.00835E-01    8.79805E-05
  1558    3.78055E-01    1.98169E-04
  1559    4.61942E-01    2.38439E-04
  1560    5.49011E-01    9.39889E-05
  1561    6.32743E-01    1.33731E-04
  1562    7.10240E-01    6.98328E-05
  1563    7.77486E-01    3.08767E-05
  1564    8.31064E-01    1.41173E-04
  1565    8.70887E-01    1.37514E-04
  1566    8.99759E-01    1.41287E-04
  1567    9.18923E-01    1.60381E-04
  1568    9.31103E-01    1.78782E-04
  1569    9.39236E-01    1.61282E-04
  1570    9.44560E-01    2.04978E-04
  1571    9.48752E-01    1.13346E-04
  1572    9.52375E-01    6.57427E-05
  1573    9.55965E-01    1.66131E-04
  1574    9.59422E-01    1.88047E-04
  1575    9.62632E-01    5.17969E-05
  1576    9.65252E-01    5.27330E-05
  1577    9.67352E-01    1.67409E-04
  1578    9.68578E-01    1.41872E-05
  1579    9.69052E-01    2.36530E-05
  1580    9.68698E-01    8.07577E-05
  1581    9.67879E-01    1.60143E-04
  1582    9.66897E-01    2.01495E-04
  1583    9.65865E-01    1.21452E-04
  1584    9.64893E-01    4.19139E-05
  1585    9.64337E-01    5.70658E-05
  1586    9.64298E-01    6.24053E-05
  1587    9.64602E-01    3.91782E-05
  1588    9.65207E-01    1.07908E-04
  1589    9.66223E-01    3.73616E-04
  1590    9.67532E-01    7.35685E-05
  1591    9.68656E-01    8.05287E-05
  1592    9.69110E-01    3.34793E-04
  1593    9.69280E-01    6.79903E-05
  1594    9.68939E-01    1.48908E-04
  1595    9.68288E-01    3.27749E-04
  1596    9.67749E-01    2.55018E-04
  1597    9.66991E-01    3.71230E-05
  1598    9.66519E-01    1.38704E-04
  1599    9.66804E-01    2.63164E-04
  1600    9.67842E-01    2.21042E-04
  1601    9.69140E-01    4.58801E-04
  1602    9.69619E-01    3.34058E-04
  1603    9.67800E-01    3.71105E-04
  1604    9.61405E-01    7.01735E-04
  1605    9.47362E-01    3.74965E-04
  1606    9.23410E-01    4.30189E-04
  1607    8.86714E-01    5.44486E-04
  1608    8.37711E-01    6.33330E-04
  1609    7.75479E-01    8.49518E-04
  1610    7.03896E-01    1.13026E-03
  1611    6.23733E-01    9.71908E-04
  1612    5.41133E-01    1.07279E-03
  1613    4.58971E-01    1.36068E-03
  1614    3.82432E-01    1.56013E-03
  1615    3.13480E-01    1.81772E-03
  1616    2.53773E-01    1.94340E-03
  1617    2.01586E-01    2.09529E-03
  1618    1.58682E-01    2.81527E-03
  1619    1.23905E-01    6.09789E-03
  1620    9.63905E-02    6.79183E-03
  1621    7.43552E-02    8.43496E-03
  1622    5.73913E-02    1.07844E-02
  1623    4.43114E-02    1.27864E-02
  1624    3.43524E-02    1.57376E-02
  1625    2.67153E-02    2.00069E-02
  1626    2.09607E-02    2.46275E-02
  1627    1.66220E-02    3.17434E-02
  1628    1.32695E-02    3.94280E-02
  1629    1.06106E-02    5.13484E-02
  1630    8.55249E-03    6.56863E-02
  1631    7.14697E-03    8.61603E-02
  1632    5.89809E-03    1.12958E-01
  1633    4.90640E-03    1.48230E-01
  1634    4.15825E-03    1.91471E-01
  1635    3.44712E-03    2.48751E-01
  1636    2.87363E-03    3.12621E-01
  1637    2.45986E-03    3.91022E-01
  1638    2.12804E-03    4.70430E-01
  1639    1.84286E-03    5.61533E-01
  1640    1.68138E-03    6.44969E-01
  1641    1.33902E-03    7.24603E-01
  1642    1.03463E-03    7.90982E-01
  1643    1.14242E-03    8.50797E-01
  1644    1.00628E-03    8.92482E-01
  1645    8.74505E-04    9.23086E-01
  1646    8.57187E-04    9.42258E-01
  1647    8.04605E-04    9.53705E-01
  1648    7.75587E-04    9.59683E-01
  1649    6.42281E-04    9.62635E-01
  1650    4.62652E-04    9.63901E-01
  1651    3.72512E-04    9.64089E-01
  1652    3.57903E-04    9.64334E-01
  1653    3.07811E-04    9.65578E-01
  1654    2.15619E-04    9.66356E-01
  1655    3.31708E-04    9.67338E-01
  1656    3.12061E-04    9.68512E-01
  1657    3.47838E-04    9.69043E-01
  1658    3.41979E-04    9.69054E-01
  1659    2.47788E-04    9.69098E-01
  1660    2.14073E-04    9.68627E-01
  1661    3.02348E-04    9.67866E-01
  1662    2.36857E-04    9.67192E-01
  1663    1.92620E-04    9.66392E-01
  1664    1.61737E-04    9.66757E-01
  1665    1.90161E-04    9.67057E-01
  1666    2.31622E-04    9.67286E-01
  1667    2.40155E-04    9.69062E-01
  1668    2.18743E-04    9.70759E-01
  1669    1.85835E-04    9.73232E-01
  1670    2.15263E-04    9.74955E-01
  1671    2.31077E-04    9.76147E-01
  1672    2.32970E-04    9.76727E-01
  1673    1.97045E-04    9.76142E-01
  1674    1.78871E-04    9.74975E-01
  1675    9.45853E-05    9.73376E-01
  1676    7.41519E-05    9.71461E-01
  1677    1.17585E-04    9.68484E-01
  1678    3.03752E-04    9.66165E-01
  1679    1.90777E-04    9.63774E-01
  1680    1.47081E-04    9.63585E-01
  1681    2.28623E-04    9.63944E-01
  1682    1.32531E-04    9.65974E-01
  1683    3.80516E-05    9.67404E-01
  1684    1.34302E-04    9.67455E-01
  1685    1.72496E-04    9.64734E-01
  1686    1.23123E-04    9.55194E-01
  1687    1.09960E-04    9.36466E-01
  1688    1.03556E-04    9.05090E-01
  1689    1.08639E-04    8.59915E-01
  1690    1.35651E-04    8.02387E-01
  1691    7.45180E-05    7.32113E-01
  1692    2.60094E-05    6.50087E-01
  1693    1.72018E-05    5.65471E-01
  1694    3.58301E-05    4.80311E-01
  1695    7.37573E-05    3.98632E-01
  1696    2.08995E-04    3.23265E-01
  1697    1.55346E-04    2.58300E-01
  1698    9.65827E-05    2.04265E-01
  1699    1.29940E-04    1.58815E-01
  1700    1.49793E-04    1.21999E-01
  1701    1.23231E-04    9.41530E-02
  1702    1.11438E-04    7.24730E-02
  1703    3.96473E-05    5.54099E-02
  1704    1.53563E-04    4.24932E-02
  1705    3.54935E-04    3.39684E-02
  1706    2.26008E-04    2.60710E-02
  1707    1.70658E-04    2.03726E-02
  1708    1.90581E-04    1.68019E-02
  1709    6.92699E-05    1.31485E-02
  1710    1.16927E-04    1.05317E-02
  1711    2.39117E-04    8.71347E-03
  1712    1.90309E-04    6.89905E-03
  1713    1.56643E-04    5.94152E-03
  1714    1.71804E-04    4.99150E-03
  1715    1.55767E-04    4.67009E-03
  1716    1.69354E-04    3.73289E-03
  1717    1.46420E-04    2.70451E-03
  1718    1.67030E-04    2.16551E-03
  1719    1.80900E-04    2.56214E-03
  1720    8.64705E-05    4.78132E-03
  1721    8.29963E-05    4.04171E-03
  1722    1.38823E-04    3.47635E-03
  1723    3.28815E-04    3.14755E-03
  1724    2.16617E-04    2.52460E-03
  1725    1.28471E-04    2.32135E-03
  1726    2.47764E-04    2.01216E-03
  1727    1.33570E-04    1.49812E-03
  1728    5.00485E-05    1.67584E-03
  1729    1.14997E-04    1.35230E-03
  1730    1.10114E-04    8.83905E-04
  1731    2.28884E-04    9.45177E-04
  1732    3.50113E-04    8.93548E-04
  1733    1.27708E-04    9.25318E-04
  1734    1.28171E-04    1.03003E-03
  1735    2.18044E-04    6.69929E-04
  1736    8.80463E-05    4.04437E-04
  1737    4.88078E-05    6.91710E-04
  1738    1.24465E-04    4.21712E-04
  1739    2.28539E-04    5.79225E-05
  1740    1.29876E-04    5.69493E-04
  1741    7.09975E-05    4.92118E-04
  1742    1.91087E-04    3.58605E-04
  1743    1.62938E-04    5.98931E-04
  1744    1.46784E-04    1.30278E-04
  1745    7.54879E-05    1.79687E-04
  1746    2.03248E-04    2.48846E-04
  1747    2.44175E-04    2.95738E-04
  1748    1.15347E-04    1.45377E-04
  1749    2.24488E-04    2.94887E-04
  1750    2.18168E-04    1.12303E-04
  1751    1.54401E-04    2.60419E-04
  1752    1.50839E-04    3.40963E-04
  1753    1.39325E-04    3.02229E-04
  1754    1.87896E-04    7.14389E-05
  1755    1.96490E-04    2.52748E-04
  1756    1.69871E-04    6.08540E-05
  1757    1.74046E-04    1.10794E-04
  1758    2.10450E-04    2.91621E-04
  1759    1.77904E-04    1.54237E-04
  1760    5.15566E-05    1.32596E-04
  1761    1.26767E-04    1.76742E-04
  1762    2.45341E-04    1.46471E-04
  1763    1.83284E-04    1.03659E-04
  1764    2.08856E-04    6.88315E-05
  1765    2.40820E-04    5.89438E-05
  1766    1.07048E-04    1.90290E-04
  1767    2.86003E-04    1.13231E-04
  1768    3.18105E-04    1.50728E-04
  1769    1.33021E-04    6.41224E-05
  1770    1.92753E-04    1.94915E-04
  1771    2.02404E-04    2.24038E-04
  1772    1.70949E-04    2.88991E-04
  1773    1.53658E-04    4.00531E-04
  1774    1.84304E-04    2.84128E-04
  1775    6.36445E-05    4.16799E-05
  1776    1.50497E-04    5.03496E-05
  1777    2.24313E-04    2.38582E-04
  1778    1.18327E-04    5.69718E-05
  1779    3.46727E-04    2.44407E-04
  1780    3.85157E-04    3.31838E-04
  1781    2.68599E-04    1.48134E-04
  1782    2.35047E-04    1.96715E-05
  1783    2.30657E-04    2.15338E-04
  1784    2.78952E-04    2.10044E-04
  1785    2.26825E-04    2.67668E-05
  1786    2.57361E-04    2.34050E-05
  1787    2.11293E-04    1.03793E-04
  1788    3.42933E-04    4.51686E-04
  1789    2.89677E-04    2.76955E-04
  1790    1.30428E-04    6.70151E-05
  1791    2.44079E-04    2.46192E-04
  1792    2.42406E-04    9.41230E-05
  1793    1.57463E-04    2.98767E-04
  1794    1.78974E-04    6.40647E-04
  1795    3.33679E-04    1.69151E-04
  1796    2.70951E-04    4.32378E-04
  1797    3.64466E-04    4.98888E-04
  1798    3.48073E-04    4.44071E-04
  1799    2.57190E-04    3.16947E-05
  1800    2.86502E-04    2.73218E-04
  1801    3.62995E-04    1.06610E-04
  1802    2.00226E-04    8.96661E-05
  1803    3.09881E-04    2.42741E-04
  1804    3.33574E-04    1.78619E-04
  1805    2.60231E-04    4.29876E-04
  1806    5.55709E-04    2.66063E-04
  1807    6.52951E-04    1.30834E-04
  1808    2.36743E-04    3.30190E-04
  1809    3.64209E-04    1.18658E-04
  1810    4.19611E-04    1.01570E-04
  1811    3.48575E-04    2.95886E-04
  1812    3.62471E-04    1.69364E-04
  1813    4.15771E-04    8.95912E-05
  1814    5.28042E-04    3.25320E-04
  1815    4.30422E-04    5.46117E-04
  1816    3.66940E-04    1.48528E-04
  1817    4.98755E-04    3.44395E-04
  1818    4.85880E-04    5.10873E-04
  1819    6.05621E-04    3.00683E-04
  1820    5.41068E-04    3.50045E-04
  1821    5.18322E-04    5.20811E-04
  1822    7.10161E-04    1.30539E-04
  1823    9.42847E-04    4.22802E-04
  1824    7.39227E-04    1.51740E-04
  1825    9.28711E-04    2.46484E-04
  1826    8.11239E-04    7.57982E-05
  1827    1.10449E-03    3.92488E-04
  1828    1.19778E-03    3.00273E-04
  1829    1.13496E-03    3.79751E-04
  1830    1.23763E-03    3.28029E-04
  1831    1.44951E-03    5.99233E-05
  1832    1.76128E-03    1.39820E-04
  1833    1.97233E-03    2.01765E-04
  1834    2.05580E-03    1.34943E-04
  1835    1.99253E-03    2.30493E-04
  1836    2.57432E-03    3.99323E-04
  1837    2.85185E-03    1.86377E-04
  1838    3.25585E-03    6.52399E-04
  1839    3.23546E-03    9.01814E-04
  1840    3.95499E-03    4.92852E-04
  1841    4.43498E-03    6.06834E-04
  1842    5.65401E-03    2.36497E-04
  1843    6.61020E-03    4.35353E-05
  1844    7.57191E-03    2.09029E-05
  1845    8.74819E-03    1.86107E-04
  1846    1.01271E-02    1.86397E-04
  1847    1.18959E-02    6.05027E-04
  1848    1.44919E-02    1.17956E-03
  1849    1.78616E-02    1.05879E-04
  1850    2.21349E-02    6.91568E-04
  1851    2.82532E-02    5.42284E-04
  1852    3.65664E-02    2.44171E-04
  1853    4.74568E-02    5.01969E-05
  1854    6.46657E-02    7.60076E-04
  1855    8.68092E-02    5.52435E-04
  1856    1.15757E-01    2.42944E-04
  1857    1.54102E-01    4.98083E-04
  1858    2.05834E-01    1.15629E-04
  1859    2.64763E-01    2.95129E-04
  1860    3.36438E-01    7.02900E-04
  1861    4.14644E-01    7.12858E-04
  1862    4.91117E-01    6.93832E-05
  1863    5.52433E-01    3.49307E-04
  1864    5.90627E-01    2.44973E-04
  1865    6.02684E-01    5.41583E-04
  1866    5.86169E-01    9.05364E-04
  1867    5.46145E-01    3.30315E-04
  1868    4.96722E-01    4.27001E-04
  1869    4.45841E-01    8.24684E-04
  1870    3.98605E-01    9.49685E-05
  1871    3.55372E-01    4.54713E-04
  1872    3.19594E-01    4.40125E-04
  1873    2.89332E-01    1.62369E-04
  1874    2.61885E-01    2.01355E-05
  1875    2.39230E-01    4.14996E-04
  1876    2.20007E-01    1.84705E-04
  1877    2.03070E-01    8.27902E-05
  1878    1.89058E-01    4.68394E-04
  1879    1.77754E-01    3.88662E-04
  1880    1.69147E-01    9.99737E-05
  1881    1.63689E-01    1.02234E-05
  1882    1.59829E-01    1.41276E-04
  1883    1.57935E-01    1.91522E-04
  1884    1.58358E-01    2.70153E-04
  1885    1.59892E-01    1.76352E-04
  1886    1.62633E-01    2.10667E-04
  1887    1.67094E-01    1.37267E-04
  1888    1.72165E-01    1.29374E-05
  1889    1.78296E-01    2.08168E-05
  1890    1.86899E-01    7.80381E-04
  1891    1.97076E-01    4.40342E-04
  1892    2.09338E-01    2.32933E-04
  1893    2.24555E-01    4.96141E-04
  1894    2.42115E-01    1.41524E-04
  1895    2.62241E-01    6.57457E-05
  1896    2.85460E-01    6.95165E-04
  1897    3.12315E-01    1.00549E-04
  1898    3.43310E-01    3.62051E-04
  1899    3.79863E-01    4.19688E-04
  1900    4.19546E-01    3.69248E-04
  1901    4.62752E-01    2.37285E-04
  1902    5.06471E-01    2.28599E-04
  1903    5.52657E-01    4.26837E-04
  1904    6.00568E-01    3.33417E-04
  1905    6.51206E-01    6.24887E-04
  1906    7.02979E-01    4.63986E-04
  1907    7.55789E-01    2.45950E-04
  1908    8.02461E-01    6.42362E-04
  1909    8.40886E-01    4.69146E-04
  1910    8.69378E-01    1.83098E-04
  1911    8.87561E-01    4.23936E-04
  1912    8.95844E-01    2.19056E-04
  1913    8.94231E-01    8.59970E-05
  1914    8.83677E-01    9.72874E-04
  1915    8.65534E-01    5.90512E-04
  1916    8.41369E-01    5.96106E-04
  1917    8.13221E-01    3.03648E-04
  1918    7.82895E-01    4.50709E-04
  1919    7.51140E-01    8.98008E-04
  1920    7.18771E-01    4.25327E-04
  1921    6.85414E-01    8.85961E-05
  1922    6.52917E-01    5.48671E-05
  1923    6.23290E-01    1.37437E-03
  1924    5.95659E-01    4.24356E-04
  1925    5.70796E-01    5.92983E-04
  1926    5.49368E-01    1.37583E-03
  1927    5.30383E-01    1.11785E-03
  1928    5.13757E-01    7.10064E-04
  1929    4.99745E-01    6.48805E-04
  1930    4.87654E-01    6.94949E-05
  1931    4.77946E-01    2.92050E-04
  1932    4.70540E-01    1.55918E-03
  1933    4.65212E-01    1.22886E-03
  1934    4.62175E-01    8.39522E-04
  1935    4.61574E-01    1.69403E-03
  1936    4.62926E-01    1.21141E-03
  1937    4.66403E-01    1.43046E-03
  1938    4.72187E-01    2.00357E-03
  1939    4.80133E-01    1.39054E-03
  1940    4.90703E-01    1.75875E-03
  1941    5.03320E-01    2.39091E-03
  1942    5.17925E-01    2.33754E-03
  1943    5.35048E-01    2.67940E-03
  1944    5.55061E-01    2.92909E-03
  1945    5.77116E-01    3.54582E-03
  1946    6.01907E-01    4.12447E-03
  1947    6.29353E-01    4.56553E-03
  1948    6.58492E-01    4.86271E-03
  1949    6.89102E-01    5.48305E-03
  1950    7.21250E-01    6.57618E-03
  1951    7.53137E-01    7.71003E-03
  1952    7.84360E-01    9.22636E-03
  1953    8.13482E-01    1.05923E-02
  1954    8.39653E-01    1.24662E-02
  1955    8.61050E-01    1.51562E-02
  1956    8.76894E-01    1.85287E-02
  1957    8.85947E-01    2.22854E-02
  1958    8.87349E-01    2.74977E-02
  1959    8.80590E-01    3.43005E-02
  1960    8.65841E-01    4.35686E-02
  1961    8.43750E-01    5.59988E-02
  1962    8.15440E-01    7.32700E-02
  1963    7.81453E-01    9.65747E-02
  1964    7.42729E-01    1.29663E-01
  1965    7.01315E-01    1.75942E-01
  1966    6.57866E-01    2.36714E-01
  1967    6.13882E-01    3.13057E-01
  1968    5.70408E-01    4.01592E-01
  1969    5.28129E-01    4.94822E-01
  1970    4.87384E-01    5.84657E-01
  1971    4.48993E-01    6.59205E-01
  1972    4.13129E-01    7.06169E-01
  1973    3.79832E-01    7.21714E-01
  1974    3.48966E-01    7.05386E-01
  1975    3.20736E-01    6.62903E-01
  1976    2.95008E-01    6.03217E-01
  1977    2.71976E-01    5.34721E-01
  1978    2.51009E-01    4.67677E-01
  1979    2.32239E-01    4.08374E-01
  1980    2.15259E-01    3.57850E-01
  1981    2.00094E-01    3.16010E-01
  1982    1.86590E-01    2.83380E-01
  1983    1.74070E-01    2.58505E-01
  1984    1.62614E-01    2.38532E-01
  1985    1.52764E-01    2.23736E-01
  1986    1.43999E-01    2.13061E-01
  1987    1.35749E-01    2.05053E-01
  1988    1.28335E-01    1.99378E-01
  1989    1.21738E-01    1.96110E-01
  1990    1.15742E-01    1.94968E-01
  1991    1.10373E-01    1.95010E-01
  1992    1.05557E-01    1.96743E-01
  1993    1.01151E-01    2.00055E-01
  1994    9.70251E-02    2.05083E-01
  1995    9.31875E-02    2.11734E-01
  1996    8.98009E-02    2.19324E-01
  1997    8.68514E-02    2.29287E-01
  1998    8.40615E-02    2.40943E-01
  1999    8.14065E-02    2.54265E-01
  2000    7.90006E-02    2.70093E-01
  2001    7.67259E-02    2.88147E-01
  2002    7.46980E-02    3.08310E-01
  2003    7.30650E-02    3.32071E-01
  2004    7.14439E-02    3.58596E-01
  2005    6.96993E-02    3.88801E-01
  2006    6.85669E-02    4.22360E-01
  2007    6.76385E-02    4.59897E-01
  2008    6.61836E-02    5.00466E-01
  2009    6.53140E-02    5.44485E-01
  2010    6.47187E-02    5.91443E-01
  2011    6.35334E-02    6.40802E-01
  2012    6.27373E-02    6.90741E-01
  2013    6.23919E-02    7.40297E-01
  2014    6.19145E-02    7.87053E-01
  2015    6.16137E-02    8.29742E-01
  2016    6.13727E-02    8.66430E-01
  2017    6.09035E-02    8.95517E-01
  2018    6.08048E-02    9.15627E-01
  2019    6.08047E-02    9.25720E-01
  2020    6.07952E-02    9.25720E-01
  2021    6.10235E-02    9.16903E-01
  2022    6.11235E-02    9.00371E-01
  2023    6.11703E-02    8.76322E-01
  2024    6.15740E-02    8.47764E-01
  2025    6.20519E-02    8.15567E-01
  2026    6.21564E-02    7.82153E-01
  2027    6.27863E-02    7.47712E-01
  2028    6.36044E-02    7.13370E-01
  2029    6.39885E-02    6.81052E-01
  2030    6.47671E-02    6.51030E-01
  2031    6.58657E-02    6.23318E-01
  2032    6.65162E-02    5.98069E-01
  2033    6.74934E-02    5.74747E-01
  2034    6.88265E-02    5.54667E-01
  2035    7.00323E-02    5.37101E-01
  2036    7.11764E-02    5.21650E-01
  2037    7.24539E-02    5.08460E-01
  2038    7.38093E-02    4.98075E-01
  2039    7.57737E-02    4.90016E-01
  2040    7.76137E-02    4.83832E-01
  2041    7.90674E-02    4.79440E-01
  2042    8.10899E-02    4.77467E-01
  2043    8.35776E-02    4.77185E-01
  2044    8.57465E-02    4.78114E-01
  2045    8.80199E-02    4.81567E-01
  2046    9.04726E-02    4.87227E-01
  2047    9.31541E-02    4.94682E-01
  2048    9.62005E-02    5.03623E-01
  2049    9.91811E-02    5.14622E-01
  2050    1.02349E-01    5.28320E-01
  2051    1.06134E-01    5.43902E-01
  2052    1.10005E-01    5.61453E-01
  2053    1.14022E-01    5.81468E-01
  2054    1.18353E-01    6.03572E-01
  2055    1.22894E-01    6.28535E-01
  2056    1.27320E-01    6.54911E-01
  2057    1.32692E-01    6.84395E-01
  2058    1.38210E-01    7.14092E-01
  2059    1.43753E-01    7.46187E-01
  2060    1.50061E-01    7.77688E-01
  2061    1.56588E-01    8.09591E-01
  2062    1.63398E-01    8.40187E-01
  2063    1.71204E-01    8.68575E-01
  2064    1.79163E-01    8.93148E-01
  2065    1.87251E-01    9.12119E-01
  2066    1.96573E-01    9.24973E-01
  2067    2.06304E-01    9.30314E-01
  2068    2.16048E-01    9.26968E-01
  2069    2.26946E-01    9.15429E-01
  2070    2.38147E-01    8.96399E-01
  2071    2.50222E-01    8.68293E-01
  2072    2.63040E-01    8.34422E-01
  2073    2.76522E-01    7.94662E-01
  2074    2.90572E-01    7.51425E-01
  2075    3.05601E-01    7.06391E-01
  2076    3.21144E-01    6.58784E-01
  2077    3.37676E-01    6.13294E-01
  2078    3.55232E-01    5.68768E-01
  2079    3.73397E-01    5.25790E-01
  2080    3.91884E-01    4.84313E-01
  2081    4.11927E-01    4.46914E-01
  2082    4.32154E-01    4.11935E-01
  2083    4.53014E-01    3.79985E-01
  2084    4.74884E-01    3.50607E-01
  2085    4.97245E-01    3.23946E-01
  2086    5.19660E-01    2.99644E-01
  2087    5.43057E-01    2.78184E-01
  2088    5.66222E-01    2.57867E-01
  2089    5.89662E-01    2.39361E-01
  2090    6.13194E-01    2.25066E-01
  2091    6.36941E-01    2.09759E-01
  2092    6.60285E-01    1.96689E-01
  2093    6.83557E-01    1.84926E-01
  2094    7.06186E-01    1.73475E-01
  2095    7.28356E-01    1.63629E-01
  2096    7.49794E-01    1.56185E-01
  2097    7.70503E-01    1.47216E-01
  2098    7.89971E-01    1.39735E-01
  2099    8.08749E-01    1.32936E-01
  2100    8.26223E-01    1.27395E-01
  2101    8.42461E-01    1.22070E-01
  2102    8.57376E-01    1.15904E-01
  2103    8.71495E-01    1.11957E-01
  2104    8.84142E-01    1.07207E-01
  2105    8.95749E-01    1.03430E-01
  2106    9.05739E-01    9.96107E-02
  2107    9.14790E-01    9.57111E-02
  2108    9.22742E-01    9.44001E-02
  2109    9.29511E-01    9.12552E-02
  2110    9.35387E-01    8.78775E-02
  2111    9.40400E-01    8.62378E-02
  2112    9.44669E-01    8.34080E-02
  2113    9.48303E-01    8.17934E-02
  2114    9.50768E-01    7.99952E-02
  2115    9.52743E-01    7.87296E-02
  2116    9.54325E-01    7.61838E-02
  2117    9.55629E-01    7.63030E-02
  2118    9.56286E-01    7.48306E-02
  2119    9.56841E-01    7.28043E-02
  2120    9.57035E-01    7.35073E-02
  2121    9.56833E-01    7.21251E-02
  2122    9.56165E-01    7.10254E-02
  2123    9.55733E-01    7.01183E-02
  2124    9.55361E-01    6.98181E-02
  2125    9.54517E-01    6.98115E-02
  2126    9.53644E-01    6.81408E-02
  2127    9.52902E-01    6.91874E-02
  2128    9.52314E-01    6.75849E-02
  2129    9.51641E-01    6.85504E-02
  2130    9.50679E-01    6.82609E-02
  2131    9.49959E-01    6.78763E-02
  2132    9.48697E-01    6.79799E-02
  2133    9.47775E-01    6.82492E-02
  2134    9.46790E-01    6.73636E-02
  2135    9.45990E-01    6.91528E-02
  2136    9.44666E-01    6.87989E-02
  2137    9.43955E-01    6.94407E-02
  2138    9.43020E-01    7.09682E-02
  2139    9.41502E-01    7.08531E-02
  2140    9.40229E-01    7.04759E-02
  2141    9.39068E-01    7.24704E-02
  2142    9.37879E-01    7.24539E-02
  2143    9.36283E-01    7.36909E-02
  2144    9.34893E-01    7.52874E-02
  2145    9.32994E-01    7.67894E-02
  2146    9.30825E-01    7.75731E-02
  2147    9.28495E-01    7.82692E-02
  2148    9.26719E-01    8.03955E-02
  2149    9.24234E-01    8.13901E-02
  2150    9.21820E-01    8.38538E-02
  2151    9.19577E-01    8.44223E-02
  2152    9.17085E-01    8.71928E-02
  2153    9.14330E-01    8.94611E-02
  2154    9.11495E-01    9.11270E-02
  2155    9.08228E-01    9.24551E-02
  2156    9.05034E-01    9.60850E-02
  2157    9.01478E-01    9.84465E-02
  2158    8.97837E-01    1.00767E-01
  2159    8.94323E-01    1.03971E-01
  2160    8.91028E-01    1.06994E-01
  2161    8.86950E-01    1.10576E-01
  2162    8.83164E-01    1.13252E-01
  2163    8.79652E-01    1.17452E-01
  2164    8.75642E-01    1.21040E-01
  2165    8.71819E-01    1.25283E-01
  2166    8.68129E-01    1.29036E-01
  2167    8.63970E-01    1.34001E-01
  2168    8.60117E-01    1.39516E-01
  2169    8.56288E-01    1.43864E-01
  2170    8.52622E-01    1.49615E-01
  2171    8.49039E-01    1.56244E-01
  2172    8.45258E-01    1.61824E-01
  2173    8.41789E-01    1.68638E-01
  2174    8.38440E-01    1.75547E-01
  2175    8.35074E-01    1.82622E-01
  2176    8.32025E-01    1.90880E-01
  2177    8.29076E-01    1.99829E-01
  2178    8.26467E-01    2.07554E-01
  2179    8.24211E-01    2.16297E-01
  2180    8.21977E-01    2.27711E-01
  2181    8.19700E-01    2.37060E-01
  2182    8.17693E-01    2.47823E-01
  2183    8.15984E-01    2.60105E-01
  2184    8.14457E-01    2.71976E-01
  2185    8.13378E-01    2.84569E-01
  2186    8.12312E-01    2.98304E-01
  2187    8.11937E-01    3.12872E-01
  2188    8.11648E-01    3.27268E-01
  2189    8.11434E-01    3.43778E-01
  2190    8.11596E-01    3.58853E-01
  2191    8.11569E-01    3.75675E-01
  2192    8.12144E-01    3.93051E-01
  2193    8.12963E-01    4.11931E-01
  2194    8.13687E-01    4.29800E-01
  2195    8.15187E-01    4.49792E-01
  2196    8.16849E-01    4.69264E-01
  2197    8.18678E-01    4.89999E-01
  2198    8.21605E-01    5.10381E-01
  2199    8.23970E-01    5.31880E-01
  2200    8.26359E-01    5.52487E-01
  2201    8.29730E-01    5.74495E-01
  2202    8.32988E-01    5.95445E-01
  2203    8.36074E-01    6.17552E-01
  2204    8.39715E-01    6.39262E-01
  2205    8.44019E-01    6.59886E-01
  2206    8.48168E-01    6.81076E-01
  2207    8.51943E-01    7.01589E-01
  2208    8.56023E-01    7.21428E-01
  2209    8.60207E-01    7.41580E-01
  2210    8.64947E-01    7.60283E-01
  2211    8.69942E-01    7.77638E-01
  2212    8.74734E-01    7.94189E-01
  2213    8.79410E-01    8.10209E-01
  2214    8.84364E-01    8.25606E-01
  2215    8.89214E-01    8.39531E-01
  2216    8.94124E-01    8.52782E-01
  2217    8.98769E-01    8.64369E-01
  2218    9.03467E-01    8.75076E-01
  2219    9.07757E-01    8.85509E-01
  2220    9.12097E-01    8.93631E-01
  2221    9.16380E-01    9.01535E-01
  2222    9.19985E-01    9.08996E-01
  2223    9.23489E-01    9.14434E-01
  2224    9.27128E-01    9.19810E-01
  2225    9.30042E-01    9.24357E-01
  2226    9.32541E-01    9.28103E-01
  2227    9.34719E-01    9.31110E-01
  2228    9.36501E-01    9.33836E-01
  2229    9.37800E-01    9.35267E-01
  2230    9.39096E-01    9.37203E-01
  2231    9.39796E-01    9.38467E-01
  2232    9.39488E-01    9.38572E-01
  2233    9.38624E-01    9.39816E-01
  2234    9.37375E-01    9.40528E-01
  2235    9.36029E-01    9.40627E-01
  2236    9.34031E-01    9.40504E-01
  2237    9.31158E-01    9.41429E-01
  2238    9.28146E-01    9.41167E-01
  2239    9.24836E-01    9.40777E-01
  2240    9.20679E-01    9.41016E-01
  2241    9.15681E-01    9.40860E-01
  2242    9.10366E-01    9.40592E-01
  2243    9.04397E-01    8.62480E-01
  2244    8.97914E-01    8.25726E-01
  2245    8.91010E-01    9.30007E-01
  2246    8.84093E-01    9.37675E-01
  2247    8.77038E-01    9.37693E-01
  2248    8.69322E-01    9.36354E-01
  2249    8.61066E-01    9.35805E-01
  2250    8.52744E-01    9.36261E-01
  2251    8.43894E-01    9.36148E-01
  2252    8.34865E-01    9.35666E-01
  2253    8.26028E-01    9.34026E-01
  2254    8.16699E-01    9.33149E-01
  2255    8.06961E-01    9.33079E-01
  2256    7.97506E-01    9.32081E-01
  2257    7.88406E-01    9.30904E-01
  2258    7.78961E-01    9.29217E-01
  2259    7.69134E-01    9.27835E-01
  2260    7.59311E-01    9.26509E-01
  2261    7.49608E-01    9.24649E-01
  2262    7.39962E-01    9.22898E-01
  2263    7.30351E-01    9.21402E-01
  2264    7.21189E-01    9.19704E-01
  2265    7.12165E-01    9.17287E-01
  2266    7.03108E-01    9.14663E-01
  2267    6.94418E-01    9.12254E-01
  2268    6.85669E-01    9.09484E-01
  2269    6.77223E-01    9.06650E-01
  2270    6.69058E-01    9.03678E-01
  2271    6.60936E-01    8.99994E-01
  2272    6.53399E-01    8.96599E-01
  2273    6.45830E-01    8.93338E-01
  2274    6.37963E-01    8.89667E-01
  2275    6.30755E-01    8.86820E-01
  2276    6.24178E-01    8.83603E-01
  2277    6.17786E-01    8.79475E-01
  2278    6.11378E-01    8.76400E-01
  2279    6.04991E-01    8.72254E-01
  2280    5.99187E-01    8.67569E-01
  2281    5.93675E-01    8.64318E-01
  2282    5.88299E-01    8.60699E-01
  2283    5.82979E-01    8.56304E-01
  2284    5.78098E-01    8.52886E-01
  2285    5.73790E-01    8.49338E-01
  2286    5.69372E-01    8.45112E-01
  2287    5.65221E-01    8.41640E-01
  2288    5.61391E-01    8.38050E-01
  2289    5.57794E-01    8.34618E-01
  2290    5.54534E-01    8.32069E-01
  2291    5.51473E-01    8.28982E-01
  2292    5.48206E-01    8.25201E-01
  2293    5.45396E-01    8.22914E-01
  2294    5.43243E-01    8.20172E-01
  2295    5.40992E-01    8.17568E-01
  2296    5.38941E-01    8.15699E-01
  2297    5.37469E-01    8.13548E-01
  2298    5.36205E-01    8.11105E-01
  2299    5.35140E-01    8.10385E-01
  2300    5.34092E-01    8.09128E-01
  2301    5.33358E-01    8.06686E-01
  2302    5.32730E-01    8.05726E-01
  2303    5.32317E-01    8.05262E-01
  2304    5.32236E-01    8.04140E-01
  2305    5.32439E-01    8.04038E-01
  2306    5.33042E-01    8.04162E-01
  2307    5.33280E-01    8.04350E-01
  2308    5.34280E-01    8.04901E-01
  2309    5.35296E-01    8.06076E-01
  2310    5.36273E-01    8.06280E-01
  2311    5.37632E-01    8.06804E-01
  2312    5.39411E-01    8.09185E-01
  2313    5.41207E-01    8.11078E-01
  2314    5.43291E-01    8.13019E-01
  2315    5.45934E-01    8.15553E-01
  2316    5.48296E-01    8.17353E-01
  2317    5.51169E-01    8.20489E-01
  2318    5.54132E-01    8.24094E-01
  2319    5.56904E-01    8.26276E-01
  2320    5.59767E-01    8.29864E-01
  2321    5.63591E-01    8.33750E-01
  2322    5.67451E-01    8.37696E-01
  2323    5.71157E-01    8.41601E-01
  2324    5.75540E-01    8.45039E-01
  2325    5.79769E-01    8.49200E-01
  2326    5.84154E-01    8.54074E-01
  2327    5.88912E-01    8.58287E-01
  2328    5.93698E-01    8.62167E-01
  2329    5.98590E-01    8.66413E-01
  2330    6.03938E-01    8.71539E-01
  2331    6.09375E-01    8.76118E-01
  2332    6.14911E-01    8.79899E-01
  2333    6.20802E-01    8.84858E-01
  2334    6.27226E-01    8.89424E-01
  2335    6.33373E-01    8.95161E-01
  2336    6.39571E-01    8.99761E-01
  2337    6.45586E-01    9.03241E-01
  2338    6.51796E-01    9.08918E-01
  2339    6.59194E-01    9.12616E-01
  2340    6.66210E-01    9.16366E-01
  2341    6.73196E-01    9.20267E-01
  2342    6.80185E-01    9.22723E-01
  2343    6.87385E-01    9.25057E-01
  2344    6.94690E-01    9.27356E-01
  2345    7.02399E-01    9.29178E-01
  2346    7.10649E-01    9.30717E-01
  2347    7.18423E-01    9.32261E-01
  2348    7.25730E-01    9.33077E-01
  2349    7.33250E-01    9.33909E-01
  2350    7.41169E-01    9.33980E-01
  2351    7.48836E-01    9.32940E-01
  2352    7.56016E-01    9.31819E-01
  2353    7.63324E-01    9.30213E-01
  2354    7.71465E-01    9.28003E-01
  2355    7.78866E-01    9.24383E-01
  2356    7.86359E-01    9.20797E-01
  2357    7.93996E-01    9.17073E-01
  2358    8.01324E-01    9.12411E-01
  2359    8.08331E-01    9.08020E-01
  2360    8.15585E-01    9.02382E-01
  2361    8.23088E-01    8.96254E-01
  2362    8.29718E-01    8.89771E-01
  2363    8.36999E-01    8.81964E-01
  2364    8.43756E-01    8.74538E-01
  2365    8.50108E-01    8.66108E-01
  2366    8.56731E-01    8.57940E-01
  2367    8.62815E-01    8.49665E-01
  2368    8.68606E-01    8.41955E-01
  2369    8.74001E-01    8.32345E-01
  2370    8.79320E-01    8.22598E-01
  2371    8.85388E-01    8.14597E-01
  2372    8.90675E-01    8.03964E-01
  2373    8.95419E-01    7.94583E-01
  2374    8.99610E-01    7.86181E-01
  2375    9.04092E-01    7.74700E-01
  2376    9.07919E-01    7.65022E-01
  2377    9.11743E-01    7.54751E-01
  2378    9.15355E-01    7.44287E-01
  2379    9.18881E-01    7.33537E-01
  2380    9.21921E-01    7.24502E-01
  2381    9.25105E-01    7.15552E-01
  2382    9.27704E-01    7.04838E-01
  2383    9.29851E-01    6.93594E-01
  2384    9.32054E-01    6.84874E-01
  2385    9.33486E-01    6.74900E-01
  2386    9.34919E-01    6.66422E-01
  2387    9.36577E-01    6.56329E-01
  2388    9.37815E-01    6.48314E-01
  2389    9.38681E-01    6.39416E-01
  2390    9.39322E-01    6.29900E-01
  2391    9.40173E-01    6.22341E-01
  2392    9.40293E-01    6.14334E-01
  2393    9.40372E-01    6.06612E-01
  2394    9.39986E-01    5.98435E-01
  2395    9.39934E-01    5.90413E-01
  2396    9.39619E-01    5.83385E-01
  2397    9.39827E-01    5.76215E-01
  2398    9.39484E-01    5.71815E-01
  2399    9.39080E-01    5.64850E-01
  2400    9.38447E-01    5.58002E-01
  2401    9.36902E-01    5.52912E-01
  2402    9.36002E-01    5.46884E-01
  2403    9.35262E-01    5.41474E-01
  2404    9.34036E-01    5.37200E-01
  2405    9.33031E-01    5.31919E-01
  2406    9.31796E-01    5.25675E-01
  2407    9.30334E-01    5.22555E-01
  2408    9.29488E-01    5.18439E-01
  2409    9.28231E-01    5.14142E-01
  2410    9.26314E-01    5.09977E-01
  2411    9.25199E-01    5.06290E-01
  2412    9.24215E-01    5.02532E-01
  2413    9.22690E-01    5.00240E-01
  2414    9.22050E-01    4.97322E-01
  2415    9.20039E-01    4.93609E-01
  2416    9.18782E-01    4.91079E-01
  2417    9.17156E-01    4.90161E-01
  2418    9.16348E-01    4.87275E-01
  2419    9.14969E-01    4.85980E-01
  2420    9.13466E-01    4.83321E-01
  2421    9.12260E-01    4.81594E-01
  2422    9.10513E-01    4.81896E-01
  2423    9.08882E-01    4.80142E-01
  2424    9.07267E-01    4.78792E-01
  2425    9.06751E-01    4.80738E-01
  2426    9.05433E-01    4.78773E-01
  2427    9.03223E-01    4.77226E-01
  2428    9.01661E-01    4.77120E-01
  2429    9.00789E-01    4.77922E-01
  2430    8.99657E-01    4.77238E-01
  2431    8.98234E-01    4.80071E-01
  2432    8.96762E-01    4.79529E-01
  2433    8.95432E-01    4.81075E-01
  2434    8.94430E-01    4.82001E-01
  2435    8.92683E-01    4.82713E-01
  2436    8.91242E-01    4.84191E-01
  2437    8.89572E-01    4.86849E-01
  2438    8.88505E-01    4.87664E-01
  2439    8.87070E-01    4.90062E-01
  2440    8.85036E-01    4.91291E-01
  2441    8.84138E-01    4.93477E-01
  2442    8.82697E-01    4.96773E-01
  2443    8.80660E-01    4.99505E-01
  2444    8.79195E-01    5.01478E-01
  2445    8.77245E-01    5.04828E-01
  2446    8.75995E-01    5.08433E-01
  2447    8.74648E-01    5.11874E-01
  2448    8.72273E-01    5.14526E-01
  2449    8.69712E-01    5.19419E-01
  2450    8.67832E-01    5.22459E-01
  2451    8.65178E-01    5.26058E-01
  2452    8.63057E-01    5.33380E-01
  2453    8.61469E-01    5.36773E-01
  2454    8.59482E-01    5.39944E-01
  2455    8.56659E-01    5.45982E-01
  2456    8.54107E-01    5.49879E-01
  2457    8.51390E-01    5.55508E-01
  2458    8.49173E-01    5.60705E-01
  2459    8.46106E-01    5.66014E-01
  2460    8.42633E-01    5.71285E-01
  2461    8.40234E-01    5.77027E-01
  2462    8.38029E-01    5.82461E-01
  2463    8.34759E-01    5.89257E-01
  2464    8.31332E-01    5.95309E-01
  2465    8.27741E-01    6.01013E-01
  2466    8.24008E-01    6.08816E-01
  2467    8.19954E-01    6.15693E-01
  2468    8.16617E-01    6.20962E-01
  2469    8.13218E-01    6.28012E-01
  2470    8.09874E-01    6.35639E-01
  2471    8.06200E-01    6.43504E-01
  2472    8.02360E-01    6.51038E-01
  2473    7.98070E-01    6.57397E-01
  2474    7.93621E-01    6.65134E-01
  2475    7.89860E-01    6.71770E-01
  2476    7.85594E-01    6.81473E-01
  2477    7.81503E-01    6.86378E-01
  2478    7.77928E-01    6.95319E-01
  2479    7.73846E-01    7.03190E-01
  2480    7.68469E-01    7.10178E-01
  2481    7.63934E-01    7.18082E-01
  2482    7.59489E-01    7.25452E-01
  2483    7.54466E-01    7.32128E-01
  2484    7.50835E-01    7.40121E-01
  2485    7.46726E-01    7.47847E-01
  2486    7.42018E-01    7.56669E-01
  2487    7.37098E-01    7.64034E-01
  2488    7.32983E-01    7.70293E-01
  2489    7.28387E-01    7.78310E-01
  2490    7.23557E-01    7.86668E-01
  2491    7.19106E-01    7.94495E-01
  2492    7.14506E-01    8.01359E-01
  2493    7.10208E-01    8.07724E-01
  2494    7.05687E-01    8.14771E-01
  2495    7.02118E-01    8.21632E-01
  2496    6.98014E-01    8.27256E-01
  2497    6.93742E-01    8.33850E-01
  2498    6.88580E-01    8.40601E-01
  2499    6.83859E-01    8.46985E-01
  2500    6.80478E-01    8.52679E-01
  2501    6.75910E-01    8.58187E-01
  2502    6.71564E-01    8.63797E-01
  2503    6.67690E-01    8.68586E-01
  2504    6.64275E-01    8.72847E-01
  2505    6.60834E-01    8.78267E-01
  2506    6.57138E-01    8.83875E-01
  2507    6.54461E-01    8.87869E-01
  2508    6.50501E-01    8.91616E-01
  2509    6.46123E-01    8.95347E-01
  2510    6.42415E-01    8.99463E-01
  2511    6.39409E-01    9.02999E-01
  2512    6.35727E-01    9.06097E-01
  2513    6.32386E-01    9.09580E-01
  2514    6.29541E-01    9.11053E-01
  2515    6.26945E-01    9.12441E-01
  2516    6.24650E-01    9.16724E-01
  2517    6.21938E-01    9.19305E-01
  2518    6.19421E-01    9.21416E-01
  2519    6.17388E-01    9.21856E-01
  2520    6.14025E-01    9.24680E-01
  2521    6.10653E-01    9.26649E-01
  2522    6.08655E-01    9.26817E-01
  2523    6.06657E-01    9.29043E-01
  2524    6.04956E-01    9.30661E-01
  2525    6.03629E-01    9.29711E-01
  2526    6.02192E-01    9.29659E-01
  2527    6.00188E-01    9.31141E-01
  2528    5.98568E-01    9.30133E-01
  2529    5.97318E-01    9.29612E-01
  2530    5.95926E-01    9.30170E-01
  2531    5.94085E-01    9.29756E-01
  2532    5.92461E-01    9.32502E-01
  2533    5.92076E-01    9.32314E-01
  2534    5.91899E-01    9.31832E-01
  2535    5.91417E-01    9.32068E-01
  2536    5.90924E-01    9.31180E-01
  2537    5.89214E-01    9.29140E-01
  2538    5.88521E-01    9.29096E-01
  2539    5.88977E-01    9.29154E-01
  2540    5.88570E-01    9.28675E-01
  2541    5.88115E-01    9.28913E-01
  2542    5.88838E-01    9.27272E-01
  2543    5.89338E-01    9.24569E-01
  2544    5.90249E-01    9.23300E-01
  2545    5.91542E-01    9.22706E-01
  2546    5.91591E-01    9.22624E-01
  2547    5.90604E-01    9.23597E-01
  2548    5.90494E-01    9.23617E-01
  2549    5.91315E-01    9.20976E-01
  2550    5.91803E-01    9.19472E-01
  2551    5.92582E-01    9.18976E-01
  2552    5.93973E-01    9.17936E-01
  2553    5.95205E-01    9.18650E-01
  2554    5.97255E-01    9.19081E-01
  2555    6.00489E-01    9.15516E-01
  2556    6.03745E-01    9.13555E-01
  2557    6.06531E-01    9.11808E-01
  2558    6.08188E-01    9.09382E-01
  2559    6.07610E-01    9.08813E-01
  2560    6.08555E-01    9.08498E-01
  2561    6.12142E-01    9.06888E-01
  2562    6.15386E-01    9.07156E-01
  2563    6.17852E-01    9.08416E-01
  2564    6.19261E-01    9.07868E-01
  2565    6.21088E-01    9.07001E-01
  2566    6.23424E-01    9.06504E-01
  2567    6.26796E-01    9.06337E-01
  2568    6.29641E-01    9.05328E-01
  2569    6.33530E-01    9.03050E-01
  2570    6.37928E-01    8.99493E-01
  2571    6.42029E-01    8.97902E-01
  2572    6.44616E-01    8.95649E-01
  2573    6.45590E-01    8.91822E-01
  2574    6.47000E-01    8.89797E-01
  2575    6.50749E-01    8.87278E-01
  2576    6.57177E-01    8.84261E-01
  2577    6.61060E-01    8.79432E-01
  2578    6.66601E-01    8.78893E-01
  2579    6.72600E-01    8.78069E-01
  2580    6.76602E-01    8.76429E-01
  2581    6.83930E-01    8.74441E-01
  2582    6.88698E-01    8.70131E-01
  2583    6.90454E-01    8.65963E-01
  2584    6.92418E-01    8.63264E-01
  2585    6.95404E-01    8.63325E-01
  2586    6.98356E-01    8.61878E-01
  2587    7.06106E-01    8.60849E-01
  2588    7.11074E-01    8.55584E-01
  2589    7.16509E-01    8.51024E-01
  2590    7.27414E-01    8.50950E-01
  2591    7.33782E-01    8.47093E-01
  2592    7.36384E-01    8.41323E-01
  2593    7.38765E-01    8.37336E-01
  2594    7.39418E-01    8.32183E-01
  2595    7.42234E-01    8.28835E-01
  2596    7.47778E-01    8.26137E-01
  2597    7.54738E-01    8.24537E-01
  2598    7.56785E-01    8.24897E-01
  2599    7.67200E-01    8.17535E-01
  2600    7.80774E-01    8.08426E-01
  2601    7.85342E-01    7.98517E-01
  2602    7.86909E-01    7.94743E-01
  2603    7.91878E-01    7.91018E-01
  2604    7.94032E-01    7.91842E-01
  2605    7.96627E-01    7.90972E-01
  2606    8.01475E-01    7.82848E-01
  2607    8.05498E-01    7.87144E-01
  2608    8.08852E-01    7.85069E-01
  2609    8.14905E-01    7.79772E-01
  2610    8.21156E-01    7.77302E-01
  2611    8.25978E-01    7.68146E-01
  2612    8.32660E-01    7.55562E-01
  2613    8.39439E-01    7.49049E-01
  2614    8.42241E-01    7.43415E-01
  2615    8.45272E-01    7.37972E-01
  2616    8.48144E-01    7.37737E-01
  2617    8.52603E-01    7.31958E-01
  2618    8.56261E-01    7.29897E-01
  2619    8.58013E-01    7.29509E-01
  2620    8.63341E-01    7.20991E-01
  2621    8.65237E-01    7.16050E-01
  2622    8.67391E-01    7.18751E-01
  2623    8.74520E-01    7.08190E-01
  2624    8.82032E-01    6.96448E-01
  2625    8.84082E-01    6.87956E-01
  2626    8.90117E-01    6.86378E-01
  2627    8.92719E-01    6.80078E-01
  2628    8.94456E-01    6.76312E-01
  2629    8.94146E-01    6.72085E-01
  2630    8.95186E-01    6.71540E-01
  2631    8.95792E-01    6.67888E-01
  2632    8.97518E-01    6.67980E-01
  2633    8.98636E-01    6.59861E-01
  2634    8.99224E-01    6.57667E-01
  2635    8.98976E-01    6.56893E-01
  2636    9.00978E-01    6.53495E-01
  2637    9.04345E-01    6.39700E-01
  2638    9.06124E-01    6.36929E-01
  2639    9.06113E-01    6.31075E-01
  2640    9.05235E-01    6.31146E-01
  2641    9.04458E-01    6.26545E-01
  2642    9.03485E-01    6.20057E-01
  2643    9.03513E-01    6.20282E-01
  2644    9.03023E-01    6.14754E-01
  2645    9.04306E-01    6.11891E-01
  2646    9.05090E-01    6.08914E-01
  2647    9.05776E-01    6.07865E-01
  2648    9.04339E-01    6.05216E-01
  2649    9.04389E-01    5.96893E-01
  2650    9.02706E-01    5.97294E-01
  2651    9.00684E-01    5.95982E-01
  2652    9.00668E-01    5.88828E-01
  2653    9.01259E-01    5.90260E-01
  2654    8.98190E-01    5.89433E-01
  2655    8.95670E-01    5.99886E-01
  2656    8.96708E-01    5.83035E-01
  2657    8.92342E-01    5.71926E-01
  2658    8.96136E-01    5.82615E-01
  2659    8.98035E-01    5.82288E-01
  2660    8.86071E-01    5.75249E-01
  2661    8.85231E-01    5.74725E-01
  2662    8.86802E-01    5.74725E-01
  2663    8.80108E-01    5.74725E-01
  2664    8.68965E-01    5.74725E-01
  2665    8.71636E-01    5.74725E-01
  2666    8.67413E-01    5.74725E-01
  2667    8.56940E-01    5.74725E-01
  2668    8.64176E-01    5.74725E-01
  2669    8.78263E-01    5.74725E-01
  2670    8.78404E-01    5.74725E-01
  2671    8.64481E-01    5.74725E-01
  2672    8.45973E-01    5.74725E-01
  2673    8.48581E-01    5.74725E-01
  2674    8.37955E-01    5.74725E-01
  2675    8.38205E-01    5.74725E-01
  2676    8.45442E-01    5.74725E-01
  2677    8.32496E-01    5.74725E-01
  2678    8.17139E-01    5.74725E-01
  2679    8.30583E-01    5.74725E-01
  2680    8.20232E-01    5.74725E-01
  2681    8.01616E-01    5.74725E-01
  2682    7.96916E-01    5.74725E-01
  2683    7.96916E-01    5.74725E-01
  2684    7.96916E-01    5.74725E-01
  2685    7.96916E-01    5.74725E-01
  2686    7.96916E-01    5.74725E-01
  2687    7.96916E-01    5.74725E-01
  2688    7.96916E-01    5.74725E-01
  2689    7.96916E-01    5.74725E-01
  2690    7.96916E-01    5.74725E-01
  2691    7.96916E-01    5.74725E-01
  2692    7.96916E-01    5.74725E-01
  2693    7.96916E-01    5.74725E-01
  2694    7.96916E-01    5.74725E-01
  2695    7.96916E-01    5.74725E-01
  2696    7.96916E-01    5.74725E-01
  2697    7.96916E-01    5.74725E-01
  2698    7.96916E-01    5.74725E-01
  2699    7.96916E-01    5.74725E-01
  2700    7.96916E-01    5.74725E-01
  
