   400    1.00000E-10
   401    9.02341E-08
   402    8.83492E-08
   403    5.76154E-08
   404    1.18088E-08
   405    5.39546E-08
   406    1.61875E-08
   407    9.53438E-08
   408    2.85512E-08
   409    9.82551E-08
   410    2.94209E-08
   411    1.00000E-10
   412    1.00000E-10
   413    1.00000E-10
   414    1.00000E-10
   415    2.03730E-08
   416    6.15596E-09
   417    5.68777E-08
   418    1.70606E-08
   419    1.00000E-10
   420    6.83273E-08
   421    2.59609E-08
   422    1.73701E-09
   423    5.90174E-08
   424    3.46660E-08
   425    5.16813E-09
   426    1.00000E-10
   427    1.00000E-10
   428    1.00000E-10
   429    3.13081E-08
   430    9.42248E-09
   431    8.90151E-09
   432    2.72919E-09
   433    1.00000E-10
   434    1.00000E-10
   435    1.00000E-10
   436    1.00000E-10
   437    1.00000E-10
   438    1.00000E-10
   439    1.64663E-08
   440    4.98895E-09
   441    1.00000E-10
   442    1.00000E-10
   443    1.00000E-10
   444    1.00000E-10
   445    1.00000E-10
   446    1.00000E-10
   447    1.00000E-10
   448    1.00000E-10
   449    1.00000E-10
   450    1.00000E-10
   451    1.00000E-10
   452    1.00000E-10
   453    1.00000E-10
   454    1.00000E-10
   455    1.00000E-10
   456    1.00000E-10
   457    1.00000E-10
   458    1.00000E-10
   459    1.00000E-10
   460    1.00000E-10
   461    1.00000E-10
   462    1.00000E-10
   463    1.00000E-10
   464    1.00000E-10
   465    1.00000E-10
   466    1.00000E-10
   467    1.00000E-10
   468    1.00000E-10
   469    1.00000E-10
   470    1.00000E-10
   471    1.00000E-10
   472    1.00000E-10
   473    1.00000E-10
   474    1.00000E-10
   475    1.00000E-10
   476    1.00000E-10
   477    1.00000E-10
   478    1.00000E-10
   479    1.00000E-10
   480    1.00000E-10
   481    1.00000E-10
   482    1.00000E-10
   483    1.00000E-10
   484    1.00000E-10
   485    1.00000E-10
   486    1.00000E-10
   487    1.00000E-10
   488    1.00000E-10
   489    1.00000E-10
   490    1.00000E-10
   491    1.00000E-10
   492    1.00000E-10
   493    1.00000E-10
   494    1.00000E-10
   495    1.00000E-10
   496    1.00000E-10
   497    1.00000E-10
   498    1.00000E-10
   499    1.00000E-10
   500    1.00000E-10
   501    1.00000E-10
   502    1.00000E-10
   503    1.00000E-10
   504    4.01426E-08
   505    1.20615E-08
   506    1.32376E-08
   507    4.02447E-09
   508    1.00000E-10
   509    1.00000E-10
   510    1.00000E-10
   511    1.00000E-10
   512    3.99521E-08
   513    1.20026E-08
   514    1.00000E-10
   515    1.00000E-10
   516    1.00000E-10
   517    3.70860E-08
   518    1.11466E-08
   519    1.87030E-08
   520    1.55848E-08
   521    3.06539E-09
   522    1.00000E-10
   523    2.75402E-09
   524    8.92671E-10
   525    1.00000E-10
   526    2.59221E-08
   527    2.27977E-08
   528    4.57570E-09
   529    1.00000E-10
   530    1.84145E-09
   531    6.20117E-10
   532    1.00000E-10
   533    1.00000E-10
   534    1.25453E-07
   535    3.75390E-08
   536    1.00000E-10
   537    1.97874E-08
   538    5.98000E-09
   539    9.76921E-09
   540    2.98789E-09
   541    1.00000E-10
   542    1.09672E-08
   543    3.34569E-09
   544    7.55936E-09
   545    4.18457E-08
   546    1.19027E-08
   547    1.00000E-10
   548    1.00000E-10
   549    1.00000E-10
   550    5.78176E-10
   551    2.42816E-10
   552    1.00000E-10
   553    2.35865E-08
   554    7.11468E-09
   555    2.28119E-08
   556    6.88332E-09
   557    1.00000E-10
   558    1.48802E-07
   559    4.45127E-08
   560    1.00000E-10
   561    3.08631E-08
   562    9.28797E-09
   563    1.00000E-10
   564    1.00000E-10
   565    1.00000E-10
   566    1.00000E-10
   567    1.00000E-10
   568    1.00000E-10
   569    1.00000E-10
   570    1.00000E-10
   571    2.84806E-09
   572    3.86326E-08
   573    1.13633E-08
   574    1.00000E-10
   575    3.61619E-09
   576    1.15017E-09
   577    7.49280E-08
   578    2.24488E-08
   579    1.00000E-10
   580    1.00000E-10
   581    1.00000E-10
   582    3.96983E-08
   583    1.19267E-08
   584    1.00000E-10
   585    2.78583E-08
   586    8.39052E-09
   587    8.35455E-08
   588    6.74778E-08
   589    1.27800E-08
   590    5.71481E-08
   591    1.04148E-07
   592    2.60871E-08
   593    1.01183E-07
   594    4.73907E-08
   595    5.20736E-09
   596    1.00000E-10
   597    1.00000E-10
   598    1.13099E-08
   599    1.35479E-08
   600    3.11649E-09
   601    1.00000E-10
   602    5.52513E-08
   603    1.65719E-08
   604    2.14199E-08
   605    6.46758E-09
   606    1.00000E-10
   607    1.00000E-10
   608    1.00000E-10
   609    1.00000E-10
   610    1.00000E-10
   611    4.21790E-08
   612    1.26676E-08
   613    1.00000E-10
   614    1.00000E-10
   615    1.00000E-10
   616    1.00000E-10
   617    1.00000E-10
   618    6.46658E-08
   619    5.27432E-08
   620    2.14195E-08
   621    3.49171E-09
   622    5.86651E-08
   623    1.75916E-08
   624    4.53238E-08
   625    2.40761E-08
   626    8.29693E-08
   627    2.39165E-08
   628    2.34779E-08
   629    4.16797E-08
   630    1.05176E-08
   631    2.04047E-08
   632    6.15684E-09
   633    1.00000E-10
   634    1.00000E-10
   635    1.00000E-10
   636    4.76817E-08
   637    1.96550E-08
   638    1.69605E-09
   639    5.98377E-08
   640    1.79418E-08
   641    1.64711E-08
   642    4.98952E-09
   643    1.00000E-10
   644    1.00000E-10
   645    1.00000E-10
   646    1.00000E-10
   647    1.00000E-10
   648    1.00000E-10
   649    1.00000E-10
   650    3.45213E-08
   651    7.06749E-08
   652    9.31766E-08
   653    2.25206E-08
   654    1.00000E-10
   655    4.93739E-08
   656    1.48165E-08
   657    1.00000E-10
   658    1.00000E-10
   659    1.00000E-10
   660    3.38096E-09
   661    1.07992E-09
   662    3.44983E-08
   663    2.44275E-07
   664    7.90997E-07
   665    6.71724E-07
   666    2.04382E-07
   667    1.58288E-07
   668    3.51676E-07
   669    5.71757E-07
   670    1.43985E-06
   671    2.66529E-06
   672    2.98961E-06
   673    1.94259E-06
   674    1.34034E-06
   675    2.35107E-06
   676    5.56386E-06
   677    9.43053E-06
   678    1.31075E-05
   679    1.80558E-05
   680    2.00794E-05
   681    1.58993E-05
   682    1.00061E-05
   683    7.15956E-06
   684    7.73265E-06
   685    9.33832E-06
   686    9.66141E-06
   687    9.77846E-06
   688    1.15989E-05
   689    1.62663E-05
   690    1.91893E-05
   691    1.59881E-05
   692    1.08932E-05
   693    8.39543E-06
   694    8.42798E-06
   695    9.17460E-06
   696    9.27386E-06
   697    8.60737E-06
   698    8.47616E-06
   699    9.06613E-06
   700    1.00984E-05
   701    1.10139E-05
   702    1.16810E-05
   703    1.26486E-05
   704    1.37737E-05
   705    1.39031E-05
   706    1.13290E-05
   707    7.33975E-06
   708    4.11177E-06
   709    2.57871E-06
   710    1.87228E-06
   711    1.81182E-06
   712    2.50642E-06
   713    4.21047E-06
   714    5.24523E-06
   715    3.95744E-06
   716    1.87263E-06
   717    5.37756E-07
   718    9.44135E-08
   719    1.39034E-08
   720    1.87040E-08
   721    5.18565E-09
   722    1.00000E-10
   723    1.00000E-10
   724    1.00000E-10
   725    1.00816E-07
   726    3.01808E-08
   727    1.00000E-10
   728    4.90006E-08
   729    1.47051E-08
   730    3.31377E-08
   731    8.65030E-08
   732    3.88001E-08
   733    1.86658E-07
   734    5.44057E-08
   735    1.00000E-10
   736    8.79823E-08
   737    3.44848E-08
   738    1.04800E-07
   739    7.05254E-08
   740    1.20111E-08
   741    5.34538E-08
   742    8.19731E-08
   743    1.97936E-08
   744    7.40916E-09
   745    2.85510E-09
   746    4.11250E-08
   747    1.23018E-08
   748    1.00000E-10
   749    1.58077E-07
   750    4.72828E-08
   751    1.00000E-10
   752    4.67182E-10
   753    2.09666E-10
   754    1.00000E-10
   755    1.00000E-10
   756    1.00000E-10
   757    3.31653E-08
   758    2.76405E-08
   759    3.18793E-08
   760    8.21568E-08
   761    3.11125E-08
   762    2.74887E-09
   763    1.00000E-10
   764    1.00000E-10
   765    1.00000E-10
   766    1.00000E-10
   767    1.00000E-10
   768    1.00000E-10
   769    1.00000E-10
   770    6.82155E-09
   771    7.39560E-08
   772    2.15589E-08
   773    1.00000E-10
   774    1.00000E-10
   775    1.00000E-10
   776    1.00000E-10
   777    2.96331E-08
   778    4.90501E-08
   779    7.75385E-08
   780    1.96488E-08
   781    8.05085E-08
   782    4.43566E-08
   783    6.14538E-09
   784    6.71340E-08
   785    2.01209E-08
   786    7.27003E-09
   787    5.18826E-08
   788    1.49262E-08
   789    5.86158E-08
   790    1.75768E-08
   791    1.00000E-10
   792    8.97141E-08
   793    4.28007E-08
   794    4.85952E-09
   795    9.84846E-08
   796    1.24081E-07
   797    2.83531E-08
   798    1.99035E-07
   799    5.95157E-08
   800    1.00000E-10
   801    1.00000E-10
   802    1.00000E-10
   803    1.00000E-10
   804    1.00000E-10
   805    7.65126E-08
   806    2.29220E-08
   807    6.73872E-08
   808    2.01966E-08
   809    1.00000E-10
   810    1.00000E-10
   811    1.14975E-07
   812    7.58826E-08
   813    1.24867E-08
   814    1.50551E-07
   815    4.50350E-08
   816    1.00000E-10
   817    1.00000E-10
   818    1.00000E-10
   819    2.26802E-07
   820    1.91834E-07
   821    1.89877E-07
   822    9.88777E-08
   823    3.13795E-08
   824    1.26680E-07
   825    6.85790E-08
   826    9.67160E-09
   827    1.00000E-10
   828    1.00000E-10
   829    3.15838E-07
   830    9.44009E-08
   831    3.42622E-07
   832    1.02400E-07
   833    1.77929E-08
   834    1.46412E-07
   835    1.71176E-07
   836    6.28530E-08
   837    7.33919E-09
   838    4.31416E-07
   839    3.25944E-07
   840    7.16440E-07
   841    1.96473E-07
   842    2.84497E-08
   843    8.56714E-09
   844    4.88924E-08
   845    1.46727E-08
   846    8.27062E-08
   847    1.33678E-07
   848    3.26268E-08
   849    1.00000E-10
   850    1.00000E-10
   851    7.65013E-07
   852    9.67786E-07
   853    1.04662E-06
   854    5.62422E-07
   855    9.43904E-08
   856    1.00000E-10
   857    5.60666E-08
   858    1.68155E-08
   859    3.36046E-07
   860    1.12446E-07
   861    3.68678E-09
   862    3.05373E-07
   863    9.12753E-08
   864    2.43880E-08
   865    7.35404E-09
   866    1.00000E-10
   867    7.37565E-08
   868    2.20989E-08
   869    1.00000E-10
   870    1.00000E-10
   871    1.54748E-06
   872    7.19065E-07
   873    1.37609E-07
   874    1.82611E-08
   875    1.00000E-10
   876    1.56690E-06
   877    1.67174E-06
   878    1.22883E-06
   879    1.87681E-06
   880    7.94639E-07
   881    9.31542E-08
   882    1.00000E-10
   883    2.82284E-06
   884    8.43163E-07
   885    1.00000E-10
   886    3.10187E-06
   887    3.69736E-06
   888    8.27669E-07
   889    1.00000E-10
   890    1.00000E-10
   891    1.00000E-10
   892    1.00000E-10
   893    6.23432E-06
   894    3.01070E-06
   895    3.43160E-07
   896    1.00000E-10
   897    1.00000E-10
   898    1.00000E-10
   899    1.00000E-10
   900    1.00000E-10
   901    4.72386E-06
   902    1.41094E-06
   903    1.00000E-10
   904    1.00000E-10
   905    1.06455E-06
   906    2.82984E-06
   907    4.17859E-06
   908    1.48390E-06
   909    1.37450E-07
   910    3.05423E-06
   911    9.12272E-07
   912    4.01424E-06
   913    1.19900E-06
   914    1.77333E-06
   915    5.29708E-07
   916    1.00000E-10
   917    7.18949E-06
   918    2.14734E-06
   919    1.48524E-06
   920    5.00366E-06
   921    1.36203E-06
   922    1.00000E-10
   923    1.00000E-10
   924    1.63417E-06
   925    8.74714E-06
   926    1.00286E-05
   927    7.57179E-06
   928    8.45392E-06
   929    2.05104E-06
   930    1.00000E-10
   931    1.00000E-10
   932    3.14916E-06
   933    2.35776E-06
   934    4.23354E-07
   935    1.26654E-06
   936    3.57196E-06
   937    9.53930E-07
   938    3.17466E-06
   939    9.48241E-07
   940    1.00000E-10
   941    1.00000E-10
   942    1.00000E-10
   943    9.97624E-06
   944    2.97966E-06
   945    1.00000E-10
   946    1.00000E-10
   947    2.72729E-06
   948    8.14626E-07
   949    1.00000E-10
   950    5.06766E-06
   951    6.71602E-06
   952    1.55389E-06
   953    3.72378E-06
   954    1.11224E-06
   955    1.00000E-10
   956    1.00000E-10
   957    1.00000E-10
   958    1.00000E-10
   959    4.11977E-06
   960    3.73789E-06
   961    4.67793E-06
   962    6.78708E-06
   963    6.83571E-06
   964    6.41803E-06
   965    1.45673E-06
   966    5.35569E-06
   967    1.59965E-06
   968    3.01118E-06
   969    9.93352E-06
   970    1.21011E-05
   971    5.42541E-06
   972    7.81714E-07
   973    1.47249E-06
   974    2.53091E-06
   975    7.98372E-06
   976    8.65290E-06
   977    1.92797E-06
   978    6.39272E-07
   979    1.91001E-07
   980    2.30791E-06
   981    1.14409E-06
   982    4.21615E-06
   983    1.21874E-06
   984    2.68650E-06
   985    3.44091E-06
   986    7.88128E-07
   987    1.00000E-10
   988    5.50335E-06
   989    5.91692E-06
   990    1.27636E-06
   991    2.02929E-06
   992    8.49337E-07
   993    7.27310E-08
   994    4.62409E-06
   995    1.38114E-06
   996    4.74910E-06
   997    1.56328E-06
   998    5.05322E-06
   999    1.72159E-06
  1000    6.73605E-08
  1001    1.00000E-10
  1002    1.00000E-10
  1003    1.00000E-10
  1004    2.11558E-06
  1005    2.42618E-06
  1006    2.19559E-06
  1007    4.95770E-07
  1008    2.27424E-07
  1009    6.79944E-08
  1010    2.97571E-06
  1011    3.20057E-06
  1012    6.90547E-07
  1013    8.58351E-06
  1014    5.16458E-06
  1015    7.76903E-07
  1016    1.00000E-10
  1017    1.00000E-10
  1018    1.00000E-10
  1019    3.46289E-06
  1020    2.93727E-06
  1021    3.12512E-06
  1022    6.78848E-06
  1023    2.48998E-06
  1024    2.10736E-06
  1025    5.67880E-07
  1026    1.00000E-10
  1027    1.00000E-10
  1028    5.56226E-06
  1029    4.76649E-06
  1030    1.95879E-06
  1031    3.08111E-07
  1032    7.84999E-06
  1033    2.34461E-06
  1034    9.05189E-07
  1035    3.52559E-06
  1036    9.72317E-07
  1037    1.00000E-10
  1038    1.00000E-10
  1039    1.00000E-10
  1040    4.51295E-06
  1041    1.34795E-06
  1042    3.43748E-06
  1043    1.02674E-06
  1044    4.67153E-06
  1045    1.46643E-05
  1046    1.04677E-05
  1047    1.94282E-06
  1048    3.98504E-06
  1049    1.19027E-06
  1050    1.00000E-10
  1051    1.00000E-10
  1052    5.44874E-06
  1053    4.37798E-06
  1054    5.86145E-06
  1055    1.50535E-06
  1056    1.62298E-06
  1057    2.90136E-06
  1058    7.21850E-07
  1059    6.77045E-06
  1060    4.06425E-06
  1061    6.09999E-07
  1062    7.99167E-06
  1063    5.33435E-06
  1064    3.91412E-06
  1065    2.48776E-06
  1066    4.72468E-07
  1067    1.02201E-06
  1068    4.00404E-06
  1069    5.36084E-06
  1070    1.27125E-06
  1071    1.00000E-10
  1072    8.89152E-06
  1073    3.18958E-06
  1074    1.59559E-07
  1075    4.68317E-06
  1076    1.39879E-06
  1077    1.26816E-06
  1078    3.78830E-07
  1079    8.12096E-06
  1080    7.39189E-06
  1081    1.15933E-05
  1082    1.48953E-05
  1083    3.54700E-06
  1084    2.72357E-06
  1085    5.71846E-06
  1086    1.76872E-06
  1087    9.07967E-08
  1088    4.78212E-06
  1089    1.42834E-06
  1090    1.00000E-10
  1091    1.53580E-06
  1092    4.58764E-07
  1093    2.58626E-06
  1094    1.55914E-06
  1095    2.35044E-07
  1096    2.10449E-06
  1097    4.83655E-06
  1098    1.25688E-06
  1099    7.35593E-06
  1100    2.19705E-06
  1101    1.00000E-10
  1102    1.14598E-06
  1103    3.42339E-07
  1104    1.00000E-10
  1105    6.18038E-06
  1106    1.84595E-06
  1107    1.00000E-10
  1108    1.00000E-10
  1109    1.73823E-06
  1110    3.40176E-06
  1111    7.11708E-06
  1112    1.86859E-06
  1113    1.00000E-10
  1114    1.00000E-10
  1115    1.00000E-10
  1116    1.00000E-10
  1117    1.00000E-10
  1118    1.00276E-06
  1119    2.99562E-07
  1120    9.21870E-06
  1121    1.25929E-05
  1122    2.93886E-06
  1123    3.07909E-06
  1124    9.19698E-07
  1125    7.18755E-07
  1126    2.14739E-07
  1127    1.52757E-06
  1128    2.42752E-06
  1129    1.76463E-06
  1130    1.09282E-05
  1131    1.23112E-05
  1132    2.73356E-06
  1133    1.00000E-10
  1134    1.00000E-10
  1135    1.00000E-10
  1136    3.56829E-06
  1137    1.77939E-06
  1138    1.12994E-06
  1139    3.35792E-06
  1140    8.88420E-06
  1141    2.37840E-06
  1142    7.19716E-06
  1143    2.14963E-06
  1144    1.00000E-10
  1145    1.00000E-10
  1146    1.95429E-06
  1147    5.83756E-07
  1148    5.27779E-06
  1149    1.57638E-06
  1150    1.00000E-10
  1151    1.00000E-10
  1152    8.93248E-06
  1153    2.66792E-06
  1154    3.33381E-07
  1155    9.96404E-08
  1156    2.85475E-06
  1157    6.20565E-06
  1158    1.59886E-06
  1159    1.00000E-10
  1160    4.45824E-06
  1161    3.86676E-06
  1162    2.65190E-06
  1163    5.65967E-07
  1164    1.00000E-10
  1165    1.06398E-06
  1166    3.17848E-07
  1167    6.33687E-07
  1168    1.89332E-07
  1169    2.72768E-06
  1170    8.14741E-07
  1171    1.15953E-06
  1172    3.90139E-06
  1173    1.06187E-06
  1174    1.00000E-10
  1175    1.00000E-10
  1176    4.64580E-06
  1177    7.11851E-06
  1178    1.71173E-06
  1179    6.73549E-06
  1180    2.34618E-06
  1181    9.99837E-08
  1182    1.00000E-10
  1183    3.44219E-06
  1184    1.02814E-06
  1185    4.81085E-06
  1186    1.43692E-06
  1187    1.00000E-10
  1188    5.60809E-06
  1189    1.67503E-06
  1190    3.23700E-07
  1191    9.67491E-08
  1192    1.00000E-10
  1193    3.51521E-08
  1194    1.05690E-08
  1195    1.00000E-10
  1196    4.55588E-06
  1197    6.48559E-06
  1198    1.53072E-06
  1199    1.41523E-05
  1200    5.61201E-06
  1201    3.53200E-06
  1202    9.31413E-07
  1203    1.00000E-10
  1204    1.17972E-05
  1205    1.02643E-05
  1206    8.79327E-06
  1207    1.06323E-05
  1208    5.03970E-06
  1209    3.96552E-06
  1210    3.92981E-06
  1211    4.49101E-06
  1212    7.08908E-06
  1213    1.89122E-06
  1214    4.37350E-06
  1215    7.70321E-06
  1216    9.31250E-06
  1217    1.13111E-05
  1218    5.84290E-06
  1219    1.63024E-05
  1220    1.79974E-05
  1221    2.03824E-05
  1222    1.92943E-05
  1223    1.48862E-05
  1224    1.54398E-05
  1225    1.89636E-05
  1226    1.74362E-05
  1227    2.46323E-05
  1228    2.85794E-05
  1229    2.08572E-05
  1230    2.97750E-05
  1231    2.84349E-05
  1232    3.21457E-05
  1233    3.65116E-05
  1234    3.46465E-05
  1235    4.15594E-05
  1236    4.03567E-05
  1237    5.13314E-05
  1238    6.76244E-05
  1239    6.97804E-05
  1240    7.81404E-05
  1241    9.48885E-05
  1242    1.00426E-04
  1243    1.22328E-04
  1244    1.37398E-04
  1245    1.57041E-04
  1246    1.77557E-04
  1247    2.11619E-04
  1248    2.52922E-04
  1249    3.00044E-04
  1250    3.58079E-04
  1251    4.18974E-04
  1252    5.06872E-04
  1253    6.08385E-04
  1254    7.36609E-04
  1255    9.08608E-04
  1256    1.13849E-03
  1257    1.45554E-03
  1258    1.87160E-03
  1259    2.43563E-03
  1260    3.21258E-03
  1261    4.33070E-03
  1262    5.89770E-03
  1263    8.25269E-03
  1264    1.17775E-02
  1265    1.68048E-02
  1266    2.45514E-02
  1267    3.66505E-02
  1268    5.13952E-02
  1269    7.15630E-02
  1270    1.04099E-01
  1271    1.53763E-01
  1272    2.29084E-01
  1273    3.40124E-01
  1274    4.80331E-01
  1275    6.27234E-01
  1276    7.57931E-01
  1277    8.32548E-01
  1278    8.71474E-01
  1279    8.89271E-01
  1280    8.96581E-01
  1281    8.98321E-01
  1282    8.95149E-01
  1283    8.85616E-01
  1284    8.69900E-01
  1285    8.48821E-01
  1286    8.25394E-01
  1287    8.02126E-01
  1288    7.76696E-01
  1289    7.42809E-01
  1290    6.91722E-01
  1291    6.12266E-01
  1292    5.02070E-01
  1293    3.80005E-01
  1294    2.74544E-01
  1295    1.90355E-01
  1296    1.31987E-01
  1297    9.33443E-02
  1298    6.88151E-02
  1299    4.93807E-02
  1300    3.38365E-02
  1301    2.31150E-02
  1302    1.59633E-02
  1303    1.13527E-02
  1304    8.21518E-03
  1305    6.03811E-03
  1306    4.54099E-03
  1307    3.43090E-03
  1308    2.62904E-03
  1309    2.06532E-03
  1310    1.64510E-03
  1311    1.32731E-03
  1312    1.08189E-03
  1313    8.77925E-04
  1314    7.27698E-04
  1315    6.07768E-04
  1316    5.06224E-04
  1317    4.20681E-04
  1318    3.53793E-04
  1319    2.99479E-04
  1320    2.60430E-04
  1321    2.27309E-04
  1322    2.00402E-04
  1323    1.71450E-04
  1324    1.54610E-04
  1325    1.36166E-04
  1326    1.15748E-04
  1327    1.07621E-04
  1328    9.18612E-05
  1329    8.31641E-05
  1330    6.94926E-05
  1331    6.23034E-05
  1332    4.72074E-05
  1333    4.66361E-05
  1334    4.26042E-05
  1335    3.08922E-05
  1336    3.32594E-05
  1337    3.51742E-05
  1338    2.80714E-05
  1339    2.58525E-05
  1340    1.99174E-05
  1341    1.63667E-05
  1342    2.42276E-05
  1343    1.56509E-05
  1344    1.79237E-05
  1345    9.87108E-06
  1346    1.83598E-06
  1347    3.10165E-06
  1348    4.66441E-06
  1349    6.31755E-06
  1350    1.55163E-06
  1351    1.00000E-10
  1352    1.00000E-10
  1353    1.00000E-10
  1354    1.12899E-06
  1355    5.07955E-06
  1356    1.41647E-06
  1357    4.40088E-06
  1358    1.31447E-06
  1359    1.00000E-10
  1360    1.00000E-10
  1361    1.00000E-10
  1362    4.76554E-06
  1363    1.42338E-06
  1364    9.85443E-06
  1365    2.94327E-06
  1366    1.00000E-10
  1367    3.30199E-06
  1368    9.86270E-07
  1369    4.08379E-08
  1370    1.26374E-05
  1371    9.15792E-06
  1372    1.60905E-06
  1373    9.15594E-06
  1374    2.73466E-06
  1375    1.46010E-06
  1376    1.04967E-06
  1377    1.83336E-07
  1378    1.00000E-10
  1379    5.45426E-06
  1380    4.99269E-06
  1381    2.40817E-06
  1382    4.19272E-07
  1383    3.19238E-06
  1384    3.57479E-06
  1385    7.82988E-07
  1386    1.00000E-10
  1387    1.00000E-10
  1388    5.34078E-06
  1389    6.11650E-06
  1390    1.35047E-06
  1391    1.00000E-10
  1392    9.22455E-06
  1393    2.75515E-06
  1394    1.00000E-10
  1395    1.00000E-10
  1396    1.00000E-10
  1397    1.00000E-10
  1398    1.00000E-10
  1399    1.00000E-10
  1400    8.09062E-06
  1401    6.35486E-06
  1402    1.17637E-06
  1403    1.00000E-10
  1404    1.00000E-10
  1405    2.87139E-06
  1406    2.29477E-06
  1407    3.77629E-06
  1408    2.01127E-06
  1409    1.25448E-06
  1410    2.98714E-06
  1411    2.85416E-06
  1412    4.83926E-06
  1413    1.34132E-06
  1414    5.47650E-06
  1415    3.06764E-06
  1416    3.91348E-06
  1417    1.66401E-06
  1418    1.80093E-06
  1419    2.56345E-06
  1420    2.25388E-06
  1421    4.87592E-07
  1422    1.00000E-10
  1423    1.00000E-10
  1424    1.00000E-10
  1425    4.16557E-07
  1426    4.21661E-06
  1427    6.55581E-06
  1428    1.59305E-06
  1429    9.10833E-07
  1430    2.72107E-07
  1431    1.00000E-10
  1432    1.00000E-10
  1433    1.00000E-10
  1434    1.00000E-10
  1435    1.00000E-10
  1436    3.11376E-06
  1437    9.30051E-07
  1438    1.00000E-10
  1439    3.18157E-06
  1440    7.73149E-06
  1441    2.02543E-06
  1442    1.00000E-10
  1443    1.63460E-06
  1444    4.88273E-07
  1445    1.86252E-06
  1446    5.56345E-07
  1447    1.42878E-06
  1448    1.12814E-06
  1449    2.09568E-07
  1450    1.00000E-10
  1451    9.80489E-07
  1452    4.54052E-06
  1453    6.34906E-06
  1454    1.51744E-06
  1455    9.25111E-06
  1456    2.76309E-06
  1457    1.00000E-10
  1458    7.42445E-06
  1459    5.93713E-06
  1460    1.11103E-06
  1461    1.00000E-10
  1462    1.00000E-10
  1463    1.00000E-10
  1464    2.50661E-06
  1465    7.48714E-07
  1466    1.00000E-10
  1467    1.00000E-10
  1468    1.62070E-05
  1469    7.08789E-06
  1470    4.22859E-06
  1471    2.39418E-06
  1472    3.97814E-07
  1473    1.00000E-10
  1474    1.02028E-06
  1475    2.12898E-06
  1476    1.66584E-06
  1477    3.34880E-07
  1478    2.36096E-07
  1479    7.05844E-08
  1480    2.58159E-06
  1481    1.49141E-06
  1482    2.15232E-07
  1483    1.00000E-10
  1484    1.00000E-10
  1485    4.45447E-06
  1486    1.33048E-06
  1487    1.00000E-10
  1488    1.00000E-10
  1489    1.00000E-10
  1490    1.27557E-06
  1491    1.51087E-06
  1492    3.37543E-07
  1493    1.48007E-07
  1494    1.76303E-07
  1495    3.95325E-08
  1496    1.00000E-10
  1497    1.00000E-10
  1498    1.00000E-10
  1499    1.00000E-10
  1500    1.00000E-10
  1501    1.11900E-06
  1502    4.63703E-06
  1503    1.28519E-06
  1504    1.00000E-10
  1505    1.00000E-10
  1506    1.00000E-10
  1507    2.11664E-06
  1508    6.32243E-07
  1509    5.93788E-06
  1510    1.77353E-06
  1511    7.93754E-06
  1512    3.35050E-06
  1513    2.92718E-07
  1514    9.65953E-06
  1515    2.88507E-06
  1516    1.00000E-10
  1517    6.02777E-06
  1518    8.77273E-06
  1519    4.34540E-06
  1520    2.91675E-06
  1521    6.69357E-07
  1522    4.79513E-07
  1523    2.89335E-06
  1524    4.35632E-06
  1525    3.53249E-06
  1526    7.39793E-07
  1527    3.21572E-06
  1528    4.22798E-06
  1529    9.75992E-07
  1530    1.00000E-10
  1531    3.47601E-07
  1532    1.00841E-06
  1533    5.19275E-07
  1534    7.44755E-08
  1535    2.56920E-06
  1536    7.67409E-07
  1537    2.45514E-06
  1538    4.68310E-06
  1539    1.17977E-06
  1540    1.45701E-06
  1541    4.35232E-07
  1542    1.18627E-06
  1543    3.54371E-07
  1544    3.89091E-07
  1545    1.16279E-07
  1546    1.00000E-10
  1547    1.56687E-06
  1548    4.68044E-07
  1549    2.71746E-06
  1550    8.11690E-07
  1551    5.74643E-06
  1552    1.71635E-06
  1553    1.00000E-10
  1554    1.50617E-06
  1555    8.52095E-06
  1556    3.66380E-06
  1557    3.74373E-07
  1558    2.02099E-06
  1559    3.50196E-06
  1560    8.65726E-07
  1561    3.74085E-07
  1562    1.11798E-07
  1563    2.32434E-07
  1564    6.94909E-08
  1565    1.00000E-10
  1566    6.60289E-06
  1567    1.97215E-06
  1568    1.00000E-10
  1569    1.13555E-06
  1570    2.47613E-06
  1571    6.38326E-07
  1572    1.00000E-10
  1573    1.00000E-10
  1574    1.00000E-10
  1575    4.68148E-08
  1576    1.40522E-08
  1577    7.28271E-06
  1578    2.17519E-06
  1579    2.08267E-07
  1580    6.22729E-08
  1581    4.20298E-06
  1582    1.25537E-06
  1583    4.39784E-06
  1584    1.31356E-06
  1585    1.02032E-06
  1586    2.93381E-06
  1587    7.85299E-07
  1588    5.51775E-06
  1589    2.79075E-06
  1590    2.17227E-06
  1591    5.46927E-07
  1592    2.71747E-06
  1593    1.35261E-06
  1594    2.35006E-06
  1595    6.73913E-06
  1596    3.10112E-06
  1597    3.83441E-07
  1598    1.12554E-05
  1599    3.36170E-06
  1600    1.00000E-10
  1601    1.00000E-10
  1602    9.99869E-08
  1603    3.74253E-06
  1604    2.80697E-06
  1605    2.69213E-06
  1606    6.52656E-07
  1607    1.00000E-10
  1608    1.00000E-10
  1609    2.06664E-06
  1610    6.17310E-07
  1611    5.92772E-06
  1612    5.77818E-06
  1613    1.19707E-06
  1614    1.00000E-10
  1615    1.00000E-10
  1616    1.80108E-06
  1617    1.67886E-06
  1618    5.97095E-06
  1619    1.68164E-06
  1620    1.00000E-10
  1621    1.00000E-10
  1622    1.23794E-05
  1623    3.69740E-06
  1624    1.49954E-06
  1625    4.47934E-07
  1626    1.11129E-06
  1627    3.31978E-07
  1628    2.69218E-06
  1629    2.43609E-06
  1630    4.87511E-07
  1631    2.24197E-06
  1632    1.25279E-06
  1633    1.74258E-07
  1634    1.00000E-10
  1635    9.08284E-07
  1636    5.98208E-06
  1637    1.70572E-06
  1638    1.00000E-10
  1639    6.98637E-06
  1640    6.24284E-06
  1641    1.24141E-06
  1642    1.00000E-10
  1643    1.00000E-10
  1644    1.44251E-06
  1645    2.51945E-06
  1646    4.18351E-06
  1647    1.06325E-06
  1648    1.00000E-10
  1649    5.61467E-06
  1650    2.08777E-06
  1651    1.22786E-07
  1652    1.00000E-10
  1653    1.00000E-10
  1654    4.80458E-06
  1655    1.69491E-06
  1656    7.77127E-08
  1657    1.00000E-10
  1658    1.00000E-10
  1659    2.17109E-06
  1660    6.48505E-07
  1661    1.00000E-10
  1662    1.00000E-10
  1663    1.00000E-10
  1664    1.54151E-06
  1665    3.99782E-06
  1666    1.05659E-06
  1667    8.20094E-07
  1668    4.58651E-06
  1669    4.60072E-06
  1670    9.86886E-07
  1671    1.00000E-10
  1672    5.24738E-06
  1673    1.56730E-06
  1674    4.25426E-06
  1675    1.27068E-06
  1676    5.58233E-06
  1677    1.66734E-06
  1678    2.23197E-06
  1679    6.66689E-07
  1680    1.00000E-10
  1681    2.28743E-06
  1682    1.87908E-06
  1683    3.57257E-07
  1684    2.91321E-06
  1685    3.10290E-06
  1686    6.66949E-07
  1687    1.24405E-06
  1688    3.71629E-07
  1689    1.00000E-10
  1690    4.49583E-07
  1691    1.34346E-07
  1692    6.94846E-06
  1693    2.07535E-06
  1694    6.76556E-07
  1695    2.02136E-07
  1696    1.00000E-10
  1697    3.00475E-06
  1698    8.97493E-07
  1699    2.95778E-06
  1700    1.95316E-06
  1701    3.19584E-07
  1702    1.00000E-10
  1703    4.08102E-06
  1704    8.46556E-06
  1705    2.16444E-06
  1706    5.26016E-06
  1707    4.02511E-06
  1708    7.33032E-07
  1709    1.00000E-10
  1710    1.12668E-05
  1711    4.68962E-06
  1712    3.98795E-06
  1713    6.72915E-06
  1714    1.68941E-06
  1715    3.28742E-06
  1716    2.14339E-06
  1717    3.47775E-06
  1718    1.40192E-06
  1719    7.29484E-06
  1720    1.08671E-05
  1721    2.60746E-06
  1722    1.00000E-10
  1723    9.27298E-06
  1724    3.77753E-06
  1725    3.08789E-06
  1726    2.47839E-06
  1727    6.52857E-06
  1728    2.29510E-06
  1729    4.09124E-06
  1730    1.17811E-06
  1731    1.22495E-06
  1732    8.68762E-07
  1733    3.76355E-06
  1734    3.70106E-06
  1735    7.83147E-07
  1736    1.00000E-10
  1737    1.00000E-10
  1738    1.70924E-06
  1739    9.12431E-06
  1740    2.86987E-06
  1741    1.05678E-06
  1742    2.89195E-07
  1743    1.45106E-06
  1744    4.86313E-06
  1745    3.48636E-06
  1746    4.28625E-06
  1747    1.08727E-06
  1748    6.89181E-07
  1749    2.02994E-06
  1750    5.44882E-07
  1751    1.00000E-10
  1752    1.00000E-10
  1753    1.00000E-10
  1754    1.00000E-10
  1755    2.24396E-06
  1756    6.70270E-07
  1757    1.00000E-10
  1758    1.00000E-10
  1759    5.97274E-08
  1760    8.13130E-06
  1761    2.42331E-06
  1762    1.00000E-10
  1763    4.09272E-06
  1764    1.87311E-06
  1765    1.53291E-06
  1766    3.29768E-06
  1767    8.65588E-07
  1768    4.06176E-06
  1769    1.43293E-06
  1770    1.70000E-07
  1771    2.73141E-06
  1772    4.71182E-06
  1773    1.16648E-06
  1774    1.00000E-10
  1775    1.14492E-06
  1776    3.42021E-07
  1777    1.00000E-10
  1778    1.00000E-10
  1779    1.84975E-06
  1780    1.33324E-06
  1781    6.65735E-06
  1782    4.11165E-06
  1783    6.55045E-07
  1784    1.40452E-06
  1785    4.69790E-06
  1786    3.54504E-06
  1787    6.77220E-07
  1788    2.89625E-06
  1789    8.65089E-07
  1790    1.00000E-10
  1791    1.00000E-10
  1792    1.00000E-10
  1793    1.14998E-07
  1794    3.44163E-08
  1795    1.00000E-10
  1796    1.00000E-10
  1797    1.00000E-10
  1798    2.84876E-06
  1799    4.84811E-06
  1800    3.68083E-06
  1801    1.92400E-06
  1802    3.52872E-07
  1803    1.00000E-10
  1804    1.00000E-10
  1805    4.26301E-06
  1806    2.78126E-06
  1807    3.66437E-06
  1808    9.59988E-07
  1809    1.00000E-10
  1810    1.00000E-10
  1811    3.80906E-06
  1812    1.13771E-06
  1813    2.48076E-06
  1814    7.40996E-07
  1815    2.56680E-07
  1816    1.01636E-06
  1817    1.91385E-06
  1818    4.87859E-07
  1819    6.55146E-06
  1820    1.95678E-06
  1821    3.21213E-06
  1822    9.59431E-07
  1823    1.00000E-10
  1824    1.02804E-06
  1825    4.30275E-06
  1826    1.19347E-06
  1827    2.61488E-06
  1828    3.58422E-06
  1829    8.37319E-07
  1830    7.00589E-06
  1831    7.75892E-06
  1832    3.80390E-06
  1833    2.10941E-06
  1834    4.41738E-07
  1835    1.00000E-10
  1836    1.00000E-10
  1837    1.00042E-05
  1838    8.27524E-06
  1839    1.57923E-06
  1840    1.00000E-10
  1841    2.07837E-06
  1842    3.41981E-06
  1843    8.36072E-07
  1844    1.00000E-10
  1845    7.16269E-06
  1846    5.66995E-06
  1847    9.08858E-06
  1848    8.51953E-06
  1849    1.82793E-06
  1850    1.00000E-10
  1851    5.02815E-06
  1852    1.50182E-06
  1853    8.50825E-07
  1854    5.20158E-06
  1855    3.64904E-06
  1856    2.99516E-06
  1857    7.00943E-07
  1858    7.00530E-07
  1859    6.88390E-06
  1860    6.21878E-06
  1861    5.70194E-06
  1862    3.68614E-06
  1863    7.04951E-07
  1864    2.36367E-06
  1865    7.06023E-07
  1866    2.43021E-07
  1867    7.08825E-06
  1868    8.11473E-06
  1869    1.79787E-06
  1870    1.00000E-10
  1871    3.94080E-06
  1872    1.87487E-06
  1873    2.21389E-06
  1874    5.99043E-07
  1875    1.00000E-10
  1876    4.06645E-06
  1877    1.21459E-06
  1878    1.00000E-10
  1879    1.00000E-10
  1880    3.69316E-06
  1881    1.10310E-06
  1882    2.58398E-06
  1883    6.03722E-06
  1884    1.57271E-06
  1885    2.51290E-07
  1886    7.51226E-08
  1887    1.00000E-10
  1888    1.00000E-10
  1889    1.00000E-10
  1890    2.78257E-06
  1891    2.15160E-06
  1892    3.94482E-07
  1893    1.00000E-10
  1894    1.00000E-10
  1895    1.00000E-10
  1896    4.75776E-06
  1897    2.89372E-06
  1898    6.51134E-07
  1899    6.31777E-08
  1900    1.00000E-10
  1901    1.00000E-10
  1902    4.29288E-06
  1903    1.28222E-06
  1904    1.00000E-10
  1905    1.00000E-10
  1906    1.86711E-06
  1907    5.57718E-07
  1908    1.00000E-10
  1909    5.64856E-06
  1910    1.68711E-06
  1911    1.00000E-10
  1912    1.00000E-10
  1913    1.00000E-10
  1914    7.15743E-06
  1915    4.18264E-06
  1916    6.10838E-07
  1917    3.30802E-06
  1918    9.88071E-07
  1919    4.92075E-07
  1920    2.66300E-06
  1921    7.51538E-07
  1922    1.00000E-10
  1923    1.00000E-10
  1924    1.32757E-05
  1925    3.96510E-06
  1926    1.00000E-10
  1927    4.36362E-07
  1928    4.69538E-06
  1929    1.36352E-06
  1930    4.10652E-06
  1931    1.22656E-06
  1932    2.18963E-06
  1933    6.83122E-06
  1934    6.93987E-06
  1935    2.96459E-06
  1936    8.78736E-06
  1937    2.49587E-06
  1938    3.41023E-06
  1939    1.76035E-06
  1940    2.21638E-07
  1941    8.05340E-07
  1942    2.40600E-07
  1943    1.60801E-06
  1944    4.80331E-07
  1945    1.00000E-10
  1946    7.19328E-06
  1947    2.14848E-06
  1948    1.00000E-10
  1949    4.29142E-06
  1950    1.28178E-06
  1951    5.06261E-06
  1952    4.41171E-06
  1953    4.65360E-06
  1954    4.66748E-06
  1955    1.05624E-06
  1956    7.60162E-06
  1957    3.35547E-06
  1958    5.19694E-07
  1959    4.59951E-06
  1960    1.35636E-06
  1961    1.00000E-10
  1962    4.18406E-06
  1963    1.24972E-06
  1964    5.33812E-06
  1965    1.59440E-06
  1966    6.06295E-06
  1967    1.81088E-06
  1968    1.00000E-10
  1969    2.90010E-07
  1970    8.66870E-08
  1971    1.00000E-10
  1972    6.30364E-06
  1973    5.10428E-06
  1974    9.62265E-07
  1975    5.82344E-06
  1976    2.00967E-06
  1977    2.29189E-06
  1978    6.60471E-07
  1979    4.13336E-06
  1980    8.26784E-06
  1981    2.10071E-06
  1982    2.05550E-06
  1983    5.00202E-06
  1984    1.31067E-06
  1985    1.23494E-06
  1986    3.68908E-07
  1987    2.86528E-06
  1988    1.44281E-06
  1989    4.25493E-06
  1990    2.81915E-06
  1991    8.58238E-06
  1992    2.79454E-06
  1993    4.72680E-07
  1994    1.07887E-07
  1995    1.00000E-10
  1996    4.91443E-06
  1997    1.46785E-06
  1998    1.00000E-10
  1999    2.85937E-06
  2000    2.41006E-06
  2001    2.89425E-06
  2002    7.25693E-07
  2003    1.00000E-10
  2004    1.00000E-10
  2005    6.56479E-06
  2006    1.96076E-06
  2007    1.00000E-10
  2008    3.77215E-09
  2009    4.46308E-06
  2010    1.33272E-06
  2011    3.57877E-06
  2012    6.36763E-06
  2013    1.58265E-06
  2014    1.00000E-10
  2015    1.00000E-10
  2016    1.00000E-10
  2017    1.00000E-10
  2018    1.00000E-10
  2019    1.00000E-10
  2020    1.00000E-10
  2021    4.59671E-06
  2022    1.67375E-06
  2023    1.96713E-06
  2024    5.60758E-07
  2025    8.58780E-07
  2026    3.28176E-06
  2027    9.03631E-07
  2028    1.00000E-10
  2029    8.72917E-07
  2030    2.60783E-07
  2031    1.00000E-10
  2032    2.68907E-07
  2033    8.03841E-08
  2034    6.35812E-07
  2035    5.10823E-06
  2036    1.46903E-06
  2037    1.00000E-10
  2038    4.23649E-06
  2039    1.26538E-06
  2040    3.31037E-07
  2041    4.28680E-07
  2042    4.77172E-06
  2043    6.01476E-06
  2044    1.37963E-06
  2045    1.00933E-06
  2046    5.16092E-06
  2047    1.45145E-06
  2048    4.68664E-07
  2049    3.76380E-06
  2050    1.70016E-06
  2051    3.85877E-06
  2052    1.09746E-06
  2053    1.00000E-10
  2054    1.00000E-10
  2055    1.00000E-10
  2056    9.99362E-07
  2057    2.98548E-07
  2058    1.00000E-10
  2059    3.51766E-06
  2060    1.48174E-06
  2061    1.28843E-07
  2062    1.78309E-06
  2063    5.91972E-06
  2064    4.46080E-06
  2065    1.62750E-06
  2066    4.69809E-06
  2067    1.33405E-06
  2068    6.23771E-06
  2069    1.86308E-06
  2070    1.91177E-08
  2071    2.08738E-06
  2072    6.21809E-07
  2073    8.12080E-06
  2074    2.42550E-06
  2075    1.00000E-10
  2076    1.31023E-06
  2077    3.91393E-07
  2078    1.00000E-10
  2079    1.71265E-06
  2080    5.53653E-06
  2081    8.90301E-06
  2082    2.21088E-06
  2083    1.38961E-06
  2084    4.15102E-07
  2085    6.09183E-06
  2086    6.88112E-06
  2087    1.51184E-06
  2088    5.87572E-06
  2089    1.75496E-06
  2090    4.46875E-06
  2091    1.33474E-06
  2092    1.01153E-06
  2093    3.02182E-07
  2094    1.71548E-07
  2095    3.37265E-06
  2096    4.58815E-06
  2097    7.88114E-06
  2098    7.61426E-06
  2099    1.66701E-06
  2100    1.00000E-10
  2101    1.00000E-10
  2102    1.00000E-10
  2103    4.89599E-06
  2104    2.18114E-06
  2105    2.14781E-07
  2106    1.04647E-06
  2107    6.76235E-06
  2108    2.93806E-06
  2109    3.02241E-07
  2110    3.77755E-07
  2111    5.62021E-06
  2112    1.64496E-06
  2113    7.87109E-06
  2114    2.35091E-06
  2115    3.07523E-06
  2116    4.83780E-06
  2117    1.17066E-06
  2118    1.00000E-10
  2119    1.00000E-10
  2120    3.08942E-06
  2121    9.22782E-07
  2122    1.00000E-10
  2123    1.00000E-10
  2124    1.00000E-10
  2125    1.00000E-10
  2126    1.00000E-10
  2127    1.00000E-10
  2128    1.00000E-10
  2129    6.59754E-06
  2130    2.80236E-06
  2131    2.48536E-07
  2132    4.57518E-06
  2133    1.36653E-06
  2134    1.02916E-06
  2135    3.07448E-07
  2136    1.96571E-06
  2137    5.87167E-07
  2138    1.00000E-10
  2139    1.00000E-10
  2140    1.00000E-10
  2141    1.00000E-10
  2142    3.34166E-06
  2143    9.40411E-06
  2144    3.56919E-06
  2145    5.65987E-06
  2146    5.02640E-06
  2147    7.66529E-06
  2148    8.46170E-06
  2149    3.91777E-06
  2150    1.24617E-05
  2151    5.67569E-06
  2152    6.36435E-07
  2153    1.00000E-10
  2154    1.00000E-10
  2155    4.07239E-07
  2156    8.71725E-07
  2157    5.68430E-06
  2158    1.63089E-06
  2159    4.93042E-06
  2160    1.47263E-06
  2161    1.00000E-10
  2162    1.05247E-06
  2163    3.20909E-06
  2164    9.64126E-06
  2165    5.29585E-06
  2166    3.27618E-06
  2167    2.80161E-06
  2168    6.15840E-07
  2169    4.17745E-07
  2170    8.71954E-07
  2171    5.62481E-06
  2172    4.39216E-06
  2173    8.30033E-07
  2174    1.00000E-10
  2175    1.00000E-10
  2176    1.30323E-06
  2177    3.89305E-07
  2178    1.00000E-10
  2179    1.34772E-06
  2180    2.35038E-06
  2181    4.34402E-06
  2182    1.20076E-05
  2183    3.25076E-06
  2184    1.43140E-06
  2185    4.27583E-07
  2186    1.00000E-10
  2187    1.68814E-06
  2188    5.04263E-07
  2189    1.00000E-10
  2190    5.20049E-06
  2191    1.55329E-06
  2192    1.00000E-10
  2193    1.00000E-10
  2194    1.00000E-10
  2195    1.00000E-10
  2196    4.52641E-06
  2197    1.35197E-06
  2198    1.00000E-10
  2199    1.00000E-10
  2200    3.71953E-06
  2201    4.17822E-06
  2202    1.44943E-06
  2203    2.67846E-06
  2204    7.52474E-07
  2205    1.00000E-10
  2206    1.00000E-10
  2207    1.00000E-10
  2208    6.03784E-07
  2209    1.80401E-07
  2210    6.38660E-06
  2211    1.90754E-06
  2212    4.92128E-06
  2213    4.94819E-06
  2214    1.03896E-06
  2215    1.00000E-10
  2216    1.00000E-10
  2217    2.29183E-06
  2218    2.12617E-06
  2219    2.35590E-06
  2220    5.75109E-07
  2221    4.21349E-06
  2222    2.58514E-06
  2223    3.96324E-07
  2224    2.76043E-06
  2225    9.50369E-07
  2226    3.76864E-08
  2227    5.83194E-06
  2228    1.74189E-06
  2229    1.00000E-10
  2230    2.18877E-07
  2231    6.54418E-08
  2232    3.06093E-06
  2233    9.14272E-07
  2234    1.00000E-10
  2235    1.00000E-10
  2236    1.00000E-10
  2237    1.00000E-10
  2238    1.00000E-10
  2239    1.00000E-10
  2240    1.00000E-10
  2241    1.49678E-06
  2242    4.47111E-07
  2243    1.00000E-10
  2244    1.00000E-10
  2245    1.00000E-10
  2246    1.99032E-06
  2247    5.94517E-07
  2248    1.00000E-10
  2249    1.00000E-10
  2250    1.43574E-06
  2251    1.38211E-06
  2252    2.84800E-07
  2253    1.19006E-06
  2254    3.55503E-07
  2255    8.66896E-07
  2256    2.58984E-07
  2257    6.77443E-06
  2258    3.34714E-06
  2259    3.70704E-06
  2260    9.89161E-07
  2261    5.14948E-07
  2262    1.53869E-07
  2263    7.32218E-07
  2264    1.29445E-06
  2265    1.39011E-06
  2266    1.48088E-06
  2267    3.47028E-07
  2268    1.71981E-06
  2269    3.54940E-06
  2270    9.06761E-07
  2271    2.12989E-07
  2272    7.61374E-06
  2273    6.93411E-06
  2274    1.17476E-05
  2275    3.09134E-06
  2276    3.13303E-06
  2277    9.35808E-07
  2278    1.00000E-10
  2279    4.22999E-06
  2280    1.26343E-06
  2281    7.00829E-07
  2282    2.27194E-06
  2283    6.16119E-07
  2284    1.00000E-10
  2285    1.00000E-10
  2286    1.00000E-10
  2287    1.64223E-06
  2288    4.90552E-07
  2289    1.00000E-10
  2290    3.12569E-06
  2291    3.98259E-06
  2292    9.10733E-07
  2293    6.61733E-06
  2294    5.07147E-06
  2295    1.22905E-06
  2296    1.06132E-05
  2297    3.14271E-06
  2298    1.00000E-10
  2299    2.01079E-06
  2300    9.20575E-06
  2301    2.57018E-06
  2302    1.00000E-10
  2303    1.00000E-10
  2304    1.00000E-10
  2305    7.47428E-07
  2306    1.78515E-06
  2307    4.66574E-07
  2308    1.00000E-10
  2309    1.00000E-10
  2310    1.00000E-10
  2311    1.00000E-10
  2312    1.72070E-06
  2313    5.13989E-07
  2314    1.00000E-10
  2315    7.77560E-06
  2316    2.32240E-06
  2317    3.43827E-07
  2318    1.02761E-07
  2319    2.36598E-06
  2320    7.06713E-07
  2321    1.00000E-10
  2322    1.00000E-10
  2323    1.00000E-10
  2324    2.77018E-06
  2325    8.27434E-07
  2326    8.00676E-06
  2327    2.39144E-06
  2328    5.12546E-07
  2329    1.00615E-05
  2330    3.50965E-06
  2331    9.00005E-07
  2332    2.06417E-06
  2333    5.50958E-07
  2334    3.20339E-06
  2335    9.56821E-07
  2336    1.00000E-10
  2337    1.00000E-10
  2338    1.00000E-10
  2339    7.08403E-06
  2340    6.46480E-06
  2341    1.29900E-06
  2342    7.64601E-07
  2343    2.28432E-07
  2344    1.00000E-10
  2345    5.42350E-06
  2346    1.00671E-05
  2347    2.52301E-06
  2348    1.00000E-10
  2349    2.87849E-06
  2350    2.13949E-06
  2351    4.35491E-06
  2352    1.57263E-06
  2353    3.03334E-06
  2354    8.71597E-07
  2355    4.23401E-07
  2356    1.25872E-06
  2357    9.98842E-07
  2358    4.70506E-06
  2359    1.34640E-06
  2360    2.97338E-06
  2361    2.02332E-06
  2362    3.39149E-07
  2363    1.00000E-10
  2364    8.78153E-07
  2365    1.46585E-06
  2366    3.59548E-07
  2367    5.67923E-06
  2368    9.47786E-06
  2369    8.87376E-06
  2370    1.95624E-06
  2371    1.00000E-10
  2372    3.27000E-06
  2373    3.88791E-06
  2374    8.69583E-07
  2375    1.00000E-10
  2376    1.00000E-10
  2377    1.76756E-06
  2378    5.27986E-07
  2379    1.00000E-10
  2380    1.00000E-10
  2381    6.51506E-06
  2382    4.56408E-06
  2383    1.12286E-06
  2384    3.45611E-06
  2385    1.00190E-06
  2386    1.00000E-10
  2387    1.51893E-07
  2388    4.54358E-08
  2389    1.00000E-10
  2390    4.27740E-06
  2391    1.27759E-06
  2392    3.01824E-06
  2393    9.01522E-07
  2394    1.42412E-05
  2395    4.83191E-06
  2396    8.95694E-06
  2397    2.62362E-06
  2398    1.00000E-10
  2399    1.00000E-10
  2400    1.00000E-10
  2401    2.18494E-06
  2402    6.52642E-07
  2403    1.00000E-10
  2404    3.88466E-06
  2405    1.16029E-06
  2406    3.53323E-06
  2407    1.05534E-06
  2408    7.09465E-06
  2409    2.11902E-06
  2410    1.87917E-06
  2411    4.11677E-06
  2412    1.06200E-06
  2413    6.04452E-06
  2414    1.80538E-06
  2415    8.33317E-06
  2416    2.84759E-06
  2417    1.07222E-07
  2418    5.91536E-06
  2419    3.43238E-06
  2420    4.97557E-07
  2421    5.51581E-08
  2422    1.65441E-08
  2423    4.44964E-06
  2424    1.32904E-06
  2425    1.00000E-10
  2426    1.00000E-10
  2427    5.49698E-07
  2428    1.64247E-07
  2429    1.00000E-10
  2430    5.13005E-06
  2431    3.98185E-06
  2432    1.32938E-06
  2433    3.20900E-06
  2434    1.57769E-06
  2435    2.00956E-07
  2436    1.00000E-10
  2437    4.12120E-06
  2438    2.96599E-06
  2439    8.20363E-06
  2440    6.26739E-06
  2441    3.98409E-06
  2442    8.35686E-07
  2443    2.37502E-07
  2444    7.10046E-08
  2445    1.11822E-06
  2446    2.31659E-06
  2447    1.00454E-05
  2448    5.18960E-06
  2449    7.06786E-07
  2450    9.84865E-06
  2451    2.94155E-06
  2452    5.01562E-06
  2453    1.49808E-06
  2454    1.00000E-10
  2455    1.00000E-10
  2456    1.48473E-06
  2457    4.72102E-06
  2458    1.27766E-06
  2459    1.79405E-06
  2460    3.15800E-06
  2461    7.83239E-07
  2462    1.00000E-10
  2463    2.44102E-06
  2464    7.29124E-07
  2465    1.00000E-10
  2466    3.05934E-06
  2467    8.17119E-06
  2468    2.65709E-06
  2469    3.70878E-06
  2470    1.06411E-06
  2471    1.00000E-10
  2472    1.00000E-10
  2473    1.00000E-10
  2474    1.00000E-10
  2475    1.00000E-10
  2476    1.00000E-10
  2477    2.09830E-06
  2478    4.93600E-06
  2479    6.83577E-06
  2480    1.65730E-06
  2481    6.24242E-06
  2482    4.05442E-06
  2483    6.54165E-07
  2484    1.00000E-10
  2485    1.63481E-06
  2486    4.88337E-07
  2487    2.46568E-06
  2488    9.46936E-06
  2489    6.90200E-06
  2490    1.28248E-06
  2491    1.00000E-10
  2492    3.11745E-06
  2493    9.31155E-07
  2494    3.26500E-06
  2495    9.75222E-07
  2496    1.00000E-10
  2497    1.00000E-10
  2498    1.32141E-06
  2499    3.94735E-07
  2500    3.14514E-06
  2501    9.39425E-07
  2502    2.79669E-07
  2503    5.06677E-07
  2504    7.78100E-06
  2505    4.37089E-06
  2506    6.22710E-07
  2507    3.10834E-07
  2508    3.00195E-06
  2509    3.02301E-06
  2510    6.43454E-07
  2511    6.41250E-06
  2512    1.91528E-06
  2513    1.00000E-10
  2514    2.83496E-06
  2515    1.63055E-06
  2516    2.34186E-07
  2517    5.14746E-06
  2518    7.59792E-06
  2519    6.40200E-06
  2520    1.37153E-06
  2521    2.95005E-08
  2522    2.57193E-06
  2523    9.39802E-07
  2524    5.21280E-08
  2525    4.35236E-07
  2526    1.30061E-07
  2527    1.00000E-10
  2528    1.00000E-10
  2529    5.63006E-08
  2530    2.83876E-06
  2531    8.42905E-07
  2532    5.12106E-07
  2533    1.53020E-07
  2534    7.78831E-06
  2535    2.32619E-06
  2536    1.00000E-10
  2537    1.00000E-10
  2538    4.43110E-06
  2539    1.32350E-06
  2540    1.00000E-10
  2541    2.85971E-06
  2542    8.54176E-07
  2543    1.00000E-10
  2544    1.00000E-10
  2545    4.02889E-06
  2546    1.20337E-06
  2547    1.00000E-10
  2548    1.20788E-05
  2549    9.17180E-06
  2550    1.66195E-06
  2551    3.53862E-06
  2552    9.36245E-06
  2553    2.88106E-06
  2554    1.19678E-07
  2555    5.42046E-06
  2556    1.61899E-06
  2557    6.00789E-06
  2558    1.79444E-06
  2559    1.00000E-10
  2560    4.87025E-06
  2561    7.19522E-06
  2562    3.25184E-06
  2563    4.59219E-07
  2564    1.00000E-10
  2565    1.00000E-10
  2566    1.00000E-10
  2567    1.00000E-10
  2568    5.96997E-06
  2569    1.78311E-06
  2570    1.72992E-06
  2571    5.16742E-07
  2572    1.00000E-10
  2573    6.69177E-06
  2574    1.63383E-05
  2575    4.28289E-06
  2576    1.00000E-10
  2577    1.00000E-10
  2578    1.06921E-05
  2579    5.29218E-06
  2580    1.40286E-05
  2581    1.34015E-05
  2582    1.04057E-05
  2583    2.26952E-06
  2584    9.54395E-06
  2585    6.24873E-06
  2586    1.01503E-06
  2587    1.00000E-10
  2588    1.00000E-10
  2589    1.12608E-06
  2590    6.74838E-06
  2591    1.88088E-05
  2592    5.04571E-06
  2593    1.00065E-05
  2594    1.96505E-05
  2595    1.31314E-05
  2596    8.17938E-06
  2597    1.71554E-06
  2598    1.00000E-10
  2599    1.00000E-10
  2600    2.55467E-05
  2601    2.11809E-05
  2602    1.31483E-05
  2603    1.50395E-05
  2604    1.76297E-05
  2605    1.45542E-05
  2606    2.24674E-05
  2607    1.82694E-05
  2608    3.72916E-06
  2609    8.13620E-06
  2610    9.04204E-06
  2611    7.84725E-06
  2612    1.75399E-06
  2613    1.00000E-10
  2614    1.13185E-05
  2615    4.41162E-06
  2616    3.61600E-06
  2617    9.88082E-07
  2618    6.76123E-06
  2619    2.01944E-06
  2620    1.00000E-10
  2621    5.01916E-06
  2622    1.49914E-06
  2623    9.88353E-06
  2624    1.23504E-05
  2625    2.80713E-06
  2626    6.83555E-07
  2627    1.13377E-06
  2628    1.17903E-05
  2629    1.38312E-05
  2630    3.10405E-06
  2631    1.62742E-05
  2632    4.86067E-06
  2633    1.00000E-10
  2634    2.08342E-06
  2635    7.16383E-06
  2636    3.51750E-06
  2637    1.21130E-05
  2638    3.47837E-06
  2639    2.75538E-06
  2640    7.53971E-06
  2641    1.38311E-05
  2642    1.38244E-05
  2643    7.17923E-06
  2644    7.18165E-06
  2645    7.05547E-06
  2646    1.80000E-05
  2647    4.90542E-06
  2648    1.90029E-05
  2649    1.41113E-05
  2650    1.84761E-05
  2651    4.76575E-06
  2652    0.00000E+00
  2653    0.00000E+00
  2654    0.00000E+00
  2655    0.00000E+00
  2656    0.00000E+00
  2657    0.00000E+00
  2658    0.00000E+00
  2659    0.00000E+00
  2660    0.00000E+00
  2661    0.00000E+00
  2662    0.00000E+00
  2663    0.00000E+00
  2664    0.00000E+00
  2665    0.00000E+00
  2666    0.00000E+00
  2667    0.00000E+00
  2668    0.00000E+00
  2669    0.00000E+00
  2670    0.00000E+00
  2671    0.00000E+00
  2672    0.00000E+00
  2673    0.00000E+00
  2674    0.00000E+00
  2675    0.00000E+00
  2676    0.00000E+00
  2677    0.00000E+00
  2678    0.00000E+00
  2679    0.00000E+00
  2680    0.00000E+00
  2681    0.00000E+00
  2682    0.00000E+00
  2683    0.00000E+00
  2684    0.00000E+00
  2685    0.00000E+00
  2686    0.00000E+00
  2687    0.00000E+00
  2688    0.00000E+00
  2689    0.00000E+00
  2690    0.00000E+00
  2691    0.00000E+00
  2692    0.00000E+00
  2693    0.00000E+00
  2694    0.00000E+00
  2695    0.00000E+00
  2696    0.00000E+00
  2697    0.00000E+00
  2698    0.00000E+00
  2699    0.00000E+00
  2700    0.00000E+00
