   400    1.50714E-08
   401    2.98173E-08
   402    3.93460E-08
   403    1.30445E-08
   404    3.29443E-09
   405    2.21004E-09
   406    1.43207E-10
   407    8.64483E-08
   408    5.53097E-08
   409    1.00000E-10
   410    1.00000E-10
   411    1.00000E-10
   412    3.96546E-08
   413    1.08303E-07
   414    5.31127E-08
   415    3.88687E-08
   416    2.48881E-08
   417    1.00000E-10
   418    1.00000E-10
   419    1.00000E-10
   420    1.00000E-10
   421    1.00000E-10
   422    1.00000E-10
   423    2.78532E-08
   424    1.78449E-08
   425    1.00000E-10
   426    1.00000E-10
   427    1.00000E-10
   428    1.00000E-10
   429    7.41318E-09
   430    2.87769E-08
   431    4.50777E-08
   432    1.90461E-08
   433    5.85110E-09
   434    2.84142E-08
   435    1.58525E-08
   436    1.00000E-10
   437    1.00000E-10
   438    1.72899E-08
   439    1.10909E-08
   440    1.00000E-10
   441    1.00000E-10
   442    3.28576E-08
   443    2.10447E-08
   444    3.72971E-08
   445    2.38832E-08
   446    2.44175E-09
   447    4.76276E-08
   448    4.09938E-08
   449    7.42908E-09
   450    1.13430E-08
   451    7.28859E-09
   452    1.62915E-08
   453    1.04525E-08
   454    1.00000E-10
   455    1.00000E-10
   456    1.00000E-10
   457    1.00000E-10
   458    2.99401E-08
   459    2.09325E-08
   460    2.09269E-08
   461    8.35512E-08
   462    7.24808E-08
   463    1.74142E-08
   464    1.00000E-10
   465    1.28696E-08
   466    1.30408E-08
   467    3.15379E-09
   468    2.65933E-08
   469    4.36320E-08
   470    1.71029E-08
   471    1.00000E-10
   472    1.00000E-10
   473    1.00000E-10
   474    1.00000E-10
   475    4.58854E-08
   476    6.78443E-08
   477    1.21393E-07
   478    6.19255E-08
   479    1.00000E-10
   480    2.40403E-09
   481    1.57316E-09
   482    3.02439E-08
   483    9.00959E-08
   484    4.53187E-08
   485    1.00000E-10
   486    1.00000E-10
   487    4.70773E-08
   488    8.67449E-08
   489    7.79285E-08
   490    2.67201E-08
   491    7.95213E-08
   492    5.08807E-08
   493    1.00000E-10
   494    1.00000E-10
   495    4.70133E-08
   496    7.26789E-08
   497    2.73270E-08
   498    4.49595E-08
   499    7.53445E-08
   500    2.98710E-08
   501    1.93659E-08
   502    1.58075E-08
   503    2.26700E-09
   504    6.18494E-08
   505    4.82554E-08
   506    2.70650E-08
   507    1.84967E-08
   508    3.10614E-09
   509    3.37602E-08
   510    2.22147E-08
   511    1.99344E-08
   512    4.71458E-08
   513    2.22268E-08
   514    1.00000E-10
   515    1.00000E-10
   516    1.00000E-10
   517    1.00000E-10
   518    1.00000E-10
   519    1.00000E-10
   520    4.16584E-08
   521    2.66717E-08
   522    3.10836E-08
   523    1.99104E-08
   524    2.06162E-09
   525    8.14685E-08
   526    5.13237E-08
   527    1.00000E-10
   528    1.00000E-10
   529    6.86630E-08
   530    4.39380E-08
   531    3.62971E-08
   532    6.27325E-08
   533    2.53484E-08
   534    3.47818E-08
   535    2.22749E-08
   536    2.98220E-08
   537    1.24238E-07
   538    6.73214E-08
   539    1.00000E-10
   540    1.00000E-10
   541    1.00000E-10
   542    4.16142E-08
   543    2.66435E-08
   544    5.05502E-08
   545    3.23571E-08
   546    1.43259E-09
   547    7.39276E-08
   548    5.04456E-08
   549    2.45691E-09
   550    1.00000E-10
   551    1.75215E-08
   552    1.12391E-08
   553    4.63409E-08
   554    2.96657E-08
   555    1.00000E-10
   556    1.00000E-10
   557    1.00000E-10
   558    1.00000E-10
   559    1.00000E-10
   560    1.00000E-10
   561    6.80249E-08
   562    4.35301E-08
   563    1.00000E-10
   564    1.00000E-10
   565    1.00000E-10
   566    8.78086E-08
   567    5.61794E-08
   568    4.54148E-08
   569    6.73849E-08
   570    2.45956E-08
   571    8.99743E-09
   572    5.78887E-09
   573    2.29701E-08
   574    6.44830E-08
   575    3.24577E-08
   576    3.72373E-08
   577    1.54374E-07
   578    9.71425E-08
   579    8.69491E-09
   580    1.04230E-08
   581    6.70033E-09
   582    1.00000E-10
   583    1.00000E-10
   584    1.00000E-10
   585    6.33079E-08
   586    7.38427E-08
   587    2.14098E-08
   588    1.00000E-10
   589    1.00000E-10
   590    1.00000E-10
   591    6.41634E-09
   592    4.13856E-09
   593    3.20602E-08
   594    2.05349E-08
   595    1.05260E-08
   596    5.77557E-08
   597    3.27019E-08
   598    5.12598E-08
   599    6.06536E-08
   600    1.79023E-08
   601    4.75528E-08
   602    6.27286E-08
   603    2.07444E-08
   604    7.18611E-08
   605    8.86670E-08
   606    7.26754E-08
   607    2.90538E-08
   608    1.00000E-10
   609    5.58480E-08
   610    7.28838E-08
   611    1.04380E-07
   612    1.00232E-07
   613    3.60432E-08
   614    1.66958E-08
   615    8.73091E-09
   616    1.00000E-10
   617    6.76486E-08
   618    4.32894E-08
   619    5.13566E-08
   620    3.28726E-08
   621    5.62810E-08
   622    1.03736E-07
   623    2.51411E-07
   624    4.01593E-07
   625    4.03301E-07
   626    2.51846E-07
   627    6.64091E-08
   628    8.82258E-08
   629    5.64462E-08
   630    5.56281E-08
   631    5.47543E-08
   632    1.23446E-08
   633    1.14433E-07
   634    5.47541E-07
   635    1.79211E-06
   636    3.45032E-06
   637    3.70871E-06
   638    2.51550E-06
   639    1.30390E-06
   640    8.03221E-07
   641    7.43909E-07
   642    7.74034E-07
   643    7.68295E-07
   644    8.16755E-07
   645    8.12913E-07
   646    8.77597E-07
   647    8.90998E-07
   648    5.38737E-07
   649    2.61144E-07
   650    2.18476E-07
   651    1.43229E-07
   652    3.67269E-08
   653    3.98923E-08
   654    5.97083E-08
   655    6.15697E-08
   656    8.28059E-08
   657    8.35566E-08
   658    3.00071E-08
   659    2.01400E-08
   660    6.35288E-08
   661    3.24628E-08
   662    2.53586E-08
   663    2.57374E-08
   664    6.16613E-09
   665    1.00000E-10
   666    1.57466E-08
   667    1.04815E-07
   668    1.44003E-07
   669    6.08977E-08
   670    4.90003E-09
   671    1.00117E-07
   672    6.40495E-08
   673    1.00000E-10
   674    5.20084E-08
   675    9.70817E-08
   676    1.42988E-07
   677    9.02453E-08
   678    1.59978E-08
   679    1.00000E-10
   680    1.00000E-10
   681    1.14480E-08
   682    7.23899E-08
   683    6.79400E-08
   684    3.01563E-08
   685    8.58282E-09
   686    1.00000E-10
   687    2.14018E-08
   688    1.37200E-08
   689    1.21823E-08
   690    7.82525E-09
   691    1.36076E-08
   692    3.56643E-08
   693    1.73172E-08
   694    2.96987E-08
   695    1.99533E-08
   696    7.26530E-08
   697    4.61096E-08
   698    9.38468E-08
   699    6.00402E-08
   700    3.69355E-08
   701    8.86435E-08
   702    6.33674E-08
   703    1.31831E-07
   704    7.54501E-08
   705    1.00000E-10
   706    1.33572E-08
   707    8.57642E-09
   708    1.00000E-10
   709    1.00000E-10
   710    2.19866E-08
   711    1.40940E-08
   712    1.84869E-08
   713    1.18562E-08
   714    1.65242E-08
   715    1.06013E-08
   716    1.00000E-10
   717    4.04083E-08
   718    2.58724E-08
   719    1.00000E-10
   720    2.21670E-08
   721    7.27605E-08
   722    5.14613E-08
   723    9.00314E-09
   724    1.00000E-10
   725    3.14418E-08
   726    2.01395E-08
   727    1.36075E-08
   728    8.73648E-09
   729    4.83431E-09
   730    2.17232E-08
   731    1.19901E-08
   732    3.18061E-08
   733    2.79326E-08
   734    4.93392E-09
   735    2.73494E-08
   736    1.75229E-08
   737    1.00000E-10
   738    1.00000E-10
   739    5.26609E-10
   740    2.78438E-08
   741    1.30775E-07
   742    7.24212E-08
   743    4.10477E-09
   744    2.66059E-09
   745    3.75026E-08
   746    2.40146E-08
   747    2.85979E-08
   748    1.83211E-08
   749    8.46107E-09
   750    5.56982E-08
   751    3.22305E-08
   752    4.12806E-08
   753    2.64302E-08
   754    1.00000E-10
   755    3.35526E-08
   756    7.62699E-08
   757    3.51260E-08
   758    1.18356E-09
   759    7.92810E-10
   760    5.99149E-08
   761    3.83446E-08
   762    1.00000E-10
   763    3.42563E-08
   764    2.19390E-08
   765    1.00000E-10
   766    1.00000E-10
   767    7.76715E-09
   768    5.10808E-08
   769    2.95619E-08
   770    1.00000E-10
   771    1.27488E-08
   772    4.28633E-08
   773    4.69128E-08
   774    7.75042E-08
   775    3.95172E-08
   776    5.50624E-08
   777    3.52421E-08
   778    1.00000E-10
   779    1.21600E-07
   780    7.77851E-08
   781    2.70065E-08
   782    1.58938E-07
   783    9.74177E-08
   784    1.73719E-08
   785    8.38021E-09
   786    1.00000E-10
   787    1.13642E-08
   788    7.30217E-09
   789    1.00000E-10
   790    1.02925E-07
   791    6.58444E-08
   792    1.17708E-08
   793    8.62673E-08
   794    5.04228E-08
   795    6.48487E-08
   796    4.14993E-08
   797    2.46665E-08
   798    1.58074E-08
   799    1.00000E-10
   800    7.93011E-08
   801    5.07399E-08
   802    1.00000E-10
   803    1.00000E-10
   804    3.50392E-08
   805    2.24395E-08
   806    1.00000E-10
   807    9.52284E-08
   808    1.01960E-07
   809    1.18183E-07
   810    1.22597E-07
   811    4.25676E-08
   812    1.18209E-09
   813    1.87266E-07
   814    2.77589E-07
   815    1.32565E-07
   816    6.74353E-08
   817    2.14758E-07
   818    1.21619E-07
   819    2.36915E-09
   820    1.00000E-10
   821    1.00000E-10
   822    1.00000E-10
   823    1.00000E-10
   824    4.29110E-08
   825    4.81126E-08
   826    1.45839E-07
   827    1.63212E-07
   828    2.15184E-07
   829    1.22178E-07
   830    1.01827E-07
   831    1.81668E-07
   832    2.10632E-07
   833    3.10410E-07
   834    1.44671E-07
   835    5.64643E-08
   836    1.26556E-07
   837    5.79115E-08
   838    1.95661E-07
   839    1.25138E-07
   840    1.97889E-07
   841    1.26563E-07
   842    8.49654E-08
   843    2.14811E-07
   844    1.02689E-07
   845    1.00000E-10
   846    3.29506E-07
   847    3.42254E-07
   848    3.75181E-07
   849    3.46971E-07
   850    1.51249E-07
   851    3.09957E-08
   852    1.00000E-10
   853    1.00000E-10
   854    1.00000E-10
   855    1.00000E-10
   856    1.00000E-10
   857    1.00000E-10
   858    1.00000E-10
   859    1.00000E-10
   860    1.00000E-10
   861    2.85227E-07
   862    3.32537E-07
   863    9.60920E-08
   864    1.00000E-10
   865    1.00000E-10
   866    1.00000E-10
   867    1.00000E-10
   868    1.00000E-10
   869    1.00000E-10
   870    1.62838E-07
   871    1.04152E-07
   872    9.47615E-07
   873    6.05925E-07
   874    8.02585E-07
   875    5.13196E-07
   876    1.00000E-10
   877    1.00000E-10
   878    1.00000E-10
   879    1.58382E-06
   880    1.01270E-06
   881    1.00000E-10
   882    5.78902E-07
   883    1.54630E-06
   884    7.52095E-07
   885    1.00000E-10
   886    1.00000E-10
   887    1.00000E-10
   888    1.00000E-10
   889    6.00736E-06
   890    4.52984E-06
   891    3.13762E-06
   892    1.73859E-06
   893    9.05127E-09
   894    1.00000E-10
   895    4.45123E-07
   896    5.30454E-06
   897    1.06333E-05
   898    6.93073E-06
   899    4.92400E-06
   900    4.00374E-06
   901    3.08781E-06
   902    1.25962E-06
   903    5.44739E-06
   904    3.48301E-06
   905    1.00000E-10
   906    4.45815E-06
   907    2.85051E-06
   908    2.63620E-06
   909    1.68558E-06
   910    1.00000E-10
   911    7.65821E-07
   912    1.94946E-06
   913    5.70105E-06
   914    3.04842E-06
   915    1.00000E-10
   916    2.23687E-06
   917    2.42186E-06
   918    3.08058E-06
   919    1.56433E-06
   920    1.00000E-10
   921    1.00000E-10
   922    1.00000E-10
   923    4.46830E-06
   924    8.57573E-06
   925    5.00555E-06
   926    3.92113E-06
   927    1.95566E-06
   928    2.49754E-06
   929    1.92019E-06
   930    2.06789E-07
   931    1.00000E-10
   932    3.39467E-06
   933    2.17053E-06
   934    1.50041E-06
   935    9.29427E-06
   936    7.35472E-06
   937    2.32498E-06
   938    1.80736E-06
   939    7.34611E-07
   940    2.01770E-06
   941    1.29012E-06
   942    1.00000E-10
   943    3.50810E-06
   944    2.80507E-06
   945    6.49150E-06
   946    3.92084E-06
   947    1.00000E-10
   948    1.05927E-07
   949    2.81331E-06
   950    2.67580E-06
   951    7.14376E-06
   952    4.19143E-06
   953    4.02030E-06
   954    2.57055E-06
   955    1.68779E-06
   956    1.07918E-06
   957    1.00000E-10
   958    1.00000E-10
   959    2.59881E-06
   960    1.66168E-06
   961    2.46285E-07
   962    1.57507E-07
   963    1.00000E-10
   964    6.21866E-06
   965    3.97614E-06
   966    4.59218E-06
   967    3.00586E-06
   968    1.59907E-07
   969    7.37987E-08
   970    1.00000E-10
   971    5.59637E-06
   972    3.57826E-06
   973    8.37061E-07
   974    2.65787E-06
   975    2.94008E-06
   976    6.80703E-06
   977    6.02315E-06
   978    4.52838E-06
   979    2.30671E-06
   980    3.17081E-06
   981    2.89924E-06
   982    8.62306E-06
   983    6.28751E-06
   984    7.61241E-07
   985    1.05409E-06
   986    7.28868E-06
   987    4.22942E-06
   988    1.00000E-10
   989    1.00000E-10
   990    1.00000E-10
   991    1.00000E-10
   992    1.00000E-10
   993    1.00000E-10
   994    1.00000E-10
   995    1.96323E-07
   996    7.83144E-07
   997    4.20548E-07
   998    4.45890E-06
   999    7.80877E-06
  1000    3.17003E-06
  1001    1.00000E-10
  1002    1.56067E-06
  1003    2.91914E-06
  1004    1.22851E-06
  1005    2.49136E-07
  1006    3.14667E-06
  1007    4.14646E-06
  1008    1.42996E-06
  1009    1.00000E-10
  1010    2.77296E-06
  1011    2.25833E-06
  1012    4.77863E-06
  1013    2.85701E-06
  1014    3.91014E-06
  1015    2.50012E-06
  1016    6.78369E-06
  1017    4.33741E-06
  1018    1.00000E-10
  1019    1.00000E-10
  1020    3.07657E-06
  1021    1.96714E-06
  1022    2.20312E-06
  1023    6.67316E-06
  1024    3.36613E-06
  1025    1.00000E-10
  1026    1.00000E-10
  1027    1.00000E-10
  1028    8.00957E-06
  1029    5.12123E-06
  1030    1.44297E-06
  1031    4.11428E-06
  1032    2.04078E-06
  1033    1.00000E-10
  1034    1.00000E-10
  1035    6.46924E-06
  1036    4.13636E-06
  1037    3.76066E-06
  1038    2.40454E-06
  1039    2.68779E-06
  1040    5.57625E-06
  1041    3.71101E-06
  1042    3.59716E-06
  1043    4.24003E-06
  1044    2.67938E-06
  1045    2.30745E-06
  1046    5.83741E-06
  1047    7.46771E-06
  1048    6.13642E-06
  1049    2.12989E-06
  1050    2.66768E-06
  1051    1.70571E-06
  1052    3.02758E-06
  1053    7.34102E-06
  1054    3.45609E-06
  1055    1.35091E-06
  1056    8.63787E-07
  1057    1.61937E-06
  1058    5.28913E-06
  1059    2.71984E-06
  1060    1.25446E-06
  1061    2.57747E-06
  1062    1.13523E-06
  1063    2.88143E-06
  1064    9.25125E-06
  1065    5.39858E-06
  1066    4.22962E-07
  1067    4.98999E-06
  1068    3.19056E-06
  1069    7.00863E-07
  1070    4.48157E-07
  1071    7.68090E-07
  1072    3.03987E-06
  1073    2.43492E-06
  1074    5.14935E-07
  1075    7.69786E-07
  1076    1.11043E-06
  1077    3.95372E-07
  1078    5.74723E-07
  1079    3.03947E-06
  1080    3.57316E-06
  1081    7.66659E-06
  1082    4.13964E-06
  1083    1.00000E-10
  1084    1.00000E-10
  1085    1.00000E-10
  1086    1.00000E-10
  1087    1.00000E-10
  1088    4.90931E-06
  1089    6.38281E-06
  1090    2.07416E-06
  1091    8.27839E-06
  1092    5.29311E-06
  1093    1.12579E-06
  1094    7.19845E-07
  1095    1.10423E-06
  1096    7.06066E-07
  1097    2.98538E-07
  1098    2.58475E-06
  1099    4.75789E-06
  1100    2.06353E-06
  1101    1.00000E-10
  1102    1.45532E-06
  1103    9.30546E-07
  1104    1.00000E-10
  1105    1.00000E-10
  1106    1.00000E-10
  1107    1.38901E-06
  1108    8.88144E-07
  1109    1.14132E-06
  1110    7.29775E-07
  1111    1.38119E-06
  1112    5.67861E-06
  1113    3.06624E-06
  1114    5.14368E-06
  1115    4.55588E-06
  1116    5.16292E-06
  1117    2.78313E-06
  1118    7.85883E-07
  1119    5.02517E-07
  1120    4.67386E-06
  1121    2.98843E-06
  1122    1.00000E-10
  1123    1.77767E-07
  1124    1.13697E-07
  1125    2.63877E-06
  1126    1.68722E-06
  1127    1.00000E-10
  1128    1.00000E-10
  1129    1.00000E-10
  1130    5.15414E-07
  1131    3.29583E-07
  1132    1.27113E-06
  1133    8.12774E-07
  1134    3.81918E-07
  1135    2.44228E-07
  1136    1.00000E-10
  1137    3.51533E-06
  1138    2.24768E-06
  1139    1.00000E-10
  1140    1.00000E-10
  1141    1.00000E-10
  1142    1.00000E-10
  1143    1.00000E-10
  1144    1.00000E-10
  1145    4.65582E-06
  1146    2.97689E-06
  1147    1.00000E-10
  1148    1.11073E-06
  1149    7.10219E-07
  1150    1.06039E-06
  1151    5.45206E-06
  1152    3.05253E-06
  1153    5.69824E-06
  1154    3.64339E-06
  1155    1.00000E-10
  1156    1.00000E-10
  1157    1.00000E-10
  1158    1.00000E-10
  1159    7.05379E-06
  1160    4.51011E-06
  1161    1.00000E-10
  1162    1.00000E-10
  1163    1.00000E-10
  1164    7.65278E-07
  1165    3.12103E-06
  1166    1.68276E-06
  1167    1.00000E-10
  1168    9.14474E-07
  1169    5.09120E-06
  1170    7.69704E-06
  1171    3.07911E-06
  1172    2.78068E-07
  1173    1.77828E-07
  1174    2.55117E-06
  1175    1.98914E-06
  1176    2.28956E-07
  1177    6.29094E-06
  1178    4.02236E-06
  1179    1.73988E-06
  1180    1.11249E-06
  1181    1.00000E-10
  1182    1.00000E-10
  1183    3.77636E-06
  1184    2.41458E-06
  1185    6.89836E-06
  1186    4.41074E-06
  1187    1.00000E-10
  1188    5.62480E-07
  1189    1.53558E-06
  1190    2.06683E-06
  1191    1.79728E-06
  1192    6.11651E-07
  1193    1.00000E-10
  1194    1.37992E-06
  1195    8.82337E-07
  1196    3.63363E-06
  1197    2.32332E-06
  1198    4.28870E-06
  1199    7.78029E-06
  1200    3.22139E-06
  1201    1.69848E-06
  1202    4.05915E-06
  1203    3.38599E-06
  1204    9.49528E-07
  1205    5.46873E-06
  1206    3.49666E-06
  1207    1.00000E-10
  1208    1.00000E-10
  1209    1.00000E-10
  1210    1.00000E-10
  1211    6.69004E-07
  1212    4.27786E-07
  1213    2.56622E-06
  1214    1.64084E-06
  1215    1.00000E-10
  1216    2.24992E-06
  1217    3.18426E-06
  1218    7.11733E-06
  1219    6.38276E-06
  1220    1.08976E-05
  1221    9.44637E-06
  1222    2.85039E-06
  1223    6.45804E-07
  1224    1.67611E-07
  1225    2.98703E-06
  1226    1.90990E-06
  1227    4.04055E-06
  1228    2.58349E-06
  1229    1.00000E-10
  1230    1.15853E-06
  1231    2.48646E-06
  1232    1.64154E-06
  1233    1.04805E-06
  1234    4.55399E-07
  1235    1.00000E-10
  1236    2.86115E-07
  1237    1.81886E-06
  1238    1.04606E-06
  1239    1.00000E-10
  1240    1.00000E-10
  1241    1.00000E-10
  1242    2.52229E-07
  1243    2.00528E-06
  1244    7.12305E-06
  1245    3.80056E-06
  1246    1.00000E-10
  1247    5.70224E-06
  1248    6.17114E-06
  1249    3.29858E-06
  1250    5.15450E-06
  1251    2.60734E-06
  1252    1.00000E-10
  1253    1.37624E-06
  1254    4.61057E-06
  1255    6.14482E-06
  1256    6.25651E-06
  1257    2.46344E-06
  1258    4.23572E-06
  1259    2.70829E-06
  1260    2.95313E-07
  1261    2.46520E-06
  1262    1.45556E-06
  1263    6.34436E-07
  1264    1.99141E-06
  1265    4.50992E-06
  1266    2.23534E-06
  1267    1.47993E-06
  1268    6.98649E-06
  1269    3.86211E-06
  1270    1.90974E-06
  1271    2.40075E-06
  1272    4.86364E-06
  1273    6.86488E-06
  1274    2.70941E-06
  1275    1.00000E-10
  1276    1.00000E-10
  1277    2.66004E-06
  1278    5.27267E-06
  1279    2.28388E-06
  1280    1.00000E-10
  1281    1.00000E-10
  1282    1.96404E-06
  1283    1.25581E-06
  1284    1.00000E-10
  1285    2.79892E-06
  1286    1.78962E-06
  1287    1.24136E-06
  1288    3.29676E-06
  1289    6.32373E-06
  1290    3.02006E-06
  1291    6.14784E-06
  1292    7.39917E-06
  1293    3.61105E-06
  1294    9.46243E-07
  1295    2.85716E-06
  1296    1.80427E-06
  1297    1.37829E-06
  1298    2.18761E-06
  1299    2.54084E-06
  1300    1.09057E-06
  1301    6.38964E-06
  1302    4.08546E-06
  1303    3.12206E-06
  1304    5.23315E-06
  1305    9.77428E-06
  1306    4.92626E-06
  1307    5.35301E-07
  1308    1.70665E-06
  1309    8.72442E-07
  1310    1.00000E-10
  1311    1.00000E-10
  1312    2.21592E-06
  1313    4.18321E-06
  1314    6.98944E-06
  1315    3.33805E-06
  1316    1.00000E-10
  1317    1.70180E-06
  1318    1.08814E-06
  1319    1.00000E-10
  1320    2.61596E-06
  1321    2.62702E-06
  1322    3.57194E-06
  1323    6.97560E-06
  1324    4.51285E-06
  1325    5.59503E-06
  1326    6.72900E-06
  1327    2.34543E-06
  1328    2.47150E-06
  1329    6.86452E-06
  1330    3.61611E-06
  1331    1.51859E-07
  1332    2.73839E-06
  1333    1.75092E-06
  1334    3.95296E-06
  1335    5.36727E-06
  1336    1.81581E-06
  1337    1.00000E-10
  1338    1.00000E-10
  1339    1.00000E-10
  1340    2.50821E-07
  1341    1.60407E-07
  1342    1.00000E-10
  1343    1.00000E-10
  1344    1.28843E-06
  1345    6.13259E-06
  1346    3.64910E-06
  1347    1.62931E-07
  1348    8.65816E-07
  1349    5.53624E-07
  1350    3.48440E-06
  1351    3.03651E-06
  1352    5.17111E-07
  1353    3.08760E-06
  1354    1.97420E-06
  1355    1.00000E-10
  1356    1.00000E-10
  1357    1.92390E-07
  1358    5.42527E-06
  1359    3.39026E-06
  1360    1.00000E-10
  1361    4.82626E-06
  1362    3.08586E-06
  1363    1.00000E-10
  1364    2.14216E-08
  1365    4.54579E-07
  1366    2.81970E-07
  1367    1.00000E-10
  1368    3.84419E-06
  1369    3.96899E-06
  1370    1.58303E-06
  1371    3.94471E-07
  1372    1.00000E-10
  1373    1.00000E-10
  1374    1.00000E-10
  1375    1.00000E-10
  1376    1.00000E-10
  1377    1.00000E-10
  1378    5.59267E-07
  1379    1.70956E-06
  1380    2.20640E-06
  1381    8.58082E-07
  1382    3.63905E-06
  1383    3.84831E-06
  1384    7.24365E-06
  1385    8.99858E-06
  1386    5.71168E-06
  1387    1.61239E-06
  1388    7.01908E-06
  1389    7.26317E-06
  1390    4.96637E-06
  1391    2.04090E-06
  1392    2.52014E-06
  1393    1.61137E-06
  1394    1.00000E-10
  1395    1.40933E-06
  1396    1.32576E-06
  1397    4.93544E-07
  1398    1.42012E-07
  1399    1.00000E-10
  1400    1.00000E-10
  1401    1.00000E-10
  1402    1.00000E-10
  1403    1.00000E-10
  1404    1.00000E-10
  1405    1.00000E-10
  1406    6.56836E-06
  1407    8.83016E-06
  1408    2.96071E-06
  1409    5.51910E-06
  1410    3.52886E-06
  1411    5.99478E-07
  1412    5.36494E-06
  1413    4.07417E-06
  1414    5.68457E-07
  1415    8.27077E-06
  1416    8.77184E-06
  1417    2.22746E-06
  1418    1.00000E-10
  1419    1.00000E-10
  1420    1.00000E-10
  1421    1.00000E-10
  1422    2.90920E-06
  1423    1.99554E-06
  1424    8.66793E-08
  1425    1.00000E-10
  1426    1.34227E-06
  1427    8.58261E-07
  1428    1.00000E-10
  1429    7.87036E-07
  1430    5.03254E-07
  1431    1.00000E-10
  1432    4.89237E-06
  1433    3.12813E-06
  1434    1.65583E-06
  1435    1.05874E-06
  1436    2.64862E-07
  1437    1.53370E-06
  1438    8.72419E-07
  1439    1.00000E-10
  1440    1.00000E-10
  1441    1.00000E-10
  1442    2.93932E-06
  1443    1.87939E-06
  1444    1.00000E-10
  1445    7.11046E-06
  1446    9.27962E-06
  1447    3.02648E-06
  1448    7.84063E-08
  1449    1.07422E-06
  1450    5.76381E-06
  1451    4.92576E-06
  1452    9.19993E-06
  1453    8.53127E-06
  1454    3.75000E-06
  1455    1.03753E-06
  1456    1.00000E-10
  1457    7.00668E-07
  1458    7.88461E-06
  1459    1.07148E-05
  1460    3.81075E-06
  1461    1.00000E-10
  1462    1.69807E-06
  1463    1.08575E-06
  1464    1.26191E-06
  1465    8.06880E-07
  1466    1.20269E-06
  1467    7.69018E-07
  1468    1.00000E-10
  1469    2.32411E-07
  1470    3.91423E-06
  1471    2.77120E-06
  1472    2.32481E-07
  1473    2.92841E-06
  1474    1.87241E-06
  1475    2.02310E-06
  1476    5.78937E-06
  1477    3.68091E-06
  1478    5.15617E-07
  1479    6.62070E-06
  1480    5.31125E-06
  1481    6.89385E-07
  1482    1.00000E-10
  1483    8.02920E-07
  1484    5.13410E-07
  1485    1.00000E-10
  1486    4.55926E-06
  1487    5.53282E-06
  1488    7.99727E-06
  1489    8.53300E-06
  1490    4.98548E-06
  1491    1.35219E-06
  1492    3.44410E-08
  1493    5.67225E-06
  1494    7.98235E-06
  1495    8.28692E-06
  1496    6.44127E-06
  1497    1.87290E-06
  1498    1.00000E-10
  1499    4.16670E-06
  1500    5.16143E-06
  1501    1.59682E-06
  1502    1.11498E-06
  1503    5.04266E-06
  1504    2.76846E-06
  1505    3.45382E-06
  1506    7.61845E-06
  1507    3.45923E-06
  1508    1.00000E-10
  1509    5.00852E-06
  1510    3.20240E-06
  1511    1.00000E-10
  1512    3.31860E-06
  1513    4.97313E-06
  1514    4.83174E-06
  1515    3.18894E-06
  1516    3.21144E-06
  1517    5.68757E-06
  1518    6.58550E-06
  1519    8.29681E-06
  1520    3.69782E-06
  1521    1.82126E-06
  1522    1.16452E-06
  1523    1.00000E-10
  1524    1.18398E-06
  1525    7.08785E-06
  1526    4.04791E-06
  1527    2.07883E-06
  1528    2.28440E-06
  1529    6.10836E-07
  1530    5.87380E-06
  1531    7.63585E-06
  1532    5.83282E-06
  1533    2.14317E-06
  1534    1.00000E-10
  1535    2.64355E-06
  1536    4.83008E-06
  1537    4.83716E-06
  1538    6.22224E-06
  1539    4.98227E-06
  1540    6.91044E-06
  1541    3.53519E-06
  1542    1.80165E-06
  1543    1.87273E-06
  1544    9.21916E-06
  1545    1.33079E-05
  1546    1.44387E-05
  1547    1.43157E-05
  1548    1.72729E-05
  1549    8.29989E-06
  1550    4.32958E-06
  1551    9.51816E-06
  1552    7.63638E-06
  1553    5.19370E-06
  1554    1.22527E-05
  1555    9.89290E-06
  1556    2.96350E-06
  1557    7.43205E-06
  1558    1.12027E-05
  1559    9.59385E-06
  1560    5.05305E-06
  1561    1.05189E-05
  1562    1.63961E-05
  1563    1.45707E-05
  1564    1.50321E-05
  1565    1.77948E-05
  1566    1.82326E-05
  1567    1.68764E-05
  1568    1.88463E-05
  1569    1.98964E-05
  1570    2.09646E-05
  1571    2.46720E-05
  1572    2.50451E-05
  1573    2.64988E-05
  1574    2.85539E-05
  1575    2.97143E-05
  1576    2.70687E-05
  1577    3.66711E-05
  1578    4.14977E-05
  1579    3.77810E-05
  1580    4.03826E-05
  1581    4.96123E-05
  1582    5.81032E-05
  1583    6.39046E-05
  1584    6.50297E-05
  1585    7.34783E-05
  1586    8.39831E-05
  1587    8.63873E-05
  1588    9.60963E-05
  1589    1.10156E-04
  1590    1.16851E-04
  1591    1.25372E-04
  1592    1.48260E-04
  1593    1.66445E-04
  1594    1.93455E-04
  1595    2.20343E-04
  1596    2.44171E-04
  1597    2.84101E-04
  1598    3.26696E-04
  1599    3.66333E-04
  1600    4.25134E-04
  1601    4.94616E-04
  1602    5.77953E-04
  1603    6.78537E-04
  1604    7.94647E-04
  1605    9.34310E-04
  1606    1.11182E-03
  1607    1.33560E-03
  1608    1.60412E-03
  1609    1.92666E-03
  1610    2.33256E-03
  1611    2.85199E-03
  1612    3.54126E-03
  1613    4.45527E-03
  1614    5.56403E-03
  1615    7.04533E-03
  1616    9.06347E-03
  1617    1.17320E-02
  1618    1.54597E-02
  1619    2.07015E-02
  1620    2.77190E-02
  1621    3.74982E-02
  1622    4.87861E-02
  1623    6.13173E-02
  1624    7.89059E-02
  1625    1.04275E-01
  1626    1.39046E-01
  1627    1.85850E-01
  1628    2.48469E-01
  1629    3.25645E-01
  1630    4.15235E-01
  1631    5.04816E-01
  1632    5.80541E-01
  1633    6.33694E-01
  1634    6.62753E-01
  1635    6.74538E-01
  1636    6.78160E-01
  1637    6.78952E-01
  1638    6.78653E-01
  1639    6.78175E-01
  1640    6.77765E-01
  1641    6.76862E-01
  1642    6.74575E-01
  1643    6.70282E-01
  1644    6.63621E-01
  1645    6.55273E-01
  1646    6.45739E-01
  1647    6.35227E-01
  1648    6.23505E-01
  1649    6.09146E-01
  1650    5.89101E-01
  1651    5.59360E-01
  1652    5.12604E-01
  1653    4.49017E-01
  1654    3.78077E-01
  1655    3.08029E-01
  1656    2.41254E-01
  1657    1.84458E-01
  1658    1.41306E-01
  1659    1.09079E-01
  1660    8.46255E-02
  1661    6.72077E-02
  1662    5.39972E-02
  1663    4.13311E-02
  1664    3.08318E-02
  1665    2.33010E-02
  1666    1.77165E-02
  1667    1.36376E-02
  1668    1.06823E-02
  1669    8.38466E-03
  1670    6.62300E-03
  1671    5.34015E-03
  1672    4.32466E-03
  1673    3.51339E-03
  1674    2.89311E-03
  1675    2.37987E-03
  1676    1.95989E-03
  1677    1.63874E-03
  1678    1.37910E-03
  1679    1.15777E-03
  1680    9.77356E-04
  1681    8.34003E-04
  1682    7.13972E-04
  1683    6.10367E-04
  1684    5.21894E-04
  1685    4.50782E-04
  1686    3.93373E-04
  1687    3.39409E-04
  1688    2.92998E-04
  1689    2.60614E-04
  1690    2.32751E-04
  1691    2.03484E-04
  1692    1.75340E-04
  1693    1.55566E-04
  1694    1.38852E-04
  1695    1.26489E-04
  1696    1.12567E-04
  1697    9.87324E-05
  1698    8.89836E-05
  1699    8.51905E-05
  1700    8.09648E-05
  1701    6.79977E-05
  1702    6.23801E-05
  1703    6.12913E-05
  1704    5.44769E-05
  1705    4.61699E-05
  1706    4.85486E-05
  1707    3.96310E-05
  1708    3.76856E-05
  1709    3.51644E-05
  1710    3.45024E-05
  1711    3.58337E-05
  1712    3.14048E-05
  1713    2.78760E-05
  1714    2.65674E-05
  1715    2.49071E-05
  1716    2.03048E-05
  1717    1.53043E-05
  1718    1.54165E-05
  1719    1.78109E-05
  1720    1.55725E-05
  1721    1.29058E-05
  1722    1.32722E-05
  1723    6.54947E-06
  1724    1.08419E-05
  1725    1.75727E-05
  1726    9.76447E-06
  1727    8.16116E-06
  1728    1.13259E-05
  1729    7.83793E-06
  1730    6.37449E-06
  1731    4.48799E-06
  1732    4.44671E-06
  1733    2.13344E-06
  1734    1.00000E-10
  1735    5.31486E-06
  1736    6.64872E-06
  1737    2.07838E-06
  1738    2.28626E-06
  1739    7.15759E-06
  1740    5.74504E-06
  1741    1.34484E-06
  1742    4.43411E-06
  1743    5.45032E-06
  1744    1.67221E-06
  1745    1.00000E-10
  1746    1.00000E-10
  1747    1.00000E-10
  1748    3.37998E-06
  1749    2.84509E-06
  1750    4.37408E-07
  1751    1.00000E-10
  1752    5.91663E-06
  1753    8.13601E-06
  1754    2.78333E-06
  1755    1.00000E-10
  1756    1.65869E-06
  1757    4.40518E-06
  1758    5.64845E-06
  1759    2.24425E-06
  1760    1.00000E-10
  1761    2.43850E-06
  1762    1.55918E-06
  1763    1.00000E-10
  1764    5.38597E-07
  1765    3.44406E-07
  1766    2.33877E-06
  1767    2.50335E-06
  1768    4.97152E-06
  1769    5.09989E-06
  1770    1.49191E-06
  1771    1.00000E-10
  1772    1.51875E-06
  1773    9.71100E-07
  1774    3.13089E-06
  1775    2.00187E-06
  1776    1.80798E-06
  1777    5.57385E-06
  1778    4.31032E-06
  1779    9.49926E-07
  1780    8.59681E-06
  1781    8.82192E-06
  1782    2.12620E-06
  1783    1.00000E-10
  1784    1.00000E-10
  1785    2.06399E-06
  1786    3.23795E-06
  1787    3.08886E-06
  1788    1.19081E-06
  1789    1.00000E-10
  1790    3.17144E-06
  1791    2.02780E-06
  1792    3.43323E-06
  1793    3.85384E-06
  1794    1.06062E-06
  1795    1.00000E-10
  1796    3.51072E-07
  1797    2.24506E-07
  1798    1.00000E-10
  1799    1.00000E-10
  1800    1.00000E-10
  1801    1.00000E-10
  1802    1.00000E-10
  1803    1.00000E-10
  1804    3.40160E-06
  1805    2.71777E-06
  1806    1.13856E-06
  1807    1.42195E-06
  1808    5.85676E-07
  1809    1.00000E-10
  1810    5.84529E-06
  1811    6.36363E-06
  1812    4.82110E-06
  1813    2.00894E-06
  1814    1.00000E-10
  1815    3.18449E-06
  1816    2.03614E-06
  1817    4.94222E-06
  1818    3.35280E-06
  1819    1.23366E-07
  1820    1.00000E-10
  1821    5.52826E-06
  1822    6.11699E-06
  1823    5.07354E-06
  1824    2.18831E-06
  1825    1.00000E-10
  1826    4.79843E-06
  1827    3.06808E-06
  1828    1.00000E-10
  1829    1.00000E-10
  1830    1.00000E-10
  1831    9.52067E-07
  1832    6.08772E-07
  1833    3.56332E-06
  1834    4.16119E-06
  1835    1.20395E-06
  1836    1.46342E-06
  1837    2.23670E-06
  1838    2.66007E-06
  1839    1.35748E-06
  1840    8.90211E-07
  1841    6.78567E-07
  1842    3.49063E-06
  1843    2.15568E-06
  1844    1.00000E-10
  1845    1.00000E-10
  1846    9.03720E-07
  1847    5.77860E-07
  1848    1.81120E-06
  1849    3.91065E-06
  1850    4.68827E-06
  1851    2.46832E-06
  1852    3.74127E-06
  1853    2.14851E-06
  1854    1.00000E-10
  1855    1.00000E-10
  1856    1.00000E-10
  1857    1.00000E-10
  1858    2.25289E-06
  1859    2.33024E-06
  1860    5.68991E-07
  1861    1.00000E-10
  1862    1.00000E-10
  1863    1.00000E-10
  1864    4.19631E-06
  1865    2.68309E-06
  1866    1.00000E-10
  1867    9.83811E-07
  1868    7.12569E-07
  1869    6.17829E-06
  1870    3.91620E-06
  1871    1.00000E-10
  1872    7.34943E-07
  1873    6.18484E-06
  1874    3.65411E-06
  1875    1.00000E-10
  1876    1.00000E-10
  1877    1.00000E-10
  1878    1.00000E-10
  1879    1.00000E-10
  1880    4.21118E-06
  1881    2.69259E-06
  1882    1.00000E-10
  1883    1.00000E-10
  1884    1.00000E-10
  1885    1.00000E-10
  1886    1.00000E-10
  1887    3.18296E-06
  1888    2.11743E-06
  1889    5.26935E-08
  1890    1.00000E-10
  1891    1.72306E-06
  1892    1.10173E-06
  1893    5.93392E-07
  1894    3.79441E-07
  1895    2.27938E-07
  1896    2.38335E-06
  1897    1.43077E-06
  1898    1.00000E-10
  1899    6.13056E-07
  1900    3.97218E-07
  1901    3.42729E-09
  1902    4.98575E-06
  1903    5.46687E-06
  1904    1.45727E-06
  1905    1.91063E-06
  1906    4.61187E-06
  1907    3.02847E-06
  1908    5.50434E-07
  1909    2.08864E-06
  1910    2.70500E-06
  1911    9.85298E-07
  1912    7.01439E-08
  1913    1.00000E-10
  1914    1.00000E-10
  1915    1.00000E-10
  1916    2.49123E-06
  1917    2.22851E-06
  1918    4.06503E-07
  1919    1.21287E-06
  1920    7.75527E-07
  1921    1.11837E-07
  1922    2.69610E-06
  1923    1.67820E-06
  1924    3.20351E-06
  1925    6.91724E-06
  1926    3.11322E-06
  1927    1.00000E-10
  1928    3.57960E-06
  1929    7.30201E-06
  1930    5.53893E-06
  1931    6.48385E-06
  1932    3.19176E-06
  1933    1.00000E-10
  1934    1.00000E-10
  1935    2.01682E-06
  1936    5.41081E-06
  1937    1.15590E-05
  1938    5.70586E-06
  1939    1.96442E-06
  1940    1.25605E-06
  1941    1.00000E-10
  1942    1.00000E-10
  1943    1.49653E-06
  1944    9.56896E-07
  1945    1.00000E-10
  1946    1.00000E-10
  1947    2.48460E-06
  1948    4.40684E-06
  1949    6.74457E-06
  1950    3.33451E-06
  1951    1.06262E-06
  1952    6.08238E-07
  1953    1.00000E-10
  1954    1.00000E-10
  1955    1.00000E-10
  1956    1.00000E-10
  1957    3.11040E-07
  1958    5.11205E-06
  1959    3.14148E-06
  1960    1.04194E-06
  1961    6.66233E-07
  1962    8.15175E-07
  1963    5.21245E-07
  1964    2.46827E-06
  1965    1.57821E-06
  1966    5.31137E-06
  1967    6.04416E-06
  1968    1.69327E-06
  1969    1.90367E-06
  1970    1.21721E-06
  1971    1.10888E-06
  1972    1.26610E-06
  1973    2.30102E-06
  1974    1.24354E-06
  1975    4.54632E-07
  1976    9.54628E-07
  1977    4.24592E-07
  1978    6.37309E-07
  1979    4.07521E-07
  1980    1.10051E-06
  1981    2.66370E-06
  1982    1.25330E-06
  1983    1.00000E-10
  1984    1.00000E-10
  1985    1.00000E-10
  1986    5.46582E-06
  1987    4.17608E-06
  1988    5.31520E-06
  1989    3.11997E-06
  1990    6.15528E-06
  1991    3.93562E-06
  1992    4.12336E-06
  1993    5.70383E-06
  1994    1.96133E-06
  1995    3.45726E-06
  1996    3.60560E-06
  1997    8.92071E-07
  1998    1.00000E-10
  1999    2.48978E-06
  2000    2.26873E-06
  2001    4.32817E-07
  2002    2.41635E-06
  2003    1.54501E-06
  2004    1.00000E-10
  2005    1.00000E-10
  2006    2.78053E-06
  2007    2.02074E-06
  2008    1.55395E-07
  2009    1.00000E-10
  2010    1.00000E-10
  2011    1.57150E-06
  2012    1.00482E-06
  2013    1.08027E-06
  2014    6.90742E-07
  2015    1.00000E-10
  2016    1.00000E-10
  2017    5.31126E-06
  2018    3.39597E-06
  2019    1.00000E-10
  2020    9.28028E-07
  2021    5.93402E-07
  2022    1.00000E-10
  2023    3.61077E-06
  2024    2.69079E-06
  2025    2.44396E-07
  2026    2.67078E-06
  2027    2.28038E-06
  2028    3.66270E-07
  2029    1.00000E-10
  2030    1.00000E-10
  2031    1.20705E-06
  2032    5.93460E-06
  2033    5.80536E-06
  2034    1.60127E-06
  2035    1.22577E-06
  2036    7.83776E-07
  2037    1.00000E-10
  2038    2.86470E-06
  2039    2.25735E-06
  2040    8.21590E-07
  2041    3.51326E-07
  2042    1.00000E-10
  2043    1.00000E-10
  2044    1.63733E-06
  2045    1.17109E-06
  2046    6.36636E-06
  2047    4.01857E-06
  2048    2.83772E-07
  2049    1.81382E-07
  2050    2.46778E-06
  2051    3.26382E-06
  2052    3.43280E-06
  2053    1.50494E-06
  2054    1.00000E-10
  2055    1.54486E-06
  2056    8.17704E-06
  2057    4.59475E-06
  2058    1.67893E-06
  2059    1.07297E-06
  2060    1.00000E-10
  2061    1.41489E-06
  2062    9.04230E-07
  2063    1.00000E-10
  2064    2.41455E-06
  2065    5.55217E-06
  2066    3.74749E-06
  2067    7.57603E-07
  2068    2.68592E-06
  2069    1.71649E-06
  2070    5.38078E-06
  2071    5.35896E-06
  2072    3.23393E-06
  2073    1.28246E-06
  2074    1.00000E-10
  2075    1.00000E-10
  2076    1.00000E-10
  2077    1.00000E-10
  2078    1.00000E-10
  2079    8.64640E-07
  2080    5.52589E-07
  2081    1.00000E-10
  2082    1.00000E-10
  2083    7.45499E-07
  2084    9.47574E-07
  2085    5.51306E-06
  2086    3.33079E-06
  2087    1.00000E-10
  2088    1.00000E-10
  2089    1.00000E-10
  2090    1.00000E-10
  2091    3.54615E-06
  2092    2.26622E-06
  2093    4.11242E-06
  2094    8.72885E-06
  2095    3.89882E-06
  2096    2.73860E-06
  2097    1.75015E-06
  2098    1.00000E-10
  2099    1.00000E-10
  2100    6.09262E-06
  2101    3.89356E-06
  2102    1.00000E-10
  2103    4.96615E-07
  2104    3.17400E-07
  2105    5.74720E-06
  2106    3.67282E-06
  2107    3.38106E-07
  2108    2.16105E-07
  2109    1.00000E-10
  2110    1.00000E-10
  2111    1.95420E-06
  2112    5.76301E-06
  2113    2.88488E-06
  2114    7.29583E-06
  2115    5.88705E-06
  2116    1.15851E-06
  2117    2.40286E-07
  2118    7.33620E-07
  2119    1.07698E-06
  2120    3.88722E-07
  2121    1.00000E-10
  2122    1.00000E-10
  2123    4.20004E-06
  2124    3.79470E-06
  2125    7.09837E-07
  2126    3.19169E-06
  2127    2.98956E-06
  2128    6.07112E-07
  2129    1.26908E-07
  2130    8.11372E-08
  2131    1.00000E-10
  2132    1.00000E-10
  2133    1.00000E-10
  2134    1.00000E-10
  2135    5.38771E-06
  2136    3.44309E-06
  2137    1.00000E-10
  2138    5.63678E-07
  2139    3.60258E-07
  2140    6.93597E-07
  2141    3.02839E-06
  2142    1.93877E-06
  2143    4.76244E-07
  2144    4.13013E-06
  2145    5.52790E-06
  2146    1.92246E-06
  2147    1.96074E-06
  2148    1.25306E-06
  2149    1.00000E-10
  2150    2.07871E-06
  2151    1.32845E-06
  2152    4.33969E-06
  2153    2.77334E-06
  2154    3.98160E-06
  2155    2.54450E-06
  2156    1.00000E-10
  2157    9.47088E-08
  2158    3.24295E-06
  2159    2.03382E-06
  2160    1.00000E-10
  2161    1.00000E-10
  2162    3.27190E-06
  2163    4.45409E-06
  2164    1.51027E-06
  2165    1.00000E-10
  2166    9.66614E-07
  2167    4.97087E-06
  2168    2.78198E-06
  2169    1.00000E-10
  2170    3.75646E-06
  2171    2.88667E-06
  2172    3.10709E-07
  2173    1.08616E-06
  2174    6.94156E-07
  2175    1.00000E-10
  2176    5.75781E-06
  2177    3.94597E-06
  2178    3.02265E-06
  2179    1.82289E-06
  2180    1.00000E-10
  2181    1.00000E-10
  2182    1.00000E-10
  2183    6.28291E-07
  2184    5.63304E-07
  2185    6.23603E-06
  2186    3.91914E-06
  2187    2.39217E-06
  2188    3.09775E-06
  2189    1.00277E-06
  2190    1.00000E-10
  2191    3.88773E-06
  2192    4.50933E-06
  2193    8.20635E-06
  2194    4.41743E-06
  2195    4.48062E-06
  2196    3.10019E-06
  2197    1.51421E-07
  2198    1.64278E-06
  2199    1.41613E-06
  2200    4.48237E-06
  2201    6.73177E-06
  2202    6.89375E-06
  2203    2.76508E-06
  2204    1.00000E-10
  2205    1.00000E-10
  2206    1.00000E-10
  2207    1.00000E-10
  2208    4.92215E-07
  2209    3.14589E-07
  2210    1.00000E-10
  2211    1.00000E-10
  2212    1.00000E-10
  2213    1.00000E-10
  2214    1.00000E-10
  2215    1.00000E-10
  2216    1.90356E-06
  2217    1.21651E-06
  2218    1.00000E-10
  2219    1.00000E-10
  2220    1.00323E-06
  2221    5.35120E-06
  2222    6.57251E-06
  2223    2.84787E-06
  2224    3.65112E-07
  2225    3.58610E-06
  2226    2.29176E-06
  2227    1.78197E-06
  2228    1.13882E-06
  2229    3.41222E-06
  2230    2.18064E-06
  2231    1.00000E-10
  2232    1.66303E-06
  2233    1.17540E-06
  2234    2.48785E-06
  2235    1.54393E-06
  2236    1.00000E-10
  2237    2.01296E-06
  2238    1.28643E-06
  2239    1.00000E-10
  2240    1.00000E-10
  2241    1.00000E-10
  2242    2.27970E-06
  2243    8.05362E-06
  2244    4.21577E-06
  2245    1.00000E-10
  2246    1.00000E-10
  2247    6.50677E-06
  2248    4.15823E-06
  2249    1.00000E-10
  2250    1.00000E-10
  2251    3.42754E-06
  2252    7.32620E-06
  2253    3.28215E-06
  2254    4.87260E-06
  2255    5.87680E-06
  2256    1.76574E-06
  2257    1.00000E-10
  2258    1.00000E-10
  2259    2.15084E-06
  2260    4.14177E-06
  2261    1.76851E-06
  2262    1.00000E-10
  2263    1.00000E-10
  2264    1.00000E-10
  2265    2.53063E-06
  2266    3.04483E-06
  2267    1.64353E-06
  2268    3.70465E-06
  2269    4.82020E-06
  2270    4.89363E-06
  2271    2.00373E-06
  2272    1.00000E-10
  2273    1.00000E-10
  2274    1.00000E-10
  2275    1.51466E-06
  2276    2.45537E-06
  2277    9.50623E-07
  2278    5.10445E-06
  2279    3.26206E-06
  2280    3.33523E-06
  2281    2.13144E-06
  2282    5.86472E-06
  2283    3.74792E-06
  2284    1.00000E-10
  2285    1.00000E-10
  2286    4.50895E-06
  2287    4.30138E-06
  2288    9.07478E-07
  2289    1.00000E-10
  2290    4.92028E-06
  2291    3.14437E-06
  2292    1.65745E-06
  2293    1.05924E-06
  2294    1.00000E-10
  2295    3.32792E-06
  2296    3.97531E-06
  2297    1.18143E-06
  2298    1.15643E-06
  2299    7.39059E-07
  2300    1.00000E-10
  2301    1.00000E-10
  2302    3.38645E-06
  2303    2.75371E-06
  2304    2.19551E-06
  2305    4.78161E-06
  2306    4.13654E-06
  2307    2.13472E-06
  2308    6.19534E-07
  2309    5.58759E-06
  2310    3.57082E-06
  2311    7.46383E-07
  2312    4.77017E-07
  2313    1.84087E-06
  2314    5.98666E-06
  2315    3.07409E-06
  2316    2.08323E-06
  2317    1.33134E-06
  2318    1.00000E-10
  2319    4.09632E-06
  2320    2.61782E-06
  2321    1.00000E-10
  2322    1.00000E-10
  2323    5.10532E-07
  2324    3.26295E-07
  2325    1.00000E-10
  2326    5.18529E-06
  2327    3.31372E-06
  2328    3.38445E-06
  2329    4.66484E-06
  2330    3.87450E-06
  2331    1.45428E-06
  2332    4.64642E-06
  2333    4.70887E-06
  2334    1.11175E-06
  2335    1.00000E-10
  2336    6.12704E-06
  2337    5.20929E-06
  2338    1.27845E-06
  2339    2.88686E-07
  2340    1.00000E-10
  2341    3.21395E-07
  2342    7.41389E-07
  2343    3.42610E-07
  2344    1.00000E-10
  2345    1.00000E-10
  2346    1.53622E-06
  2347    1.06982E-05
  2348    7.15954E-06
  2349    6.07260E-07
  2350    1.00000E-10
  2351    2.90719E-07
  2352    1.85822E-07
  2353    1.00000E-10
  2354    3.09012E-06
  2355    1.97479E-06
  2356    1.00000E-10
  2357    1.00000E-10
  2358    1.16096E-06
  2359    7.41956E-07
  2360    1.00000E-10
  2361    1.00000E-10
  2362    1.00000E-10
  2363    1.00000E-10
  2364    1.00000E-10
  2365    1.00000E-10
  2366    1.00000E-10
  2367    3.78377E-06
  2368    4.32788E-06
  2369    1.48397E-06
  2370    1.68426E-07
  2371    9.18440E-07
  2372    5.86970E-07
  2373    2.62673E-06
  2374    1.67867E-06
  2375    1.00000E-10
  2376    2.30139E-06
  2377    1.47076E-06
  2378    1.00000E-10
  2379    1.11879E-06
  2380    2.83130E-06
  2381    1.35253E-06
  2382    1.00000E-10
  2383    5.45421E-06
  2384    3.48558E-06
  2385    1.00000E-10
  2386    1.00000E-10
  2387    3.35884E-06
  2388    2.14652E-06
  2389    1.00000E-10
  2390    2.09512E-06
  2391    4.02453E-06
  2392    1.71634E-06
  2393    2.19904E-06
  2394    1.40534E-06
  2395    5.03209E-06
  2396    3.21582E-06
  2397    2.54948E-06
  2398    4.11992E-06
  2399    1.59175E-06
  2400    1.00000E-10
  2401    2.91279E-06
  2402    6.61596E-06
  2403    3.03849E-06
  2404    2.95832E-06
  2405    4.91164E-06
  2406    4.90605E-06
  2407    1.90149E-06
  2408    1.00000E-10
  2409    7.02842E-06
  2410    5.33049E-06
  2411    5.36206E-07
  2412    1.00000E-10
  2413    5.36249E-07
  2414    1.80875E-06
  2415    3.89500E-06
  2416    1.89044E-06
  2417    1.50666E-06
  2418    9.62874E-07
  2419    1.00000E-10
  2420    1.00000E-10
  2421    1.97239E-06
  2422    1.26050E-06
  2423    1.00000E-10
  2424    1.00000E-10
  2425    1.78832E-06
  2426    2.32114E-06
  2427    1.39074E-06
  2428    1.81468E-06
  2429    8.99302E-07
  2430    1.00000E-10
  2431    1.00000E-10
  2432    1.00000E-10
  2433    1.76903E-06
  2434    1.13054E-06
  2435    1.00000E-10
  2436    2.56963E-06
  2437    3.46268E-06
  2438    3.07208E-06
  2439    8.54309E-06
  2440    9.69677E-06
  2441    3.20603E-06
  2442    1.00000E-10
  2443    1.00000E-10
  2444    1.00000E-10
  2445    1.00000E-10
  2446    1.00000E-10
  2447    1.71869E-06
  2448    2.74244E-06
  2449    3.45121E-06
  2450    4.63438E-06
  2451    1.98133E-06
  2452    1.38790E-07
  2453    8.87304E-08
  2454    1.00000E-10
  2455    1.00000E-10
  2456    1.00000E-10
  2457    1.00000E-10
  2458    1.00000E-10
  2459    1.00000E-10
  2460    1.00000E-10
  2461    1.00000E-10
  2462    2.05711E-06
  2463    1.52104E-06
  2464    1.31998E-07
  2465    1.00000E-10
  2466    1.00000E-10
  2467    5.22335E-06
  2468    5.09066E-06
  2469    5.12132E-06
  2470    5.89837E-06
  2471    2.13536E-06
  2472    1.00000E-10
  2473    6.10172E-06
  2474    3.89938E-06
  2475    2.62264E-06
  2476    2.27999E-06
  2477    3.86049E-07
  2478    4.38611E-06
  2479    5.08667E-06
  2480    4.42332E-06
  2481    1.89416E-06
  2482    1.00000E-10
  2483    3.63051E-06
  2484    5.20441E-06
  2485    2.80705E-06
  2486    6.15982E-07
  2487    1.00000E-10
  2488    1.00000E-10
  2489    1.10827E-06
  2490    6.29236E-06
  2491    3.56863E-06
  2492    1.16476E-07
  2493    4.45460E-06
  2494    4.96044E-06
  2495    1.38122E-06
  2496    1.00000E-10
  2497    5.62305E-06
  2498    4.02407E-06
  2499    8.11167E-06
  2500    5.00800E-06
  2501    1.00000E-10
  2502    3.83246E-06
  2503    5.06378E-06
  2504    1.67097E-06
  2505    2.52413E-06
  2506    2.53105E-06
  2507    5.86725E-07
  2508    1.00000E-10
  2509    1.00000E-10
  2510    1.33098E-06
  2511    3.07976E-06
  2512    1.42465E-06
  2513    3.34938E-06
  2514    8.49206E-06
  2515    4.05912E-06
  2516    1.60237E-06
  2517    4.61214E-06
  2518    5.90094E-06
  2519    3.81084E-06
  2520    2.69035E-06
  2521    4.56576E-06
  2522    2.21195E-06
  2523    1.00000E-10
  2524    1.00000E-10
  2525    2.83293E-06
  2526    1.81044E-06
  2527    5.00107E-06
  2528    3.97611E-06
  2529    8.65880E-07
  2530    1.65830E-06
  2531    9.09801E-07
  2532    1.00000E-10
  2533    6.22899E-06
  2534    3.98071E-06
  2535    7.77000E-06
  2536    4.96550E-06
  2537    1.00000E-10
  2538    1.00000E-10
  2539    1.59013E-06
  2540    1.01621E-06
  2541    1.00000E-10
  2542    6.77691E-07
  2543    4.33119E-07
  2544    1.00000E-10
  2545    1.00000E-10
  2546    1.00000E-10
  2547    1.84998E-06
  2548    1.18228E-06
  2549    1.00000E-10
  2550    3.13146E-06
  2551    7.57840E-06
  2552    4.36798E-06
  2553    6.25140E-06
  2554    3.66679E-06
  2555    1.00000E-10
  2556    5.32235E-06
  2557    5.42919E-06
  2558    1.29603E-06
  2559    1.00000E-10
  2560    1.00000E-10
  2561    2.51081E-06
  2562    1.60458E-06
  2563    4.79921E-06
  2564    4.04830E-06
  2565    4.91969E-06
  2566    2.74324E-06
  2567    1.00000E-10
  2568    1.00000E-10
  2569    1.00000E-10
  2570    1.62060E-05
  2571    1.87362E-05
  2572    5.35516E-06
  2573    1.00000E-10
  2574    1.37008E-05
  2575    8.75561E-06
  2576    6.19123E-06
  2577    3.95657E-06
  2578    6.36797E-06
  2579    4.06953E-06
  2580    4.13789E-06
  2581    2.64438E-06
  2582    2.20213E-05
  2583    1.40729E-05
  2584    5.14491E-07
  2585    7.08753E-06
  2586    4.31929E-06
  2587    4.06807E-06
  2588    2.59976E-06
  2589    1.00000E-10
  2590    1.00000E-10
  2591    7.56462E-07
  2592    7.86679E-06
  2593    1.59574E-05
  2594    7.18243E-06
  2595    1.00000E-10
  2596    2.31353E-07
  2597    3.68674E-06
  2598    1.18320E-05
  2599    1.76775E-05
  2600    7.38849E-06
  2601    1.00000E-10
  2602    5.06361E-07
  2603    3.23629E-07
  2604    1.00000E-10
  2605    9.17061E-07
  2606    2.52678E-06
  2607    9.96332E-06
  2608    5.57459E-06
  2609    2.53746E-06
  2610    6.93081E-06
  2611    1.42501E-05
  2612    6.93840E-06
  2613    2.75640E-07
  2614    7.92065E-06
  2615    6.35578E-06
  2616    7.48134E-06
  2617    5.60101E-06
  2618    8.91200E-07
  2619    5.92543E-06
  2620    1.21105E-05
  2621    5.31948E-06
  2622    1.00000E-10
  2623    1.00000E-10
  2624    1.00000E-10
  2625    3.52953E-06
  2626    4.68794E-06
  2627    4.09127E-06
  2628    1.62123E-06
  2629    3.81443E-06
  2630    9.31138E-06
  2631    1.08273E-05
  2632    1.00048E-05
  2633    7.33642E-06
  2634    2.28188E-06
  2635    1.36817E-05
  2636    1.29398E-05
  2637    7.70483E-06
  2638    8.29550E-06
  2639    2.35163E-05
  2640    2.76617E-05
  2641    1.80275E-05
  2642    2.38815E-05
  2643    1.88029E-05
  2644    6.01816E-06
  2645    2.05203E-06
  2646    4.04593E-06
  2647    2.14002E-06
  2648    5.59226E-06
  2649    3.57380E-06
  2650    1.40609E-05
  2651    8.98570E-06
  2652    0.00000E+00
  2653    0.00000E+00
  2654    0.00000E+00
  2655    0.00000E+00
  2656    0.00000E+00
  2657    0.00000E+00
  2658    0.00000E+00
  2659    0.00000E+00
  2660    0.00000E+00
  2661    0.00000E+00
  2662    0.00000E+00
  2663    0.00000E+00
  2664    0.00000E+00
  2665    0.00000E+00
  2666    0.00000E+00
  2667    0.00000E+00
  2668    0.00000E+00
  2669    0.00000E+00
  2670    0.00000E+00
  2671    0.00000E+00
  2672    0.00000E+00
  2673    0.00000E+00
  2674    0.00000E+00
  2675    0.00000E+00
  2676    0.00000E+00
  2677    0.00000E+00
  2678    0.00000E+00
  2679    0.00000E+00
  2680    0.00000E+00
  2681    0.00000E+00
  2682    0.00000E+00
  2683    0.00000E+00
  2684    0.00000E+00
  2685    0.00000E+00
  2686    0.00000E+00
  2687    0.00000E+00
  2688    0.00000E+00
  2689    0.00000E+00
  2690    0.00000E+00
  2691    0.00000E+00
  2692    0.00000E+00
  2693    0.00000E+00
  2694    0.00000E+00
  2695    0.00000E+00
  2696    0.00000E+00
  2697    0.00000E+00
  2698    0.00000E+00
  2699    0.00000E+00
  2700    0.00000E+00
