   400    6.74601E-07
   401    8.52509E-07
   402    8.82853E-07
   403    7.14533E-07
   404    8.05118E-07
   405    9.10973E-07
   406    6.39308E-07
   407    3.22920E-07
   408    4.70908E-07
   409    8.74725E-07
   410    8.72178E-07
   411    1.13283E-06
   412    1.91459E-06
   413    2.23283E-06
   414    1.62791E-06
   415    5.31766E-07
   416    3.43897E-08
   417    1.99638E-07
   418    1.82015E-07
   419    3.81144E-08
   420    1.36943E-07
   421    8.04663E-08
   422    1.00000E-10
   423    1.00000E-10
   424    9.70716E-08
   425    5.70504E-08
   426    1.00000E-10
   427    4.69153E-09
   428    2.79656E-09
   429    1.00000E-10
   430    1.00000E-10
   431    4.38211E-08
   432    4.37818E-08
   433    1.06741E-08
   434    8.78030E-08
   435    5.16070E-08
   436    1.00000E-10
   437    1.00000E-10
   438    1.00000E-10
   439    1.00000E-10
   440    1.00000E-10
   441    1.00000E-10
   442    1.00000E-10
   443    1.00000E-10
   444    1.00000E-10
   445    1.00000E-10
   446    1.00000E-10
   447    3.49961E-07
   448    8.90574E-07
   449    7.22146E-07
   450    1.87886E-07
   451    1.00000E-10
   452    1.00000E-10
   453    1.00000E-10
   454    1.00000E-10
   455    1.00000E-10
   456    1.00000E-10
   457    1.00000E-10
   458    1.00000E-10
   459    1.00000E-10
   460    1.00000E-10
   461    1.00000E-10
   462    1.00000E-10
   463    1.00000E-10
   464    2.56202E-08
   465    8.41276E-07
   466    3.53394E-06
   467    6.67112E-06
   468    8.75766E-06
   469    1.13661E-05
   470    1.43816E-05
   471    1.49484E-05
   472    1.54677E-05
   473    1.70492E-05
   474    1.51548E-05
   475    1.22875E-05
   476    1.18585E-05
   477    9.52973E-06
   478    5.07833E-06
   479    4.21471E-06
   480    7.55540E-06
   481    9.39918E-06
   482    6.50386E-06
   483    3.69207E-06
   484    4.86530E-06
   485    6.96722E-06
   486    5.73303E-06
   487    2.83627E-06
   488    1.25289E-06
   489    8.94595E-07
   490    1.37969E-06
   491    3.13492E-06
   492    4.54683E-06
   493    3.55469E-06
   494    1.39552E-06
   495    3.15273E-07
   496    1.63722E-07
   497    5.14569E-07
   498    1.79765E-06
   499    3.10607E-06
   500    2.36573E-06
   501    7.69684E-07
   502    8.30788E-08
   503    1.00000E-10
   504    1.00000E-10
   505    1.00000E-10
   506    1.00000E-10
   507    1.00000E-10
   508    1.00000E-10
   509    1.00000E-10
   510    1.00000E-10
   511    1.00000E-10
   512    1.00000E-10
   513    1.00000E-10
   514    1.00000E-10
   515    1.00000E-10
   516    1.00000E-10
   517    1.00000E-10
   518    1.00000E-10
   519    1.00000E-10
   520    1.00000E-10
   521    1.00000E-10
   522    1.00000E-10
   523    1.00000E-10
   524    1.00000E-10
   525    1.00000E-10
   526    1.00000E-10
   527    1.00000E-10
   528    1.00000E-10
   529    1.00000E-10
   530    1.00000E-10
   531    1.00000E-10
   532    1.00000E-10
   533    1.00000E-10
   534    4.66042E-09
   535    2.77829E-09
   536    1.00000E-10
   537    1.00000E-10
   538    1.00000E-10
   539    7.89931E-10
   540    5.05189E-10
   541    1.00000E-10
   542    1.00000E-10
   543    1.00000E-10
   544    1.00000E-10
   545    1.00000E-10
   546    1.00000E-10
   547    1.00000E-10
   548    1.00000E-10
   549    1.00000E-10
   550    1.00000E-10
   551    6.22074E-09
   552    3.69464E-09
   553    1.00000E-10
   554    1.00000E-10
   555    5.23999E-08
   556    3.08152E-08
   557    4.27545E-10
   558    2.85839E-08
   559    4.34639E-08
   560    1.58091E-08
   561    1.00000E-10
   562    1.00000E-10
   563    1.00000E-10
   564    1.00000E-10
   565    1.00000E-10
   566    1.00000E-10
   567    1.00000E-10
   568    1.18289E-08
   569    1.19027E-08
   570    2.98622E-09
   571    1.00000E-10
   572    7.10089E-08
   573    4.17441E-08
   574    1.00000E-10
   575    1.00000E-10
   576    1.00000E-10
   577    2.37131E-09
   578    1.43391E-09
   579    1.00000E-10
   580    1.00000E-10
   581    1.00000E-10
   582    1.00000E-10
   583    1.00000E-10
   584    1.00000E-10
   585    1.00000E-10
   586    1.00000E-10
   587    1.00000E-10
   588    1.00000E-10
   589    1.00000E-10
   590    1.00000E-10
   591    1.00000E-10
   592    7.58773E-09
   593    4.49747E-09
   594    1.87117E-07
   595    1.17952E-06
   596    3.71206E-06
   597    5.65004E-06
   598    4.86724E-06
   599    2.97492E-06
   600    2.23263E-06
   601    2.69042E-06
   602    4.09989E-06
   603    6.48767E-06
   604    9.29706E-06
   605    1.07845E-05
   606    9.89354E-06
   607    7.54290E-06
   608    5.78281E-06
   609    5.08499E-06
   610    5.28752E-06
   611    6.15026E-06
   612    7.50934E-06
   613    9.42242E-06
   614    1.16277E-05
   615    1.29110E-05
   616    1.20718E-05
   617    1.00331E-05
   618    7.77305E-06
   619    5.63152E-06
   620    4.13578E-06
   621    3.66375E-06
   622    3.72428E-06
   623    3.83966E-06
   624    3.70200E-06
   625    3.76063E-06
   626    3.85519E-06
   627    3.70452E-06
   628    3.39352E-06
   629    3.24098E-06
   630    3.77046E-06
   631    4.32064E-06
   632    4.88156E-06
   633    5.93439E-06
   634    7.34209E-06
   635    7.96325E-06
   636    7.52334E-06
   637    6.30200E-06
   638    4.44966E-06
   639    2.88297E-06
   640    2.08019E-06
   641    1.75254E-06
   642    1.70861E-06
   643    2.14184E-06
   644    3.01291E-06
   645    3.63238E-06
   646    4.23491E-06
   647    5.98979E-06
   648    8.06022E-06
   649    8.05347E-06
   650    5.24357E-06
   651    2.13833E-06
   652    6.43011E-07
   653    1.76934E-07
   654    2.76824E-08
   655    4.42025E-08
   656    2.60009E-08
   657    7.80357E-09
   658    4.62423E-09
   659    1.18038E-08
   660    6.97351E-09
   661    1.00000E-10
   662    1.00000E-10
   663    1.01196E-07
   664    5.94727E-08
   665    1.00000E-10
   666    3.99736E-08
   667    2.35174E-08
   668    1.00000E-10
   669    1.00000E-10
   670    1.00000E-10
   671    1.00000E-10
   672    7.24558E-09
   673    4.29652E-09
   674    1.00000E-10
   675    1.92684E-09
   676    2.53218E-08
   677    1.42824E-08
   678    1.00000E-10
   679    1.00000E-10
   680    1.00000E-10
   681    1.00000E-10
   682    1.00000E-10
   683    1.00000E-10
   684    1.00000E-10
   685    5.77810E-08
   686    3.39755E-08
   687    1.00000E-10
   688    1.00000E-10
   689    1.00000E-10
   690    1.00000E-10
   691    1.00000E-10
   692    1.00000E-10
   693    1.00000E-10
   694    1.00000E-10
   695    1.00000E-10
   696    1.00000E-10
   697    3.31676E-09
   698    1.98917E-09
   699    1.00000E-10
   700    1.00000E-10
   701    1.57917E-07
   702    9.27841E-08
   703    1.00000E-10
   704    5.06145E-08
   705    2.97666E-08
   706    1.00000E-10
   707    1.00000E-10
   708    1.00000E-10
   709    1.00000E-10
   710    6.28028E-08
   711    3.69247E-08
   712    1.29809E-08
   713    3.13213E-07
   714    2.10230E-06
   715    7.86104E-06
   716    1.69124E-05
   717    2.38239E-05
   718    2.38423E-05
   719    1.72434E-05
   720    8.48781E-06
   721    2.41302E-06
   722    3.31214E-07
   723    3.07992E-08
   724    1.00000E-10
   725    1.04775E-07
   726    6.15743E-08
   727    1.00000E-10
   728    1.00000E-10
   729    1.00000E-10
   730    1.47982E-07
   731    8.69493E-08
   732    1.00000E-10
   733    1.00000E-10
   734    1.00000E-10
   735    7.92973E-08
   736    4.66117E-08
   737    2.42306E-09
   738    1.73236E-08
   739    9.41400E-09
   740    1.00000E-10
   741    1.09199E-07
   742    8.32231E-08
   743    1.12881E-08
   744    1.00000E-10
   745    1.00000E-10
   746    4.71982E-08
   747    5.54700E-08
   748    1.63736E-08
   749    2.91202E-08
   750    1.71432E-08
   751    1.00000E-10
   752    5.80567E-08
   753    3.41373E-08
   754    1.05647E-08
   755    6.24580E-09
   756    1.00000E-10
   757    1.00000E-10
   758    1.00000E-10
   759    1.00000E-10
   760    1.00000E-10
   761    1.00000E-10
   762    5.62491E-08
   763    3.30757E-08
   764    1.00000E-10
   765    1.00000E-10
   766    1.00000E-10
   767    4.26781E-08
   768    2.51056E-08
   769    1.00000E-10
   770    1.00000E-10
   771    6.64149E-08
   772    6.21085E-08
   773    1.36443E-08
   774    1.00000E-10
   775    1.00000E-10
   776    1.48440E-07
   777    8.72183E-08
   778    9.75492E-08
   779    5.73308E-08
   780    2.48029E-08
   781    8.63552E-08
   782    4.22365E-08
   783    1.00000E-10
   784    6.80334E-08
   785    5.00215E-07
   786    7.58834E-07
   787    9.90439E-07
   788    1.52176E-06
   789    2.58933E-06
   790    4.18084E-06
   791    6.36812E-06
   792    7.76230E-06
   793    7.67239E-06
   794    7.12624E-06
   795    6.75692E-06
   796    6.28305E-06
   797    6.04819E-06
   798    5.84678E-06
   799    5.86555E-06
   800    6.43257E-06
   801    6.95923E-06
   802    6.82848E-06
   803    6.46146E-06
   804    6.34742E-06
   805    6.67743E-06
   806    6.56490E-06
   807    6.60368E-06
   808    6.43628E-06
   809    6.97281E-06
   810    7.82371E-06
   811    8.85033E-06
   812    9.36067E-06
   813    9.20223E-06
   814    8.25232E-06
   815    6.49306E-06
   816    4.63596E-06
   817    3.25531E-06
   818    2.56795E-06
   819    2.23521E-06
   820    2.39691E-06
   821    2.25651E-06
   822    1.95055E-06
   823    2.47982E-06
   824    3.03377E-06
   825    4.35531E-06
   826    6.49731E-06
   827    8.23519E-06
   828    1.00107E-05
   829    1.28613E-05
   830    1.56867E-05
   831    1.76799E-05
   832    1.85523E-05
   833    1.72921E-05
   834    1.44840E-05
   835    1.15680E-05
   836    9.56661E-06
   837    9.67636E-06
   838    1.16532E-05
   839    1.33367E-05
   840    1.42508E-05
   841    1.35852E-05
   842    1.29403E-05
   843    1.38787E-05
   844    1.48492E-05
   845    1.56583E-05
   846    1.65215E-05
   847    1.53979E-05
   848    1.26218E-05
   849    1.04276E-05
   850    9.92914E-06
   851    1.22819E-05
   852    1.32897E-05
   853    1.36814E-05
   854    1.41322E-05
   855    1.37083E-05
   856    1.46391E-05
   857    1.82529E-05
   858    2.26434E-05
   859    2.38254E-05
   860    2.28951E-05
   861    2.35577E-05
   862    2.29752E-05
   863    2.31772E-05
   864    2.38391E-05
   865    2.35121E-05
   866    2.00775E-05
   867    2.10749E-05
   868    2.00217E-05
   869    2.11544E-05
   870    2.41679E-05
   871    2.44213E-05
   872    2.33387E-05
   873    2.31044E-05
   874    2.11555E-05
   875    2.49275E-05
   876    2.44171E-05
   877    2.17832E-05
   878    2.33882E-05
   879    2.90970E-05
   880    2.55764E-05
   881    2.00797E-05
   882    2.68178E-05
   883    2.82773E-05
   884    2.60731E-05
   885    2.75734E-05
   886    2.20454E-05
   887    1.49458E-05
   888    1.69482E-05
   889    2.07156E-05
   890    2.09509E-05
   891    1.88996E-05
   892    2.39969E-05
   893    2.74661E-05
   894    2.67349E-05
   895    2.22272E-05
   896    2.78169E-05
   897    2.69618E-05
   898    2.51941E-05
   899    2.86180E-05
   900    2.21126E-05
   901    1.66236E-05
   902    1.83689E-05
   903    2.25444E-05
   904    2.95938E-05
   905    2.93893E-05
   906    2.07900E-05
   907    1.98483E-05
   908    2.42419E-05
   909    2.97492E-05
   910    2.51859E-05
   911    1.80623E-05
   912    1.89353E-05
   913    2.28016E-05
   914    2.64243E-05
   915    2.36196E-05
   916    2.67584E-05
   917    2.78293E-05
   918    2.51525E-05
   919    2.66859E-05
   920    2.59466E-05
   921    1.80755E-05
   922    1.38976E-05
   923    1.59742E-05
   924    1.66315E-05
   925    1.82688E-05
   926    2.10048E-05
   927    1.40625E-05
   928    2.54923E-05
   929    2.16549E-05
   930    1.80626E-05
   931    2.12636E-05
   932    2.01427E-05
   933    1.81595E-05
   934    2.23924E-05
   935    2.53530E-05
   936    2.93627E-05
   937    3.12579E-05
   938    2.56297E-05
   939    2.73413E-05
   940    2.80623E-05
   941    3.37444E-05
   942    3.44163E-05
   943    3.43953E-05
   944    4.11027E-05
   945    4.06191E-05
   946    4.05303E-05
   947    3.97171E-05
   948    4.74289E-05
   949    5.57948E-05
   950    4.90325E-05
   951    5.32499E-05
   952    5.88154E-05
   953    5.81642E-05
   954    5.46931E-05
   955    5.29081E-05
   956    5.65073E-05
   957    5.59371E-05
   958    5.72255E-05
   959    6.52951E-05
   960    6.56279E-05
   961    6.39499E-05
   962    6.38441E-05
   963    6.01944E-05
   964    6.43996E-05
   965    6.02646E-05
   966    6.19598E-05
   967    6.05641E-05
   968    5.42267E-05
   969    6.15328E-05
   970    6.48030E-05
   971    6.52844E-05
   972    6.43536E-05
   973    6.55416E-05
   974    6.63536E-05
   975    6.02680E-05
   976    6.77771E-05
   977    6.67621E-05
   978    5.89005E-05
   979    5.77772E-05
   980    6.39747E-05
   981    5.73167E-05
   982    5.23849E-05
   983    5.30161E-05
   984    5.05010E-05
   985    5.97170E-05
   986    6.34583E-05
   987    5.41401E-05
   988    5.88567E-05
   989    6.33721E-05
   990    6.34276E-05
   991    6.15742E-05
   992    5.82468E-05
   993    5.48082E-05
   994    5.70455E-05
   995    5.95713E-05
   996    5.85419E-05
   997    5.71482E-05
   998    5.88485E-05
   999    5.19334E-05
  1000    5.17640E-05
  1001    5.27069E-05
  1002    5.14390E-05
  1003    4.55035E-05
  1004    4.23583E-05
  1005    4.77287E-05
  1006    4.93175E-05
  1007    4.99299E-05
  1008    4.65279E-05
  1009    4.72365E-05
  1010    4.99948E-05
  1011    4.27701E-05
  1012    3.92066E-05
  1013    3.83184E-05
  1014    3.81748E-05
  1015    4.10825E-05
  1016    3.50544E-05
  1017    3.96077E-05
  1018    4.03130E-05
  1019    4.40263E-05
  1020    4.70398E-05
  1021    5.34407E-05
  1022    5.60440E-05
  1023    5.33958E-05
  1024    4.90149E-05
  1025    5.23596E-05
  1026    5.55242E-05
  1027    5.89424E-05
  1028    5.75024E-05
  1029    6.21814E-05
  1030    5.81462E-05
  1031    5.44983E-05
  1032    5.38971E-05
  1033    5.53422E-05
  1034    5.60563E-05
  1035    5.12910E-05
  1036    4.58015E-05
  1037    4.72070E-05
  1038    4.78231E-05
  1039    4.67003E-05
  1040    4.64762E-05
  1041    4.46384E-05
  1042    4.11038E-05
  1043    4.29848E-05
  1044    3.76225E-05
  1045    3.34331E-05
  1046    3.76862E-05
  1047    3.78984E-05
  1048    3.66526E-05
  1049    3.34863E-05
  1050    3.28853E-05
  1051    3.49285E-05
  1052    3.30856E-05
  1053    3.19289E-05
  1054    3.29588E-05
  1055    3.50893E-05
  1056    3.51642E-05
  1057    3.93523E-05
  1058    4.32158E-05
  1059    4.74131E-05
  1060    4.63825E-05
  1061    4.18275E-05
  1062    4.12258E-05
  1063    4.65475E-05
  1064    4.99477E-05
  1065    4.87265E-05
  1066    4.36960E-05
  1067    3.34342E-05
  1068    3.59844E-05
  1069    3.83154E-05
  1070    4.21754E-05
  1071    3.62314E-05
  1072    2.42112E-05
  1073    2.81168E-05
  1074    3.63426E-05
  1075    4.29354E-05
  1076    3.75454E-05
  1077    3.31470E-05
  1078    4.18333E-05
  1079    3.79592E-05
  1080    3.42884E-05
  1081    3.57802E-05
  1082    3.94213E-05
  1083    4.11455E-05
  1084    3.37172E-05
  1085    3.68424E-05
  1086    4.22252E-05
  1087    4.48529E-05
  1088    3.61133E-05
  1089    3.26090E-05
  1090    3.81922E-05
  1091    3.17399E-05
  1092    3.44637E-05
  1093    2.98674E-05
  1094    2.30827E-05
  1095    2.95507E-05
  1096    3.70764E-05
  1097    3.20260E-05
  1098    4.01595E-05
  1099    2.85350E-05
  1100    2.14873E-05
  1101    3.16303E-05
  1102    3.54896E-05
  1103    3.54552E-05
  1104    3.40879E-05
  1105    3.69407E-05
  1106    3.31335E-05
  1107    3.50000E-05
  1108    3.29394E-05
  1109    2.55313E-05
  1110    3.15957E-05
  1111    3.90345E-05
  1112    3.61786E-05
  1113    3.38613E-05
  1114    3.97293E-05
  1115    3.85340E-05
  1116    3.11231E-05
  1117    3.20544E-05
  1118    4.21060E-05
  1119    4.18235E-05
  1120    3.37039E-05
  1121    3.09644E-05
  1122    3.79337E-05
  1123    3.68830E-05
  1124    3.83992E-05
  1125    3.90036E-05
  1126    3.16910E-05
  1127    3.50476E-05
  1128    3.12342E-05
  1129    2.43161E-05
  1130    2.51355E-05
  1131    2.85143E-05
  1132    2.27070E-05
  1133    2.47244E-05
  1134    1.98181E-05
  1135    1.99724E-05
  1136    2.81754E-05
  1137    2.36527E-05
  1138    2.20575E-05
  1139    2.12840E-05
  1140    2.04412E-05
  1141    2.56982E-05
  1142    2.56032E-05
  1143    2.42247E-05
  1144    2.69448E-05
  1145    2.72035E-05
  1146    2.06573E-05
  1147    2.59448E-05
  1148    2.87653E-05
  1149    2.93179E-05
  1150    3.02222E-05
  1151    3.04471E-05
  1152    2.18266E-05
  1153    1.93333E-05
  1154    2.42223E-05
  1155    2.02826E-05
  1156    2.01316E-05
  1157    1.41899E-05
  1158    2.09170E-05
  1159    2.30294E-05
  1160    2.12732E-05
  1161    1.86781E-05
  1162    2.52847E-05
  1163    2.60767E-05
  1164    1.84199E-05
  1165    2.00961E-05
  1166    2.73047E-05
  1167    3.62326E-05
  1168    3.15887E-05
  1169    3.39883E-05
  1170    3.36154E-05
  1171    2.19532E-05
  1172    2.37347E-05
  1173    3.23489E-05
  1174    2.76504E-05
  1175    2.98104E-05
  1176    3.58011E-05
  1177    2.55099E-05
  1178    2.46959E-05
  1179    2.18059E-05
  1180    1.84751E-05
  1181    1.86927E-05
  1182    2.33216E-05
  1183    2.28917E-05
  1184    2.31223E-05
  1185    2.21113E-05
  1186    1.99743E-05
  1187    1.81709E-05
  1188    2.28341E-05
  1189    2.76912E-05
  1190    2.97008E-05
  1191    3.40295E-05
  1192    3.02145E-05
  1193    3.10472E-05
  1194    3.65936E-05
  1195    3.49287E-05
  1196    3.75152E-05
  1197    3.47418E-05
  1198    3.14487E-05
  1199    2.71527E-05
  1200    2.46252E-05
  1201    2.44892E-05
  1202    2.41001E-05
  1203    2.31529E-05
  1204    1.98830E-05
  1205    1.76148E-05
  1206    2.20154E-05
  1207    2.10336E-05
  1208    1.77415E-05
  1209    1.83278E-05
  1210    1.80124E-05
  1211    1.17692E-05
  1212    1.40186E-05
  1213    2.33031E-05
  1214    1.62034E-05
  1215    1.07548E-05
  1216    1.25831E-05
  1217    1.62636E-05
  1218    1.59370E-05
  1219    1.67211E-05
  1220    2.81465E-05
  1221    3.54108E-05
  1222    3.17831E-05
  1223    2.89133E-05
  1224    3.68306E-05
  1225    3.66480E-05
  1226    3.64039E-05
  1227    3.60046E-05
  1228    3.10565E-05
  1229    3.15908E-05
  1230    3.19703E-05
  1231    2.84257E-05
  1232    3.09013E-05
  1233    2.82268E-05
  1234    2.08263E-05
  1235    2.42084E-05
  1236    2.24252E-05
  1237    2.35072E-05
  1238    1.69911E-05
  1239    1.83886E-05
  1240    1.96120E-05
  1241    1.66586E-05
  1242    1.88714E-05
  1243    1.88187E-05
  1244    9.38819E-06
  1245    1.16288E-05
  1246    1.41924E-05
  1247    1.61347E-05
  1248    1.78675E-05
  1249    1.52456E-05
  1250    1.34694E-05
  1251    9.52485E-06
  1252    1.46191E-05
  1253    1.41387E-05
  1254    1.06915E-05
  1255    9.56089E-06
  1256    6.46410E-06
  1257    7.85042E-06
  1258    1.27594E-05
  1259    1.15947E-05
  1260    1.19696E-05
  1261    1.29720E-05
  1262    1.35522E-05
  1263    2.06155E-05
  1264    1.36184E-05
  1265    1.26509E-05
  1266    2.03967E-05
  1267    1.91667E-05
  1268    2.01062E-05
  1269    2.53533E-05
  1270    2.46655E-05
  1271    2.63199E-05
  1272    2.61394E-05
  1273    3.37820E-05
  1274    3.55685E-05
  1275    3.36119E-05
  1276    2.90741E-05
  1277    2.96601E-05
  1278    2.83774E-05
  1279    2.26639E-05
  1280    2.20413E-05
  1281    2.11858E-05
  1282    2.02939E-05
  1283    1.82388E-05
  1284    1.48877E-05
  1285    9.49816E-06
  1286    5.61458E-06
  1287    2.82644E-06
  1288    4.58824E-06
  1289    7.35141E-06
  1290    3.72969E-06
  1291    8.35093E-06
  1292    8.99114E-06
  1293    3.76962E-06
  1294    4.34940E-06
  1295    6.66262E-06
  1296    2.65822E-06
  1297    1.00000E-10
  1298    2.15994E-06
  1299    1.26855E-06
  1300    9.92692E-07
  1301    5.83038E-07
  1302    2.94203E-06
  1303    9.67739E-06
  1304    4.66877E-06
  1305    1.38726E-06
  1306    4.84685E-06
  1307    4.49494E-06
  1308    3.97540E-06
  1309    1.60119E-06
  1310    2.81927E-06
  1311    1.11707E-05
  1312    5.58810E-06
  1313    1.06333E-05
  1314    1.93845E-05
  1315    1.81412E-05
  1316    2.43347E-05
  1317    2.94954E-05
  1318    2.17078E-05
  1319    2.16502E-05
  1320    1.59915E-05
  1321    1.04313E-05
  1322    1.09448E-05
  1323    6.22918E-06
  1324    1.16894E-06
  1325    2.08206E-06
  1326    1.22281E-06
  1327    1.00000E-10
  1328    1.00000E-10
  1329    1.44829E-06
  1330    2.38519E-06
  1331    2.45707E-06
  1332    4.84882E-06
  1333    3.02586E-06
  1334    3.52952E-06
  1335    1.82637E-06
  1336    1.00000E-10
  1337    2.99092E-06
  1338    9.21275E-06
  1339    4.37903E-06
  1340    1.00000E-10
  1341    5.82055E-06
  1342    4.13584E-06
  1343    1.87922E-06
  1344    5.20647E-06
  1345    2.55495E-06
  1346    1.27092E-06
  1347    7.46439E-07
  1348    1.00000E-10
  1349    1.75410E-06
  1350    1.03020E-06
  1351    1.00000E-10
  1352    1.00000E-10
  1353    5.84761E-06
  1354    1.02751E-05
  1355    7.47137E-06
  1356    4.33100E-06
  1357    4.15745E-06
  1358    1.64749E-06
  1359    1.00000E-10
  1360    1.00000E-10
  1361    3.19923E-06
  1362    6.18747E-06
  1363    2.53047E-06
  1364    1.00000E-10
  1365    1.00000E-10
  1366    1.00000E-10
  1367    1.00000E-10
  1368    7.27622E-06
  1369    7.48044E-06
  1370    1.88363E-06
  1371    1.00000E-10
  1372    1.00000E-10
  1373    4.70581E-06
  1374    2.76371E-06
  1375    1.00000E-10
  1376    1.00000E-10
  1377    1.00000E-10
  1378    9.76135E-07
  1379    1.56748E-06
  1380    5.83963E-07
  1381    1.00000E-10
  1382    1.00000E-10
  1383    1.00000E-10
  1384    1.73246E-06
  1385    1.01750E-06
  1386    1.00000E-10
  1387    1.00000E-10
  1388    1.00000E-10
  1389    2.11534E-06
  1390    3.27960E-06
  1391    2.73756E-06
  1392    9.05119E-07
  1393    5.62512E-07
  1394    3.30399E-07
  1395    7.59747E-07
  1396    4.46233E-07
  1397    4.86601E-06
  1398    2.85779E-06
  1399    1.12667E-06
  1400    2.11204E-06
  1401    8.51858E-07
  1402    1.00000E-10
  1403    1.00000E-10
  1404    7.83291E-07
  1405    1.14907E-06
  1406    1.61782E-06
  1407    2.29657E-06
  1408    9.30394E-07
  1409    6.08624E-06
  1410    3.57442E-06
  1411    1.00000E-10
  1412    1.00000E-10
  1413    1.25600E-06
  1414    7.37678E-07
  1415    1.00000E-10
  1416    2.35127E-06
  1417    7.32507E-06
  1418    3.49104E-06
  1419    5.15285E-07
  1420    3.02662E-07
  1421    1.00000E-10
  1422    7.49692E-07
  1423    4.40328E-07
  1424    1.69423E-06
  1425    9.95047E-07
  1426    3.03125E-06
  1427    4.71919E-06
  1428    3.94169E-06
  1429    1.75657E-06
  1430    1.84480E-06
  1431    9.26442E-07
  1432    1.00000E-10
  1433    1.00000E-10
  1434    1.00000E-10
  1435    8.03455E-06
  1436    4.71865E-06
  1437    1.32112E-06
  1438    7.75921E-07
  1439    1.84353E-06
  1440    2.35218E-06
  1441    4.02175E-06
  1442    6.26494E-06
  1443    6.32276E-06
  1444    2.21615E-06
  1445    1.00000E-10
  1446    1.00000E-10
  1447    1.00000E-10
  1448    5.76601E-06
  1449    7.81902E-06
  1450    3.54020E-06
  1451    2.98921E-06
  1452    2.71563E-06
  1453    4.25395E-06
  1454    2.05576E-06
  1455    1.51175E-07
  1456    1.46915E-06
  1457    1.05571E-06
  1458    3.64140E-06
  1459    2.05411E-06
  1460    1.00000E-10
  1461    3.37097E-06
  1462    1.97977E-06
  1463    3.65449E-06
  1464    2.14628E-06
  1465    1.00000E-10
  1466    1.15994E-06
  1467    6.81261E-07
  1468    3.23768E-06
  1469    1.90150E-06
  1470    1.00000E-10
  1471    9.32053E-08
  1472    5.47797E-08
  1473    1.00000E-10
  1474    1.00000E-10
  1475    1.00000E-10
  1476    1.00000E-10
  1477    1.00000E-10
  1478    1.00000E-10
  1479    1.00000E-10
  1480    2.22337E-06
  1481    2.66331E-06
  1482    7.97351E-07
  1483    1.00000E-10
  1484    1.89369E-06
  1485    3.07755E-06
  1486    1.15434E-06
  1487    1.00000E-10
  1488    1.18814E-06
  1489    6.97822E-07
  1490    2.05979E-06
  1491    1.91418E-06
  1492    5.85661E-06
  1493    3.19659E-06
  1494    2.74695E-06
  1495    4.33307E-06
  1496    1.59739E-06
  1497    1.00000E-10
  1498    1.00000E-10
  1499    1.00000E-10
  1500    1.00000E-10
  1501    1.00000E-10
  1502    1.00000E-10
  1503    4.81863E-06
  1504    4.09588E-06
  1505    2.88984E-06
  1506    1.91505E-06
  1507    3.84458E-07
  1508    1.00000E-10
  1509    1.00000E-10
  1510    1.00000E-10
  1511    1.00000E-10
  1512    1.04457E-06
  1513    6.13504E-07
  1514    1.00000E-10
  1515    4.07636E-06
  1516    2.39404E-06
  1517    1.17599E-06
  1518    6.90685E-07
  1519    1.00000E-10
  1520    3.39479E-06
  1521    1.99377E-06
  1522    1.00000E-10
  1523    9.77641E-07
  1524    5.74199E-07
  1525    2.65231E-06
  1526    4.41764E-06
  1527    1.67970E-06
  1528    1.07994E-06
  1529    6.34279E-07
  1530    3.25577E-07
  1531    3.82667E-06
  1532    7.74909E-06
  1533    5.58133E-06
  1534    1.34160E-06
  1535    1.00000E-10
  1536    4.03448E-07
  1537    1.84658E-06
  1538    9.45401E-07
  1539    1.40659E-06
  1540    3.31216E-06
  1541    2.13920E-06
  1542    1.31274E-06
  1543    5.36782E-07
  1544    1.00000E-10
  1545    2.30065E-06
  1546    1.42604E-06
  1547    4.40591E-08
  1548    1.00000E-10
  1549    1.00000E-10
  1550    4.64545E-08
  1551    2.86101E-07
  1552    5.10357E-07
  1553    1.64333E-06
  1554    8.41576E-07
  1555    1.00000E-10
  1556    2.12516E-07
  1557    2.85455E-06
  1558    1.60322E-06
  1559    5.85469E-08
  1560    5.17349E-07
  1561    1.83233E-06
  1562    1.94250E-06
  1563    6.06718E-07
  1564    1.00000E-10
  1565    4.46501E-06
  1566    2.62229E-06
  1567    1.07795E-06
  1568    1.57941E-06
  1569    7.89460E-07
  1570    1.80843E-06
  1571    9.81542E-07
  1572    1.00000E-10
  1573    1.00000E-10
  1574    4.95170E-06
  1575    3.35882E-06
  1576    2.64793E-07
  1577    1.00000E-10
  1578    2.41229E-06
  1579    1.41675E-06
  1580    4.95033E-06
  1581    3.51990E-06
  1582    3.59862E-07
  1583    1.00000E-10
  1584    1.00000E-10
  1585    5.03700E-06
  1586    5.66154E-06
  1587    1.58773E-06
  1588    1.00000E-10
  1589    1.00000E-10
  1590    1.32221E-06
  1591    7.76561E-07
  1592    3.04958E-06
  1593    1.79103E-06
  1594    4.14783E-06
  1595    2.43602E-06
  1596    1.00000E-10
  1597    1.00000E-10
  1598    5.48847E-06
  1599    3.22336E-06
  1600    1.00000E-10
  1601    1.00000E-10
  1602    1.15256E-06
  1603    1.81905E-06
  1604    6.70853E-07
  1605    2.02688E-06
  1606    1.19040E-06
  1607    8.12345E-06
  1608    4.77085E-06
  1609    1.00000E-10
  1610    1.17587E-06
  1611    1.02490E-06
  1612    1.96422E-07
  1613    3.85916E-06
  1614    2.26648E-06
  1615    2.00064E-06
  1616    1.17500E-06
  1617    4.99242E-06
  1618    2.93204E-06
  1619    1.99456E-06
  1620    1.49343E-06
  1621    3.59256E-06
  1622    5.72228E-06
  1623    2.18683E-06
  1624    1.00000E-10
  1625    1.00000E-10
  1626    1.00000E-10
  1627    1.00000E-10
  1628    1.00000E-10
  1629    1.97360E-06
  1630    5.97152E-06
  1631    7.13364E-06
  1632    2.52971E-06
  1633    3.04028E-06
  1634    1.78557E-06
  1635    1.00000E-10
  1636    1.00000E-10
  1637    5.63656E-06
  1638    3.59000E-06
  1639    6.49828E-07
  1640    2.85217E-07
  1641    2.22314E-06
  1642    1.30567E-06
  1643    1.00000E-10
  1644    1.00000E-10
  1645    1.00000E-10
  1646    1.69638E-07
  1647    9.96679E-08
  1648    1.00000E-10
  1649    1.00000E-10
  1650    2.27706E-06
  1651    1.33734E-06
  1652    7.59061E-07
  1653    4.45829E-07
  1654    1.00000E-10
  1655    1.00000E-10
  1656    3.32536E-06
  1657    8.31862E-06
  1658    3.73857E-06
  1659    1.86036E-06
  1660    1.09261E-06
  1661    1.00000E-10
  1662    1.00000E-10
  1663    1.00000E-10
  1664    1.79187E-06
  1665    1.05239E-06
  1666    5.17757E-07
  1667    3.04114E-07
  1668    1.00000E-10
  1669    1.59666E-06
  1670    1.87425E-06
  1671    5.50098E-07
  1672    4.35611E-06
  1673    2.83097E-06
  1674    1.60213E-07
  1675    1.00000E-10
  1676    1.00000E-10
  1677    1.63413E-06
  1678    3.27752E-06
  1679    1.36130E-06
  1680    2.82522E-06
  1681    1.65927E-06
  1682    6.55985E-07
  1683    5.18228E-06
  1684    1.25185E-05
  1685    5.69751E-06
  1686    1.00000E-10
  1687    1.00000E-10
  1688    2.90200E-07
  1689    3.58548E-06
  1690    2.00570E-06
  1691    1.00000E-10
  1692    1.00000E-10
  1693    1.00000E-10
  1694    4.38622E-06
  1695    2.99755E-06
  1696    1.62575E-06
  1697    5.25356E-06
  1698    2.61008E-06
  1699    1.54644E-06
  1700    2.49883E-06
  1701    9.34230E-07
  1702    1.00000E-10
  1703    1.42903E-06
  1704    2.49721E-06
  1705    2.15727E-06
  1706    3.87566E-06
  1707    3.80537E-06
  1708    1.13791E-06
  1709    7.68748E-06
  1710    4.51482E-06
  1711    4.04068E-09
  1712    2.41432E-09
  1713    1.00000E-10
  1714    1.00000E-10
  1715    1.00000E-10
  1716    1.63678E-06
  1717    9.61303E-07
  1718    1.00000E-10
  1719    1.00000E-10
  1720    1.00000E-10
  1721    1.00000E-10
  1722    1.00000E-10
  1723    8.93762E-07
  1724    5.24938E-07
  1725    5.34870E-08
  1726    2.09015E-07
  1727    1.04380E-07
  1728    1.00000E-10
  1729    3.63397E-07
  1730    2.13460E-07
  1731    2.85545E-06
  1732    1.67702E-06
  1733    1.00000E-10
  1734    1.00000E-10
  1735    1.00000E-10
  1736    6.31056E-07
  1737    3.70654E-07
  1738    1.00000E-10
  1739    1.00000E-10
  1740    1.00000E-10
  1741    1.00000E-10
  1742    1.75744E-06
  1743    1.03216E-06
  1744    1.00000E-10
  1745    7.36714E-07
  1746    3.24958E-06
  1747    2.56934E-06
  1748    5.37425E-07
  1749    3.58085E-06
  1750    4.42721E-06
  1751    5.81631E-06
  1752    2.61427E-06
  1753    6.22772E-07
  1754    3.65789E-07
  1755    1.00000E-10
  1756    8.99216E-06
  1757    7.79734E-06
  1758    1.47789E-06
  1759    1.00000E-10
  1760    2.00452E-06
  1761    6.13126E-06
  1762    2.90952E-06
  1763    1.00000E-10
  1764    1.00000E-10
  1765    1.00000E-10
  1766    1.00000E-10
  1767    3.21052E-06
  1768    1.88554E-06
  1769    3.67397E-06
  1770    2.15773E-06
  1771    1.00000E-10
  1772    7.78305E-06
  1773    4.57095E-06
  1774    1.00000E-10
  1775    1.00000E-10
  1776    1.00000E-10
  1777    1.00000E-10
  1778    4.48127E-06
  1779    2.63185E-06
  1780    2.29796E-06
  1781    1.34961E-06
  1782    1.00000E-10
  1783    1.00000E-10
  1784    1.00000E-10
  1785    3.59146E-06
  1786    4.84808E-06
  1787    1.60858E-06
  1788    1.00000E-10
  1789    1.00000E-10
  1790    1.00000E-10
  1791    2.97426E-06
  1792    4.61448E-06
  1793    3.38614E-06
  1794    4.32242E-06
  1795    1.95156E-06
  1796    5.86717E-06
  1797    4.50952E-06
  1798    6.24833E-07
  1799    3.75535E-06
  1800    2.76831E-06
  1801    3.30619E-07
  1802    1.00000E-10
  1803    9.60788E-07
  1804    1.86673E-06
  1805    3.44804E-06
  1806    1.57582E-06
  1807    1.00000E-10
  1808    2.34449E-06
  1809    1.37694E-06
  1810    3.56372E-06
  1811    5.43526E-06
  1812    1.96299E-06
  1813    5.14128E-06
  1814    3.86474E-06
  1815    4.52043E-06
  1816    3.26737E-06
  1817    1.34090E-06
  1818    4.75714E-07
  1819    2.18741E-06
  1820    1.28469E-06
  1821    1.45085E-06
  1822    8.52110E-07
  1823    2.18500E-06
  1824    1.28327E-06
  1825    1.00000E-10
  1826    2.12440E-06
  1827    1.24768E-06
  1828    1.00000E-10
  1829    1.14707E-06
  1830    6.93197E-07
  1831    4.44516E-08
  1832    1.94231E-08
  1833    1.94935E-06
  1834    6.98708E-06
  1835    3.62105E-06
  1836    3.85853E-06
  1837    2.62440E-06
  1838    1.63734E-06
  1839    8.15469E-07
  1840    1.24859E-06
  1841    2.20442E-06
  1842    3.52991E-06
  1843    1.56573E-06
  1844    1.84780E-06
  1845    1.08524E-06
  1846    3.14362E-06
  1847    7.94410E-06
  1848    3.58130E-06
  1849    1.00000E-10
  1850    4.24694E-06
  1851    3.33187E-06
  1852    7.58797E-07
  1853    1.50642E-06
  1854    7.92741E-07
  1855    2.39327E-06
  1856    1.40559E-06
  1857    1.00000E-10
  1858    1.94663E-06
  1859    1.14328E-06
  1860    9.50550E-07
  1861    5.58289E-07
  1862    4.51131E-06
  1863    5.06009E-06
  1864    1.41582E-06
  1865    1.00000E-10
  1866    1.61745E-06
  1867    2.89274E-06
  1868    2.28284E-06
  1869    2.30791E-06
  1870    9.61647E-07
  1871    1.00000E-10
  1872    1.00000E-10
  1873    1.00000E-10
  1874    1.00000E-10
  1875    2.57337E-06
  1876    1.51136E-06
  1877    1.00000E-10
  1878    1.00000E-10
  1879    1.94828E-06
  1880    1.14424E-06
  1881    3.10848E-06
  1882    1.83338E-06
  1883    4.65919E-09
  1884    2.24385E-06
  1885    7.14447E-06
  1886    3.42202E-06
  1887    1.00000E-10
  1888    1.00000E-10
  1889    1.00000E-10
  1890    1.00000E-10
  1891    3.66239E-06
  1892    2.15092E-06
  1893    1.00000E-10
  1894    1.00000E-10
  1895    3.05027E-06
  1896    2.00708E-06
  1897    1.26746E-07
  1898    1.00000E-10
  1899    1.00000E-10
  1900    1.00000E-10
  1901    1.00000E-10
  1902    1.00000E-10
  1903    1.00000E-10
  1904    1.00000E-10
  1905    1.00000E-10
  1906    7.19339E-07
  1907    1.99784E-06
  1908    9.25280E-07
  1909    5.02698E-06
  1910    6.99480E-06
  1911    5.27882E-06
  1912    1.80530E-06
  1913    2.06262E-06
  1914    3.70264E-06
  1915    3.54000E-06
  1916    6.82082E-06
  1917    3.29646E-06
  1918    4.66382E-06
  1919    4.69085E-06
  1920    1.14637E-06
  1921    2.94695E-06
  1922    1.73075E-06
  1923    2.04580E-08
  1924    1.20561E-08
  1925    3.20443E-06
  1926    1.88197E-06
  1927    1.83954E-06
  1928    1.08038E-06
  1929    1.00000E-10
  1930    1.00000E-10
  1931    8.20429E-07
  1932    8.86490E-07
  1933    9.76428E-06
  1934    5.59494E-06
  1935    1.00000E-10
  1936    1.00000E-10
  1937    3.09893E-08
  1938    3.88134E-07
  1939    1.05484E-06
  1940    4.91960E-07
  1941    1.00000E-10
  1942    5.13229E-07
  1943    3.01455E-07
  1944    1.00000E-10
  1945    1.00000E-10
  1946    1.00000E-10
  1947    1.00000E-10
  1948    1.44965E-06
  1949    1.11570E-06
  1950    1.74563E-06
  1951    9.34075E-07
  1952    1.00000E-10
  1953    3.02408E-07
  1954    1.77642E-07
  1955    1.00000E-10
  1956    2.53410E-07
  1957    1.48866E-07
  1958    6.66845E-06
  1959    3.91635E-06
  1960    1.00000E-10
  1961    1.65819E-06
  1962    9.73879E-07
  1963    4.22229E-06
  1964    3.68654E-06
  1965    7.08837E-07
  1966    3.24216E-06
  1967    3.60414E-06
  1968    9.98502E-07
  1969    2.50230E-06
  1970    1.46961E-06
  1971    1.00000E-10
  1972    7.20811E-06
  1973    4.23329E-06
  1974    1.00000E-10
  1975    5.86430E-06
  1976    3.44408E-06
  1977    1.00000E-10
  1978    1.00000E-10
  1979    1.31591E-06
  1980    7.72861E-07
  1981    1.00000E-10
  1982    1.26591E-06
  1983    4.64822E-06
  1984    2.29330E-06
  1985    3.94717E-06
  1986    2.58910E-06
  1987    1.59215E-07
  1988    1.30504E-06
  1989    7.66478E-07
  1990    4.95623E-06
  1991    2.91079E-06
  1992    1.00000E-10
  1993    1.00000E-10
  1994    4.56858E-06
  1995    2.68312E-06
  1996    5.97619E-06
  1997    3.50980E-06
  1998    1.03794E-06
  1999    3.50111E-06
  2000    1.69824E-06
  2001    1.00000E-10
  2002    1.00000E-10
  2003    1.00000E-10
  2004    1.00000E-10
  2005    1.00000E-10
  2006    1.00000E-10
  2007    4.27659E-06
  2008    4.92320E-06
  2009    2.49587E-06
  2010    3.72901E-06
  2011    7.41304E-06
  2012    5.46615E-06
  2013    4.23053E-06
  2014    4.18531E-06
  2015    7.77054E-06
  2016    1.08503E-05
  2017    4.18904E-06
  2018    2.86116E-06
  2019    4.25328E-06
  2020    8.68236E-06
  2021    1.06775E-05
  2022    9.52229E-06
  2023    6.36314E-06
  2024    7.68853E-06
  2025    9.37059E-06
  2026    1.17406E-05
  2027    1.37712E-05
  2028    8.49613E-06
  2029    6.41408E-06
  2030    1.32838E-05
  2031    2.18863E-05
  2032    2.39581E-05
  2033    2.09793E-05
  2034    1.81641E-05
  2035    1.95633E-05
  2036    2.89226E-05
  2037    3.61160E-05
  2038    2.92410E-05
  2039    3.43690E-05
  2040    3.79323E-05
  2041    3.31410E-05
  2042    3.45165E-05
  2043    4.02569E-05
  2044    4.73362E-05
  2045    4.94127E-05
  2046    5.40609E-05
  2047    5.82386E-05
  2048    6.81901E-05
  2049    7.04823E-05
  2050    7.71809E-05
  2051    7.71102E-05
  2052    8.85881E-05
  2053    1.00731E-04
  2054    1.13105E-04
  2055    1.23170E-04
  2056    1.31222E-04
  2057    1.32755E-04
  2058    1.41055E-04
  2059    1.60352E-04
  2060    1.71561E-04
  2061    1.82632E-04
  2062    2.03685E-04
  2063    2.29610E-04
  2064    2.50410E-04
  2065    2.73925E-04
  2066    3.01580E-04
  2067    3.33447E-04
  2068    3.77017E-04
  2069    4.19866E-04
  2070    4.64499E-04
  2071    5.18642E-04
  2072    5.83351E-04
  2073    6.58693E-04
  2074    7.48523E-04
  2075    8.55057E-04
  2076    9.75301E-04
  2077    1.12629E-03
  2078    1.31152E-03
  2079    1.53593E-03
  2080    1.78985E-03
  2081    2.09389E-03
  2082    2.46739E-03
  2083    2.93440E-03
  2084    3.51225E-03
  2085    4.24885E-03
  2086    5.12197E-03
  2087    6.21529E-03
  2088    7.61783E-03
  2089    9.35673E-03
  2090    1.16241E-02
  2091    1.46126E-02
  2092    1.82565E-02
  2093    2.29040E-02
  2094    2.89718E-02
  2095    3.63346E-02
  2096    4.45611E-02
  2097    5.23899E-02
  2098    6.15129E-02
  2099    7.29147E-02
  2100    8.71509E-02
  2101    1.04662E-01
  2102    1.26500E-01
  2103    1.53920E-01
  2104    1.86629E-01
  2105    2.25549E-01
  2106    2.70589E-01
  2107    3.20711E-01
  2108    3.75135E-01
  2109    4.30538E-01
  2110    4.81739E-01
  2111    5.24596E-01
  2112    5.59682E-01
  2113    5.87638E-01
  2114    6.08473E-01
  2115    6.24181E-01
  2116    6.35929E-01
  2117    6.44484E-01
  2118    6.50996E-01
  2119    6.56186E-01
  2120    6.60346E-01
  2121    6.63722E-01
  2122    6.66741E-01
  2123    6.69248E-01
  2124    6.71583E-01
  2125    6.73609E-01
  2126    6.75152E-01
  2127    6.76256E-01
  2128    6.76459E-01
  2129    6.75192E-01
  2130    6.71777E-01
  2131    6.65110E-01
  2132    6.53831E-01
  2133    6.36834E-01
  2134    6.11743E-01
  2135    5.77228E-01
  2136    5.35206E-01
  2137    4.86613E-01
  2138    4.28546E-01
  2139    3.70572E-01
  2140    3.16511E-01
  2141    2.64135E-01
  2142    2.18623E-01
  2143    1.81596E-01
  2144    1.50989E-01
  2145    1.25346E-01
  2146    1.04056E-01
  2147    8.67751E-02
  2148    7.26288E-02
  2149    6.19900E-02
  2150    5.40647E-02
  2151    4.46088E-02
  2152    3.54535E-02
  2153    2.80840E-02
  2154    2.21202E-02
  2155    1.75923E-02
  2156    1.41097E-02
  2157    1.13528E-02
  2158    9.23331E-03
  2159    7.54363E-03
  2160    6.14919E-03
  2161    5.08823E-03
  2162    4.24129E-03
  2163    3.55798E-03
  2164    3.01012E-03
  2165    2.54437E-03
  2166    2.16159E-03
  2167    1.85268E-03
  2168    1.60223E-03
  2169    1.38987E-03
  2170    1.19936E-03
  2171    1.05348E-03
  2172    9.29546E-04
  2173    8.15323E-04
  2174    7.11944E-04
  2175    6.29049E-04
  2176    5.59999E-04
  2177    5.02235E-04
  2178    4.51812E-04
  2179    4.09343E-04
  2180    3.64979E-04
  2181    3.22100E-04
  2182    2.88844E-04
  2183    2.64780E-04
  2184    2.37642E-04
  2185    2.08559E-04
  2186    1.89508E-04
  2187    1.69068E-04
  2188    1.54682E-04
  2189    1.48822E-04
  2190    1.26953E-04
  2191    1.04784E-04
  2192    8.98585E-05
  2193    8.49877E-05
  2194    8.32198E-05
  2195    7.14352E-05
  2196    6.04325E-05
  2197    5.16155E-05
  2198    4.65257E-05
  2199    4.06916E-05
  2200    3.63486E-05
  2201    3.98902E-05
  2202    4.19686E-05
  2203    3.56336E-05
  2204    2.51068E-05
  2205    1.65414E-05
  2206    1.77618E-05
  2207    2.26892E-05
  2208    2.15030E-05
  2209    1.87233E-05
  2210    1.09846E-05
  2211    5.93502E-06
  2212    7.15493E-06
  2213    3.02897E-06
  2214    9.63983E-09
  2215    3.85522E-06
  2216    8.66035E-06
  2217    6.72366E-06
  2218    5.00544E-06
  2219    5.29583E-06
  2220    5.11290E-06
  2221    1.00549E-05
  2222    6.30482E-06
  2223    8.67710E-07
  2224    1.00000E-10
  2225    3.64342E-07
  2226    9.23477E-07
  2227    4.87268E-06
  2228    1.16602E-05
  2229    1.25672E-05
  2230    4.36911E-06
  2231    7.71104E-06
  2232    5.94241E-06
  2233    8.51036E-07
  2234    6.34455E-07
  2235    3.72845E-07
  2236    1.00000E-10
  2237    1.14462E-06
  2238    1.83963E-06
  2239    4.25995E-06
  2240    3.97230E-06
  2241    9.13982E-06
  2242    4.72420E-06
  2243    5.16841E-06
  2244    3.10106E-06
  2245    3.00273E-06
  2246    1.74231E-06
  2247    1.08254E-06
  2248    6.76726E-07
  2249    1.33801E-06
  2250    7.72238E-07
  2251    1.20408E-06
  2252    3.43106E-06
  2253    4.26431E-06
  2254    7.35214E-06
  2255    3.90443E-06
  2256    8.11628E-07
  2257    2.13118E-06
  2258    6.17371E-06
  2259    3.46360E-06
  2260    5.50100E-07
  2261    4.44524E-06
  2262    6.91409E-06
  2263    2.58386E-06
  2264    1.00000E-10
  2265    1.00000E-10
  2266    2.91979E-06
  2267    1.71570E-06
  2268    4.04525E-06
  2269    2.37701E-06
  2270    3.07655E-06
  2271    1.80782E-06
  2272    1.00000E-10
  2273    3.63125E-06
  2274    2.13376E-06
  2275    4.84036E-07
  2276    6.42631E-07
  2277    2.10561E-07
  2278    1.00000E-10
  2279    1.00000E-10
  2280    1.95007E-06
  2281    1.14590E-06
  2282    1.00000E-10
  2283    4.54101E-06
  2284    6.85776E-06
  2285    1.15715E-05
  2286    5.35292E-06
  2287    1.00000E-10
  2288    3.92208E-07
  2289    2.30501E-07
  2290    6.85644E-06
  2291    6.98526E-06
  2292    1.73727E-06
  2293    1.27961E-06
  2294    7.51934E-07
  2295    1.00000E-10
  2296    8.90496E-07
  2297    7.29156E-07
  2298    4.09023E-06
  2299    2.33237E-06
  2300    1.00000E-10
  2301    5.13908E-06
  2302    3.27929E-06
  2303    4.15865E-06
  2304    2.37905E-06
  2305    1.47938E-08
  2306    1.00000E-10
  2307    3.48528E-06
  2308    2.99989E-06
  2309    5.59440E-07
  2310    1.00000E-10
  2311    2.16828E-06
  2312    3.85117E-06
  2313    1.51437E-06
  2314    1.00000E-10
  2315    1.00000E-10
  2316    1.00000E-10
  2317    4.40692E-06
  2318    3.74422E-06
  2319    6.77286E-06
  2320    3.58108E-06
  2321    1.00000E-10
  2322    1.00000E-10
  2323    5.77728E-07
  2324    3.73424E-06
  2325    1.99483E-06
  2326    1.00000E-10
  2327    5.68804E-06
  2328    4.29758E-06
  2329    7.24422E-06
  2330    5.52275E-06
  2331    4.97517E-06
  2332    2.37244E-06
  2333    1.00000E-10
  2334    1.40185E-06
  2335    8.23762E-07
  2336    2.80693E-06
  2337    1.64939E-06
  2338    1.58347E-06
  2339    9.30486E-07
  2340    1.00000E-10
  2341    1.00000E-10
  2342    9.76790E-07
  2343    1.60581E-06
  2344    6.06389E-07
  2345    4.83550E-07
  2346    2.35546E-06
  2347    1.21718E-06
  2348    1.00000E-10
  2349    1.00000E-10
  2350    1.00000E-10
  2351    1.07246E-06
  2352    1.13295E-06
  2353    2.06552E-06
  2354    1.04016E-06
  2355    1.00000E-10
  2356    1.00000E-10
  2357    1.30696E-06
  2358    4.85030E-06
  2359    2.39884E-06
  2360    3.79253E-06
  2361    2.22852E-06
  2362    1.00000E-10
  2363    2.27929E-06
  2364    1.33935E-06
  2365    3.99329E-06
  2366    5.79365E-06
  2367    3.12196E-06
  2368    2.09367E-06
  2369    8.51747E-07
  2370    6.97097E-07
  2371    4.09653E-07
  2372    1.00000E-10
  2373    1.00000E-10
  2374    1.89976E-06
  2375    5.72252E-06
  2376    3.02146E-06
  2377    1.85063E-07
  2378    3.82874E-06
  2379    2.24979E-06
  2380    2.87638E-06
  2381    4.86218E-06
  2382    2.05730E-06
  2383    2.19388E-06
  2384    1.22240E-06
  2385    2.00674E-06
  2386    2.29299E-06
  2387    6.54560E-07
  2388    1.00000E-10
  2389    1.00000E-10
  2390    2.94480E-06
  2391    3.00414E-06
  2392    7.48547E-07
  2393    1.00000E-10
  2394    1.00000E-10
  2395    3.15024E-07
  2396    1.85148E-07
  2397    3.72465E-06
  2398    2.18863E-06
  2399    1.00000E-10
  2400    1.00000E-10
  2401    1.00000E-10
  2402    3.30838E-06
  2403    7.82509E-06
  2404    3.45579E-06
  2405    1.00000E-10
  2406    1.00000E-10
  2407    1.00000E-10
  2408    1.00000E-10
  2409    5.04079E-06
  2410    2.96200E-06
  2411    1.00000E-10
  2412    2.51345E-06
  2413    1.47693E-06
  2414    1.00171E-06
  2415    8.39585E-06
  2416    4.58759E-06
  2417    1.00000E-10
  2418    1.11117E-06
  2419    6.52961E-07
  2420    1.90715E-06
  2421    3.21097E-06
  2422    1.90783E-06
  2423    5.08164E-06
  2424    3.88572E-06
  2425    6.66629E-07
  2426    1.00000E-10
  2427    2.76258E-06
  2428    1.62332E-06
  2429    8.57671E-06
  2430    8.29985E-06
  2431    1.91576E-06
  2432    4.79941E-06
  2433    6.35720E-06
  2434    2.07846E-06
  2435    1.00000E-10
  2436    1.00000E-10
  2437    6.68366E-06
  2438    3.92734E-06
  2439    2.43299E-06
  2440    4.77562E-06
  2441    4.76449E-06
  2442    5.99466E-06
  2443    5.30942E-06
  2444    4.19532E-06
  2445    3.97136E-06
  2446    1.44366E-06
  2447    2.18897E-06
  2448    1.28627E-06
  2449    9.24673E-07
  2450    5.43377E-07
  2451    1.00000E-10
  2452    2.77232E-06
  2453    1.62905E-06
  2454    9.78573E-07
  2455    5.75047E-07
  2456    1.44396E-06
  2457    1.46440E-06
  2458    3.85317E-06
  2459    2.96777E-06
  2460    5.38495E-07
  2461    7.11746E-06
  2462    8.00735E-06
  2463    2.24772E-06
  2464    1.17736E-06
  2465    6.91853E-07
  2466    1.00000E-10
  2467    1.00000E-10
  2468    1.00000E-10
  2469    4.83010E-06
  2470    6.22565E-06
  2471    2.64228E-06
  2472    1.07744E-05
  2473    6.10603E-06
  2474    1.00000E-10
  2475    1.00000E-10
  2476    1.00000E-10
  2477    6.19892E-06
  2478    3.64251E-06
  2479    1.00000E-10
  2480    1.00000E-10
  2481    1.00000E-10
  2482    1.00000E-10
  2483    1.00000E-10
  2484    4.20927E-06
  2485    2.47339E-06
  2486    2.84170E-06
  2487    1.66982E-06
  2488    1.00000E-10
  2489    1.00000E-10
  2490    1.00000E-10
  2491    1.22653E-06
  2492    1.22557E-06
  2493    1.51907E-06
  2494    5.29785E-06
  2495    2.69100E-06
  2496    1.62282E-06
  2497    9.53607E-07
  2498    5.30333E-08
  2499    3.12034E-08
  2500    1.00000E-10
  2501    3.97799E-06
  2502    2.33749E-06
  2503    1.00000E-10
  2504    4.12578E-06
  2505    2.42433E-06
  2506    1.00000E-10
  2507    1.54450E-06
  2508    3.46872E-06
  2509    1.50502E-06
  2510    4.94948E-06
  2511    2.90834E-06
  2512    1.00000E-10
  2513    1.28464E-06
  2514    7.54891E-07
  2515    1.00000E-10
  2516    1.00000E-10
  2517    3.74654E-06
  2518    2.20150E-06
  2519    5.53282E-06
  2520    4.35033E-06
  2521    6.45999E-07
  2522    1.49089E-06
  2523    2.15227E-06
  2524    7.49983E-07
  2525    1.00000E-10
  2526    1.00000E-10
  2527    2.51772E-06
  2528    2.32362E-06
  2529    3.57651E-06
  2530    2.36442E-06
  2531    1.85049E-06
  2532    8.95998E-07
  2533    4.46332E-06
  2534    6.62944E-06
  2535    2.35446E-06
  2536    3.99679E-06
  2537    2.34854E-06
  2538    1.00000E-10
  2539    1.00000E-10
  2540    4.41033E-06
  2541    5.98081E-06
  2542    5.32292E-06
  2543    1.95756E-06
  2544    1.87346E-06
  2545    1.10088E-06
  2546    8.05336E-07
  2547    5.26914E-06
  2548    3.84554E-06
  2549    3.75072E-06
  2550    1.88803E-06
  2551    2.40909E-06
  2552    6.45146E-06
  2553    2.96702E-06
  2554    3.57288E-06
  2555    2.09945E-06
  2556    1.00000E-10
  2557    1.00000E-10
  2558    1.00000E-10
  2559    1.00000E-10
  2560    1.00000E-10
  2561    1.00000E-10
  2562    1.00000E-10
  2563    1.00000E-10
  2564    1.00000E-10
  2565    1.00000E-10
  2566    1.00000E-10
  2567    4.19228E-06
  2568    5.05520E-06
  2569    1.52303E-06
  2570    1.00000E-10
  2571    5.96630E-06
  2572    1.21399E-05
  2573    5.32095E-06
  2574    1.11686E-05
  2575    6.47722E-06
  2576    1.00000E-10
  2577    5.99006E-07
  2578    3.52015E-07
  2579    1.00000E-10
  2580    9.89329E-06
  2581    5.81331E-06
  2582    1.00000E-10
  2583    5.63870E-07
  2584    3.31370E-07
  2585    7.89184E-06
  2586    4.63726E-06
  2587    7.93883E-06
  2588    8.93412E-06
  2589    2.50870E-06
  2590    8.08145E-07
  2591    4.74905E-07
  2592    1.00000E-10
  2593    1.00000E-10
  2594    1.00000E-10
  2595    1.00000E-10
  2596    5.63433E-07
  2597    4.31255E-06
  2598    1.41437E-05
  2599    2.33726E-05
  2600    1.82846E-05
  2601    2.14670E-05
  2602    9.63551E-06
  2603    1.18871E-06
  2604    6.98522E-07
  2605    1.74379E-05
  2606    1.41578E-05
  2607    1.51123E-05
  2608    7.52954E-06
  2609    1.00000E-10
  2610    8.35392E-06
  2611    6.20894E-06
  2612    1.71760E-05
  2613    9.64373E-06
  2614    1.00000E-10
  2615    4.50329E-06
  2616    2.09817E-05
  2617    1.07740E-05
  2618    2.19243E-06
  2619    4.19449E-06
  2620    7.78919E-06
  2621    3.57353E-06
  2622    9.75850E-06
  2623    1.13851E-05
  2624    1.61387E-05
  2625    1.58879E-05
  2626    2.84761E-05
  2627    3.30343E-05
  2628    3.56620E-05
  2629    3.75542E-05
  2630    5.13570E-05
  2631    4.26449E-05
  2632    5.15729E-05
  2633    5.00839E-05
  2634    6.06579E-05
  2635    6.32983E-05
  2636    7.52256E-05
  2637    6.43859E-05
  2638    6.24094E-05
  2639    7.07622E-05
  2640    6.71424E-05
  2641    7.49540E-05
  2642    6.00399E-05
  2643    7.42602E-05
  2644    7.14242E-05
  2645    7.62758E-05
  2646    7.82372E-05
  2647    8.55116E-05
  2648    7.69963E-05
  2649    7.06750E-05
  2650    7.57826E-05
  2651    2.88178E-05
  2652    0.00000E+00
  2653    0.00000E+00
  2654    0.00000E+00
  2655    0.00000E+00
  2656    0.00000E+00
  2657    0.00000E+00
  2658    0.00000E+00
  2659    0.00000E+00
  2660    0.00000E+00
  2661    0.00000E+00
  2662    0.00000E+00
  2663    0.00000E+00
  2664    0.00000E+00
  2665    0.00000E+00
  2666    0.00000E+00
  2667    0.00000E+00
  2668    0.00000E+00
  2669    0.00000E+00
  2670    0.00000E+00
  2671    0.00000E+00
  2672    0.00000E+00
  2673    0.00000E+00
  2674    0.00000E+00
  2675    0.00000E+00
  2676    0.00000E+00
  2677    0.00000E+00
  2678    0.00000E+00
  2679    0.00000E+00
  2680    0.00000E+00
  2681    0.00000E+00
  2682    0.00000E+00
  2683    0.00000E+00
  2684    0.00000E+00
  2685    0.00000E+00
  2686    0.00000E+00
  2687    0.00000E+00
  2688    0.00000E+00
  2689    0.00000E+00
  2690    0.00000E+00
  2691    0.00000E+00
  2692    0.00000E+00
  2693    0.00000E+00
  2694    0.00000E+00
  2695    0.00000E+00
  2696    0.00000E+00
  2697    0.00000E+00
  2698    0.00000E+00
  2699    0.00000E+00
  2700    0.00000E+00
