   400    1.00000E+00    1.00000E+00
   401    1.00000E+00    1.00000E+00
   402    1.00000E+00    1.00000E+00
   403    1.00000E+00    1.00000E+00
   404    1.00000E+00    1.00000E+00
   405    1.00000E+00    1.00000E+00
   406    1.00000E+00    1.00000E+00
   407    1.00000E+00    1.00000E+00
   408    1.00000E+00    1.00000E+00
   409    1.00000E+00    1.00000E+00
   410    1.00000E+00    1.00000E+00
   411    1.00000E+00    1.00000E+00
   412    1.00000E+00    1.00000E+00
   413    1.00000E+00    1.00000E+00
   414    1.00000E+00    1.00000E+00
   415    1.00000E+00    1.00000E+00
   416    1.00000E+00    1.00000E+00
   417    1.00000E+00    1.00000E+00
   418    1.00000E+00    1.00000E+00
   419    1.00000E+00    1.00000E+00
   420    1.00000E+00    1.00000E+00
   421    1.00000E+00    1.00000E+00
   422    1.00000E+00    1.00000E+00
   423    1.00000E+00    1.00000E+00
   424    1.00000E+00    1.00000E+00
   425    1.00000E+00    1.00000E+00
   426    1.00000E+00    1.00000E+00
   427    1.00000E+00    1.00000E+00
   428    1.00000E+00    1.00000E+00
   429    1.00000E+00    1.00000E+00
   430    1.00000E+00    1.00000E+00
   431    1.00000E+00    1.00000E+00
   432    1.00000E+00    1.00000E+00
   433    1.00000E+00    1.00000E+00
   434    1.00000E+00    1.00000E+00
   435    1.00000E+00    1.00000E+00
   436    1.00000E+00    1.00000E+00
   437    1.00000E+00    1.00000E+00
   438    1.00000E+00    1.00000E+00
   439    1.00000E+00    1.00000E+00
   440    1.00000E+00    1.00000E+00
   441    1.00000E+00    1.00000E+00
   442    1.00000E+00    1.00000E+00
   443    1.00000E+00    1.00000E+00
   444    1.00000E+00    1.00000E+00
   445    1.00000E+00    1.00000E+00
   446    1.00000E+00    1.00000E+00
   447    1.00000E+00    1.00000E+00
   448    1.00000E+00    1.00000E+00
   449    1.00000E+00    1.00000E+00
   450    1.00000E+00    1.00000E+00
   451    1.00000E+00    1.00000E+00
   452    1.00000E+00    1.00000E+00
   453    1.00000E+00    1.00000E+00
   454    1.00000E+00    1.00000E+00
   455    1.00000E+00    1.00000E+00
   456    1.00000E+00    1.00000E+00
   457    1.00000E+00    1.00000E+00
   458    1.00000E+00    1.00000E+00
   459    1.00000E+00    1.00000E+00
   460    1.00000E+00    1.00000E+00
   461    1.00000E+00    1.00000E+00
   462    1.00000E+00    1.00000E+00
   463    1.00000E+00    1.00000E+00
   464    1.00000E+00    1.00000E+00
   465    1.00000E+00    1.00000E+00
   466    1.00000E+00    1.00000E+00
   467    1.00000E+00    1.00000E+00
   468    1.00000E+00    1.00000E+00
   469    1.00000E+00    1.00000E+00
   470    1.00000E+00    1.00000E+00
   471    1.00000E+00    1.00000E+00
   472    1.00000E+00    1.00000E+00
   473    1.00000E+00    1.00000E+00
   474    1.00000E+00    1.00000E+00
   475    1.00000E+00    1.00000E+00
   476    1.00000E+00    1.00000E+00
   477    1.00000E+00    1.00000E+00
   478    1.00000E+00    1.00000E+00
   479    1.00000E+00    1.00000E+00
   480    1.00000E+00    1.00000E+00
   481    1.00000E+00    1.00000E+00
   482    1.00000E+00    1.00000E+00
   483    1.00000E+00    1.00000E+00
   484    1.00000E+00    1.00000E+00
   485    1.00000E+00    1.00000E+00
   486    1.00000E+00    1.00000E+00
   487    1.00000E+00    1.00000E+00
   488    1.00000E+00    1.00000E+00
   489    1.00000E+00    1.00000E+00
   490    1.00000E+00    1.00000E+00
   491    1.00000E+00    1.00000E+00
   492    1.00000E+00    1.00000E+00
   493    1.00000E+00    1.00000E+00
   494    1.00000E+00    1.00000E+00
   495    1.00000E+00    1.00000E+00
   496    1.00000E+00    1.00000E+00
   497    1.00000E+00    1.00000E+00
   498    1.00000E+00    1.00000E+00
   499    1.00000E+00    1.00000E+00
   500    1.00000E+00    1.00000E+00
   501    1.00000E+00    1.00000E+00
   502    1.00000E+00    1.00000E+00
   503    1.00000E+00    1.00000E+00
   504    1.00000E+00    1.00000E+00
   505    1.00000E+00    1.00000E+00
   506    1.00000E+00    1.00000E+00
   507    1.00000E+00    1.00000E+00
   508    1.00000E+00    1.00000E+00
   509    1.00000E+00    1.00000E+00
   510    1.00000E+00    1.00000E+00
   511    1.00000E+00    1.00000E+00
   512    1.00000E+00    1.00000E+00
   513    1.00000E+00    1.00000E+00
   514    1.00000E+00    1.00000E+00
   515    1.00000E+00    1.00000E+00
   516    1.00000E+00    1.00000E+00
   517    1.00000E+00    1.00000E+00
   518    1.00000E+00    1.00000E+00
   519    1.00000E+00    1.00000E+00
   520    1.00000E+00    1.00000E+00
   521    1.00000E+00    1.00000E+00
   522    1.00000E+00    1.00000E+00
   523    1.00000E+00    1.00000E+00
   524    1.00000E+00    1.00000E+00
   525    1.00000E+00    1.00000E+00
   526    1.00000E+00    1.00000E+00
   527    1.00000E+00    1.00000E+00
   528    1.00000E+00    1.00000E+00
   529    1.00000E+00    1.00000E+00
   530    1.00000E+00    1.00000E+00
   531    1.00000E+00    1.00000E+00
   532    1.00000E+00    1.00000E+00
   533    1.00000E+00    1.00000E+00
   534    1.00000E+00    1.00000E+00
   535    1.00000E+00    1.00000E+00
   536    1.00000E+00    1.00000E+00
   537    1.00000E+00    1.00000E+00
   538    1.00000E+00    1.00000E+00
   539    1.00000E+00    1.00000E+00
   540    1.00000E+00    1.00000E+00
   541    1.00000E+00    1.00000E+00
   542    1.00000E+00    1.00000E+00
   543    1.00000E+00    1.00000E+00
   544    1.00000E+00    1.00000E+00
   545    1.00000E+00    1.00000E+00
   546    1.00000E+00    1.00000E+00
   547    1.00000E+00    1.00000E+00
   548    1.00000E+00    1.00000E+00
   549    1.00000E+00    1.00000E+00
   550    1.00000E+00    1.00000E+00
   551    1.00000E+00    1.00000E+00
   552    1.00000E+00    1.00000E+00
   553    1.00000E+00    1.00000E+00
   554    1.00000E+00    1.00000E+00
   555    1.00000E+00    1.00000E+00
   556    1.00000E+00    1.00000E+00
   557    1.00000E+00    1.00000E+00
   558    1.00000E+00    1.00000E+00
   559    1.00000E+00    1.00000E+00
   560    1.00000E+00    1.00000E+00
   561    1.00000E+00    1.00000E+00
   562    1.00000E+00    1.00000E+00
   563    1.00000E+00    1.00000E+00
   564    1.00000E+00    1.00000E+00
   565    1.00000E+00    1.00000E+00
   566    1.00000E+00    1.00000E+00
   567    1.00000E+00    1.00000E+00
   568    1.00000E+00    1.00000E+00
   569    1.00000E+00    1.00000E+00
   570    1.00000E+00    1.00000E+00
   571    1.00000E+00    1.00000E+00
   572    1.00000E+00    1.00000E+00
   573    1.00000E+00    1.00000E+00
   574    1.00000E+00    1.00000E+00
   575    1.00000E+00    1.00000E+00
   576    1.00000E+00    1.00000E+00
   577    1.00000E+00    1.00000E+00
   578    1.00000E+00    1.00000E+00
   579    1.00000E+00    1.00000E+00
   580    1.00000E+00    1.00000E+00
   581    1.00000E+00    1.00000E+00
   582    1.00000E+00    1.00000E+00
   583    1.00000E+00    1.00000E+00
   584    1.00000E+00    1.00000E+00
   585    1.00000E+00    1.00000E+00
   586    1.00000E+00    1.00000E+00
   587    1.00000E+00    1.00000E+00
   588    1.00000E+00    1.00000E+00
   589    1.00000E+00    1.00000E+00
   590    1.00000E+00    1.00000E+00
   591    1.00000E+00    1.00000E+00
   592    1.00000E+00    1.00000E+00
   593    1.00000E+00    1.00000E+00
   594    1.00000E+00    1.00000E+00
   595    1.00000E+00    1.00000E+00
   596    1.00000E+00    1.00000E+00
   597    1.00000E+00    1.00000E+00
   598    1.00000E+00    1.00000E+00
   599    1.00000E+00    1.00000E+00
   600    1.00000E+00    1.00000E+00
   601    1.00000E+00    1.00000E+00
   602    1.00000E+00    1.00000E+00
   603    1.00000E+00    1.00000E+00
   604    1.00000E+00    1.00000E+00
   605    1.00000E+00    1.00000E+00
   606    1.00000E+00    1.00000E+00
   607    1.00000E+00    1.00000E+00
   608    1.00000E+00    1.00000E+00
   609    1.00000E+00    1.00000E+00
   610    1.00000E+00    1.00000E+00
   611    1.00000E+00    1.00000E+00
   612    1.00000E+00    1.00000E+00
   613    1.00000E+00    1.00000E+00
   614    1.00000E+00    1.00000E+00
   615    1.00000E+00    1.00000E+00
   616    1.00000E+00    1.00000E+00
   617    1.00000E+00    1.00000E+00
   618    1.00000E+00    1.00000E+00
   619    1.00000E+00    1.00000E+00
   620    1.00000E+00    1.00000E+00
   621    1.00000E+00    1.00000E+00
   622    1.00000E+00    1.00000E+00
   623    1.00000E+00    1.00000E+00
   624    1.00000E+00    1.00000E+00
   625    1.00000E+00    1.00000E+00
   626    1.00000E+00    1.00000E+00
   627    1.00000E+00    1.00000E+00
   628    1.00000E+00    1.00000E+00
   629    1.00000E+00    1.00000E+00
   630    1.00000E+00    1.00000E+00
   631    1.00000E+00    1.00000E+00
   632    1.00000E+00    1.00000E+00
   633    1.00000E+00    1.00000E+00
   634    1.00000E+00    1.00000E+00
   635    1.00000E+00    1.00000E+00
   636    1.00000E+00    1.00000E+00
   637    1.00000E+00    1.00000E+00
   638    1.00000E+00    1.00000E+00
   639    1.00000E+00    1.00000E+00
   640    1.00000E+00    1.00000E+00
   641    1.00000E+00    1.00000E+00
   642    1.00000E+00    1.00000E+00
   643    1.00000E+00    1.00000E+00
   644    1.00000E+00    1.00000E+00
   645    1.00000E+00    1.00000E+00
   646    1.00000E+00    1.00000E+00
   647    1.00000E+00    1.00000E+00
   648    1.00000E+00    1.00000E+00
   649    1.00000E+00    1.00000E+00
   650    1.00000E+00    1.00000E+00
   651    1.00000E+00    1.00000E+00
   652    1.00000E+00    1.00000E+00
   653    1.00000E+00    1.00000E+00
   654    1.00000E+00    1.00000E+00
   655    1.00000E+00    1.00000E+00
   656    1.00000E+00    1.00000E+00
   657    1.00000E+00    1.00000E+00
   658    1.00000E+00    1.00000E+00
   659    1.00000E+00    1.00000E+00
   660    1.00000E+00    1.00000E+00
   661    1.00000E+00    1.00000E+00
   662    1.00000E+00    1.00000E+00
   663    1.00000E+00    1.00000E+00
   664    1.00000E+00    1.00000E+00
   665    1.00000E+00    1.00000E+00
   666    1.00000E+00    1.00000E+00
   667    1.00000E+00    1.00000E+00
   668    1.00000E+00    1.00000E+00
   669    1.00000E+00    1.00000E+00
   670    1.00000E+00    1.00000E+00
   671    1.00000E+00    1.00000E+00
   672    1.00000E+00    1.00000E+00
   673    1.00000E+00    1.00000E+00
   674    1.00000E+00    1.00000E+00
   675    1.00000E+00    1.00000E+00
   676    1.00000E+00    1.00000E+00
   677    1.00000E+00    1.00000E+00
   678    1.00000E+00    1.00000E+00
   679    1.00000E+00    1.00000E+00
   680    1.00000E+00    1.00000E+00
   681    1.00000E+00    1.00000E+00
   682    1.00000E+00    1.00000E+00
   683    1.00000E+00    1.00000E+00
   684    1.00000E+00    1.00000E+00
   685    1.00000E+00    1.00000E+00
   686    1.00000E+00    1.00000E+00
   687    1.00000E+00    1.00000E+00
   688    1.00000E+00    1.00000E+00
   689    1.00000E+00    1.00000E+00
   690    1.00000E+00    1.00000E+00
   691    1.00000E+00    1.00000E+00
   692    1.00000E+00    1.00000E+00
   693    1.00000E+00    1.00000E+00
   694    1.00000E+00    1.00000E+00
   695    1.00000E+00    1.00000E+00
   696    1.00000E+00    1.00000E+00
   697    1.00000E+00    1.00000E+00
   698    1.00000E+00    1.00000E+00
   699    1.00000E+00    1.00000E+00
   700    1.00000E+00    1.00000E+00
   701    1.00000E+00    1.00000E+00
   702    1.00000E+00    1.00000E+00
   703    1.00000E+00    1.00000E+00
   704    1.00000E+00    1.00000E+00
   705    1.00000E+00    1.00000E+00
   706    1.00000E+00    1.00000E+00
   707    1.00000E+00    1.00000E+00
   708    1.00000E+00    1.00000E+00
   709    1.00000E+00    1.00000E+00
   710    1.00000E+00    1.00000E+00
   711    1.00000E+00    1.00000E+00
   712    1.00000E+00    1.00000E+00
   713    1.00000E+00    1.00000E+00
   714    1.00000E+00    1.00000E+00
   715    1.00000E+00    1.00000E+00
   716    1.00000E+00    1.00000E+00
   717    1.00000E+00    1.00000E+00
   718    1.00000E+00    1.00000E+00
   719    1.00000E+00    1.00000E+00
   720    1.00000E+00    1.00000E+00
   721    1.00000E+00    1.00000E+00
   722    1.00000E+00    1.00000E+00
   723    1.00000E+00    1.00000E+00
   724    1.00000E+00    1.00000E+00
   725    1.00000E+00    1.00000E+00
   726    1.00000E+00    1.00000E+00
   727    1.00000E+00    1.00000E+00
   728    1.00000E+00    1.00000E+00
   729    1.00000E+00    1.00000E+00
   730    1.00000E+00    1.00000E+00
   731    1.00000E+00    1.00000E+00
   732    1.00000E+00    1.00000E+00
   733    1.00000E+00    1.00000E+00
   734    1.00000E+00    1.00000E+00
   735    1.00000E+00    1.00000E+00
   736    1.00000E+00    1.00000E+00
   737    1.00000E+00    1.00000E+00
   738    1.00000E+00    1.00000E+00
   739    1.00000E+00    1.00000E+00
   740    1.00000E+00    1.00000E+00
   741    1.00000E+00    1.00000E+00
   742    1.00000E+00    1.00000E+00
   743    1.00000E+00    1.00000E+00
   744    1.00000E+00    1.00000E+00
   745    1.00000E+00    1.00000E+00
   746    1.00000E+00    1.00000E+00
   747    1.00000E+00    1.00000E+00
   748    1.00000E+00    1.00000E+00
   749    1.00000E+00    1.00000E+00
   750    1.00000E+00    1.00000E+00
   751    1.00000E+00    1.00000E+00
   752    1.00000E+00    1.00000E+00
   753    1.00000E+00    1.00000E+00
   754    1.00000E+00    1.00000E+00
   755    1.00000E+00    1.00000E+00
   756    1.00000E+00    1.00000E+00
   757    1.00000E+00    1.00000E+00
   758    1.00000E+00    1.00000E+00
   759    1.00000E+00    1.00000E+00
   760    1.00000E+00    1.00000E+00
   761    1.00000E+00    1.00000E+00
   762    1.00000E+00    1.00000E+00
   763    1.00000E+00    1.00000E+00
   764    1.00000E+00    1.00000E+00
   765    1.00000E+00    1.00000E+00
   766    1.00000E+00    1.00000E+00
   767    1.00000E+00    1.00000E+00
   768    1.00000E+00    1.00000E+00
   769    1.00000E+00    1.00000E+00
   770    1.00000E+00    1.00000E+00
   771    1.00000E+00    1.00000E+00
   772    1.00000E+00    1.00000E+00
   773    1.00000E+00    1.00000E+00
   774    1.00000E+00    1.00000E+00
   775    1.00000E+00    1.00000E+00
   776    1.00000E+00    1.00000E+00
   777    1.00000E+00    1.00000E+00
   778    1.00000E+00    1.00000E+00
   779    1.00000E+00    1.00000E+00
   780    1.00000E+00    1.00000E+00
   781    1.00000E+00    1.00000E+00
   782    1.00000E+00    1.00000E+00
   783    1.00000E+00    1.00000E+00
   784    1.00000E+00    1.00000E+00
   785    1.00000E+00    1.00000E+00
   786    1.00000E+00    1.00000E+00
   787    1.00000E+00    1.00000E+00
   788    1.00000E+00    1.00000E+00
   789    1.00000E+00    1.00000E+00
   790    1.00000E+00    1.00000E+00
   791    1.00000E+00    1.00000E+00
   792    1.00000E+00    1.00000E+00
   793    8.23386E-01    1.00000E+00
   794    7.75919E-01    1.00000E+00
   795    7.89625E-01    1.00000E+00
   796    7.96068E-01    1.00000E+00
   797    7.97678E-01    1.00000E+00
   798    7.97254E-01    1.00000E+00
   799    7.97414E-01    1.00000E+00
   800    7.99420E-01    1.00000E+00
   801    8.02871E-01    1.00000E+00
   802    8.06433E-01    1.00000E+00
   803    8.08423E-01    1.00000E+00
   804    8.07778E-01    4.90120E-01
   805    8.04952E-01    3.01460E-04
   806    8.00417E-01    4.46233E-04
   807    7.95229E-01    7.09276E-04
   808    7.90985E-01    1.18148E-03
   809    7.88008E-01    2.12582E-03
   810    7.86126E-01    4.50797E-03
   811    7.85632E-01    1.27815E-02
   812    7.85826E-01    5.43749E-02
   813    7.86207E-01    1.73400E-01
   814    7.86620E-01    3.12890E-01
   815    7.87458E-01    3.40923E-01
   816    7.89151E-01    2.63819E-01
   817    7.91603E-01    1.89463E-01
   818    7.94664E-01    1.68164E-01
   819    7.99166E-01    2.07798E-01
   820    8.03908E-01    3.25074E-01
   821    8.06454E-01    4.97604E-01
   822    8.05361E-01    6.13901E-01
   823    7.99994E-01    5.88326E-01
   824    7.91174E-01    4.69971E-01
   825    7.79705E-01    3.54143E-01
   826    7.67492E-01    2.84072E-01
   827    7.58140E-01    2.62529E-01
   828    7.54663E-01    2.87093E-01
   829    7.59119E-01    3.64448E-01
   830    7.71629E-01    4.95508E-01
   831    7.91428E-01    6.30926E-01
   832    8.15927E-01    6.79467E-01
   833    8.39482E-01    6.06602E-01
   834    8.55255E-01    4.69893E-01
   835    8.56821E-01    3.41208E-01
   836    8.40770E-01    2.51308E-01
   837    8.07805E-01    1.98151E-01
   838    7.64708E-01    1.70851E-01
   839    7.18684E-01    1.61673E-01
   840    6.76636E-01    1.66684E-01
   841    6.45285E-01    1.85417E-01
   842    6.27675E-01    2.21725E-01
   843    6.25706E-01    2.82246E-01
   844    6.40534E-01    3.75742E-01
   845    6.72120E-01    5.01624E-01
   846    7.18355E-01    6.40322E-01
   847    7.74430E-01    7.58578E-01
   848    8.28463E-01    8.23227E-01
   849    8.62887E-01    8.23974E-01
   850    8.60238E-01    7.81900E-01
   851    8.15310E-01    7.29430E-01
   852    7.40872E-01    6.87262E-01
   853    6.58967E-01    6.63405E-01
   854    5.94915E-01    6.59921E-01
   855    5.45145E-01    6.74944E-01
   856    5.01919E-01    7.03005E-01
   857    4.67336E-01    7.37576E-01
   858    4.42289E-01    7.74018E-01
   859    4.27941E-01    8.08387E-01
   860    4.26082E-01    8.37101E-01
   861    4.37237E-01    8.58504E-01
   862    4.60654E-01    8.74524E-01
   863    4.96292E-01    8.87418E-01
   864    5.40980E-01    8.93082E-01
   865    5.92042E-01    8.94438E-01
   866    6.47792E-01    8.97037E-01
   867    7.04298E-01    8.97692E-01
   868    7.57120E-01    8.94796E-01
   869    8.02446E-01    8.88827E-01
   870    8.39170E-01    8.79907E-01
   871    8.65367E-01    8.68501E-01
   872    8.80640E-01    8.55291E-01
   873    8.88011E-01    8.41745E-01
   874    8.90348E-01    8.28098E-01
   875    8.90200E-01    8.14698E-01
   876    8.90658E-01    8.03357E-01
   877    8.91492E-01    7.94700E-01
   878    8.93775E-01    7.89355E-01
   879    8.95442E-01    7.88236E-01
   880    8.94748E-01    7.91423E-01
   881    8.91188E-01    7.98067E-01
   882    8.81433E-01    8.08219E-01
   883    8.66550E-01    8.21933E-01
   884    8.47339E-01    8.37107E-01
   885    8.25740E-01    8.51270E-01
   886    8.03199E-01    8.63281E-01
   887    7.84289E-01    8.71493E-01
   888    7.69915E-01    8.74247E-01
   889    7.63188E-01    8.71238E-01
   890    7.65420E-01    8.62711E-01
   891    7.75882E-01    8.50240E-01
   892    7.94069E-01    8.35625E-01
   893    8.17392E-01    8.21325E-01
   894    8.45359E-01    8.10330E-01
   895    8.73446E-01    8.04441E-01
   896    8.96015E-01    8.05318E-01
   897    9.10434E-01    8.12557E-01
   898    9.15935E-01    8.24920E-01
   899    9.10894E-01    8.40697E-01
   900    8.94349E-01    8.55426E-01
   901    8.69929E-01    8.65274E-01
   902    8.41372E-01    8.67457E-01
   903    8.12407E-01    8.59247E-01
   904    7.85098E-01    8.39711E-01
   905    7.63950E-01    8.11549E-01
   906    7.49128E-01    7.77112E-01
   907    7.41288E-01    7.41624E-01
   908    7.40538E-01    7.10694E-01
   909    7.47320E-01    6.86803E-01
   910    7.59430E-01    6.73726E-01
   911    7.75255E-01    6.73561E-01
   912    7.94220E-01    6.86835E-01
   913    8.13404E-01    7.11171E-01
   914    8.33155E-01    7.43240E-01
   915    8.50311E-01    7.76220E-01
   916    8.63856E-01    8.02966E-01
   917    8.73415E-01    8.17472E-01
   918    8.78141E-01    8.12916E-01
   919    8.79843E-01    7.89125E-01
   920    8.76039E-01    7.47197E-01
   921    8.69475E-01    6.91530E-01
   922    8.60058E-01    6.28759E-01
   923    8.49881E-01    5.68429E-01
   924    8.37228E-01    5.15681E-01
   925    8.22797E-01    4.73057E-01
   926    8.09486E-01    4.42639E-01
   927    7.94437E-01    4.24062E-01
   928    7.79069E-01    4.18804E-01
   929    7.65283E-01    4.25378E-01
   930    7.53620E-01    4.43080E-01
   931    7.43288E-01    4.72823E-01
   932    7.35680E-01    5.14318E-01
   933    7.31974E-01    5.66201E-01
   934    7.32994E-01    6.26682E-01
   935    7.38441E-01    6.91504E-01
   936    7.48886E-01    7.56227E-01
   937    7.63512E-01    8.16198E-01
   938    7.81806E-01    8.66435E-01
   939    8.03344E-01    9.01368E-01
   940    8.28088E-01    9.19941E-01
   941    8.50882E-01    9.26386E-01
   942    8.73320E-01    9.23170E-01
   943    8.91478E-01    9.14948E-01
   944    9.04181E-01    9.07040E-01
   945    9.10348E-01    9.01912E-01
   946    9.09567E-01    9.00997E-01
   947    9.02831E-01    9.03274E-01
   948    8.93870E-01    9.07144E-01
   949    8.81972E-01    9.09771E-01
   950    8.68564E-01    9.07321E-01
   951    8.56440E-01    8.99093E-01
   952    8.46559E-01    8.83711E-01
   953    8.40288E-01    8.61168E-01
   954    8.37257E-01    8.34362E-01
   955    8.39501E-01    8.06171E-01
   956    8.44494E-01    7.78597E-01
   957    8.50918E-01    7.55759E-01
   958    8.58729E-01    7.40019E-01
   959    8.66776E-01    7.32139E-01
   960    8.74880E-01    7.33729E-01
   961    8.80483E-01    7.44986E-01
   962    8.83697E-01    7.64335E-01
   963    8.84322E-01    7.90138E-01
   964    8.83111E-01    8.20788E-01
   965    8.78972E-01    8.51104E-01
   966    8.74573E-01    8.77374E-01
   967    8.70921E-01    8.95927E-01
   968    8.68196E-01    9.02431E-01
   969    8.65937E-01    8.95140E-01
   970    8.66090E-01    8.75203E-01
   971    8.68191E-01    8.45458E-01
   972    8.72988E-01    8.08683E-01
   973    8.77925E-01    7.69436E-01
   974    8.83319E-01    7.32035E-01
   975    8.87642E-01    6.99738E-01
   976    8.87846E-01    6.73667E-01
   977    8.83170E-01    6.54727E-01
   978    8.73802E-01    6.43886E-01
   979    8.58826E-01    6.40627E-01
   980    8.38618E-01    6.45050E-01
   981    8.15672E-01    6.55610E-01
   982    7.89567E-01    6.72024E-01
   983    7.62701E-01    6.93850E-01
   984    7.36616E-01    7.19696E-01
   985    7.14242E-01    7.46548E-01
   986    6.95405E-01    7.73599E-01
   987    6.81605E-01    7.99637E-01
   988    6.72287E-01    8.21922E-01
   989    6.68771E-01    8.39618E-01
   990    6.70476E-01    8.52111E-01
   991    6.77938E-01    8.59127E-01
   992    6.91353E-01    8.61167E-01
   993    7.08606E-01    8.58848E-01
   994    7.28813E-01    8.52579E-01
   995    7.53345E-01    8.44394E-01
   996    7.79689E-01    8.33964E-01
   997    8.05732E-01    8.22247E-01
   998    8.30896E-01    8.10119E-01
   999    8.51652E-01    7.97906E-01
  1000    8.67926E-01    7.85318E-01
  1001    8.79087E-01    7.72467E-01
  1002    8.84303E-01    7.60504E-01
  1003    8.84322E-01    7.49126E-01
  1004    8.80568E-01    7.38962E-01
  1005    8.74128E-01    7.30636E-01
  1006    8.65957E-01    7.24178E-01
  1007    8.57183E-01    7.20135E-01
  1008    8.50205E-01    7.19456E-01
  1009    8.45239E-01    7.22441E-01
  1010    8.42348E-01    7.28451E-01
  1011    8.41728E-01    7.37106E-01
  1012    8.43968E-01    7.48665E-01
  1013    8.47119E-01    7.63206E-01
  1014    8.51109E-01    7.80097E-01
  1015    8.54751E-01    7.97690E-01
  1016    8.57575E-01    8.14962E-01
  1017    8.58912E-01    8.31617E-01
  1018    8.57220E-01    8.46792E-01
  1019    8.52885E-01    8.59541E-01
  1020    8.45725E-01    8.69131E-01
  1021    8.36403E-01    8.74708E-01
  1022    8.24835E-01    8.76734E-01
  1023    8.12348E-01    8.76480E-01
  1024    8.00498E-01    8.74472E-01
  1025    7.89212E-01    8.71157E-01
  1026    7.80230E-01    8.67320E-01
  1027    7.72950E-01    8.63781E-01
  1028    7.68767E-01    8.61052E-01
  1029    7.68016E-01    8.59381E-01
  1030    7.69614E-01    8.58919E-01
  1031    7.73627E-01    8.59474E-01
  1032    7.80403E-01    8.60691E-01
  1033    7.88515E-01    8.61989E-01
  1034    7.97241E-01    8.62930E-01
  1035    8.06297E-01    8.63063E-01
  1036    8.14122E-01    8.61954E-01
  1037    8.19487E-01    8.59617E-01
  1038    8.22061E-01    8.55865E-01
  1039    8.21833E-01    8.51188E-01
  1040    8.18710E-01    8.46090E-01
  1041    8.12577E-01    8.40472E-01
  1042    8.04432E-01    8.35084E-01
  1043    7.93775E-01    8.30833E-01
  1044    7.82552E-01    8.27949E-01
  1045    7.72243E-01    8.26370E-01
  1046    7.62360E-01    8.25798E-01
  1047    7.54419E-01    8.25895E-01
  1048    7.48968E-01    8.26020E-01
  1049    7.45225E-01    8.25493E-01
  1050    7.44400E-01    8.23367E-01
  1051    7.46697E-01    8.19115E-01
  1052    7.51270E-01    8.12119E-01
  1053    7.57819E-01    8.01561E-01
  1054    7.66372E-01    7.87520E-01
  1055    7.75672E-01    7.69954E-01
  1056    7.84863E-01    7.49427E-01
  1057    7.92570E-01    7.26853E-01
  1058    7.98564E-01    7.03708E-01
  1059    8.02523E-01    6.81327E-01
  1060    8.03220E-01    6.59802E-01
  1061    8.00646E-01    6.40481E-01
  1062    7.94545E-01    6.24525E-01
  1063    7.85651E-01    6.11987E-01
  1064    7.75265E-01    6.03159E-01
  1065    7.63575E-01    5.98395E-01
  1066    7.51815E-01    5.98074E-01
  1067    7.40499E-01    6.02305E-01
  1068    7.30506E-01    6.10814E-01
  1069    7.22632E-01    6.23309E-01
  1070    7.17322E-01    6.39823E-01
  1071    7.14141E-01    6.59497E-01
  1072    7.13484E-01    6.81286E-01
  1073    7.16665E-01    7.04843E-01
  1074    7.22430E-01    7.29255E-01
  1075    7.29818E-01    7.52292E-01
  1076    7.39393E-01    7.72714E-01
  1077    7.50107E-01    7.90151E-01
  1078    7.61730E-01    8.03397E-01
  1079    7.73102E-01    8.12021E-01
  1080    7.82747E-01    8.16176E-01
  1081    7.90178E-01    8.15946E-01
  1082    7.94891E-01    8.12097E-01
  1083    7.97246E-01    8.06012E-01
  1084    7.97109E-01    7.99073E-01
  1085    7.93564E-01    7.91997E-01
  1086    7.87423E-01    7.85340E-01
  1087    7.79579E-01    7.80065E-01
  1088    7.69843E-01    7.76920E-01
  1089    7.59026E-01    7.75957E-01
  1090    7.48967E-01    7.76889E-01
  1091    7.40553E-01    7.79663E-01
  1092    7.33358E-01    7.83759E-01
  1093    7.28142E-01    7.88246E-01
  1094    7.25245E-01    7.92704E-01
  1095    7.24133E-01    7.96679E-01
  1096    7.25260E-01    7.99403E-01
  1097    7.27927E-01    8.00487E-01
  1098    7.32151E-01    7.99677E-01
  1099    7.38506E-01    7.96656E-01
  1100    7.45695E-01    7.91700E-01
  1101    7.52885E-01    7.85415E-01
  1102    7.59957E-01    7.78261E-01
  1103    7.65979E-01    7.70366E-01
  1104    7.69560E-01    7.62188E-01
  1105    7.70920E-01    7.55182E-01
  1106    7.70595E-01    7.50026E-01
  1107    7.68174E-01    7.46298E-01
  1108    7.63115E-01    7.44092E-01
  1109    7.55977E-01    7.44041E-01
  1110    7.47296E-01    7.46500E-01
  1111    7.37597E-01    7.51209E-01
  1112    7.28679E-01    7.57822E-01
  1113    7.20062E-01    7.65548E-01
  1114    7.12278E-01    7.73481E-01
  1115    7.06244E-01    7.81305E-01
  1116    7.02005E-01    7.88529E-01
  1117    6.99674E-01    7.94267E-01
  1118    6.99498E-01    7.97806E-01
  1119    7.02875E-01    7.99204E-01
  1120    7.08246E-01    7.98450E-01
  1121    7.14929E-01    7.95205E-01
  1122    7.22570E-01    7.89605E-01
  1123    7.31400E-01    7.82273E-01
  1124    7.40836E-01    7.74228E-01
  1125    7.49021E-01    7.66157E-01
  1126    7.55403E-01    7.58290E-01
  1127    7.60944E-01    7.50913E-01
  1128    7.63463E-01    7.44565E-01
  1129    7.61697E-01    7.39608E-01
  1130    7.56861E-01    7.36513E-01
  1131    7.48216E-01    7.35946E-01
  1132    7.35930E-01    7.37351E-01
  1133    7.20481E-01    7.40139E-01
  1134    7.03115E-01    7.44047E-01
  1135    6.83348E-01    7.48794E-01
  1136    6.63535E-01    7.53573E-01
  1137    6.43818E-01    7.57330E-01
  1138    6.24219E-01    7.60363E-01
  1139    6.07908E-01    7.62662E-01
  1140    5.93254E-01    7.63120E-01
  1141    5.79100E-01    7.60681E-01
  1142    5.68610E-01    7.55316E-01
  1143    5.61153E-01    7.47442E-01
  1144    5.55987E-01    7.37567E-01
  1145    5.53775E-01    7.26534E-01
  1146    5.53858E-01    7.14627E-01
  1147    5.56805E-01    7.01905E-01
  1148    5.63471E-01    6.89446E-01
  1149    5.71341E-01    6.78047E-01
  1150    5.81352E-01    6.67517E-01
  1151    5.94328E-01    6.58676E-01
  1152    6.08775E-01    6.52729E-01
  1153    6.24481E-01    6.49546E-01
  1154    6.41309E-01    6.48700E-01
  1155    6.59097E-01    6.50102E-01
  1156    6.77248E-01    6.53943E-01
  1157    6.95256E-01    6.60283E-01
  1158    7.12658E-01    6.68689E-01
  1159    7.28260E-01    6.78681E-01
  1160    7.42297E-01    6.89975E-01
  1161    7.55082E-01    7.01743E-01
  1162    7.64882E-01    7.13148E-01
  1163    7.72378E-01    7.24107E-01
  1164    7.78561E-01    7.34061E-01
  1165    7.82272E-01    7.42471E-01
  1166    7.84103E-01    7.48769E-01
  1167    7.84657E-01    7.51951E-01
  1168    7.84555E-01    7.52536E-01
  1169    7.83671E-01    7.51343E-01
  1170    7.81916E-01    7.48015E-01
  1171    7.80042E-01    7.42723E-01
  1172    7.77744E-01    7.36331E-01
  1173    7.75831E-01    7.29675E-01
  1174    7.75060E-01    7.23098E-01
  1175    7.74523E-01    7.17072E-01
  1176    7.73264E-01    7.11857E-01
  1177    7.71548E-01    7.07628E-01
  1178    7.71002E-01    7.05251E-01
  1179    7.70857E-01    7.05053E-01
  1180    7.70261E-01    7.06817E-01
  1181    7.68655E-01    7.10001E-01
  1182    7.67135E-01    7.14369E-01
  1183    7.65109E-01    7.20161E-01
  1184    7.63005E-01    7.27313E-01
  1185    7.60415E-01    7.34603E-01
  1186    7.56621E-01    7.41878E-01
  1187    7.53743E-01    7.49037E-01
  1188    7.50158E-01    7.54953E-01
  1189    7.47436E-01    7.59571E-01
  1190    7.44345E-01    7.62273E-01
  1191    7.42352E-01    7.62984E-01
  1192    7.40517E-01    7.61957E-01
  1193    7.38865E-01    7.58807E-01
  1194    7.38917E-01    7.54123E-01
  1195    7.38359E-01    7.47673E-01
  1196    7.38487E-01    7.39969E-01
  1197    7.40082E-01    7.32521E-01
  1198    7.41859E-01    7.25348E-01
  1199    7.44682E-01    7.18469E-01
  1200    7.47103E-01    7.12441E-01
  1201    7.48905E-01    7.08095E-01
  1202    7.51560E-01    7.05841E-01
  1203    7.53353E-01    7.05443E-01
  1204    7.54128E-01    7.06450E-01
  1205    7.54588E-01    7.09208E-01
  1206    7.53596E-01    7.13596E-01
  1207    7.52130E-01    7.19276E-01
  1208    7.49040E-01    7.25853E-01
  1209    7.43548E-01    7.32955E-01
  1210    7.37241E-01    7.40741E-01
  1211    7.30291E-01    7.48223E-01
  1212    7.22739E-01    7.54092E-01
  1213    7.13501E-01    7.58092E-01
  1214    7.03890E-01    7.60215E-01
  1215    6.92606E-01    7.60095E-01
  1216    6.83998E-01    7.57070E-01
  1217    6.74484E-01    7.50718E-01
  1218    6.65162E-01    7.41573E-01
  1219    6.56208E-01    7.29442E-01
  1220    6.49227E-01    7.14733E-01
  1221    6.42398E-01    6.99463E-01
  1222    6.36912E-01    6.83172E-01
  1223    6.32612E-01    6.65772E-01
  1224    6.29376E-01    6.49721E-01
  1225    6.27912E-01    6.34648E-01
  1226    6.27219E-01    6.20706E-01
  1227    6.27825E-01    6.07318E-01
  1228    6.28973E-01    5.95773E-01
  1229    6.31918E-01    5.87378E-01
  1230    6.36619E-01    5.80684E-01
  1231    6.42528E-01    5.76474E-01
  1232    6.48226E-01    5.74766E-01
  1233    6.54501E-01    5.75248E-01
  1234    6.62137E-01    5.78379E-01
  1235    6.71518E-01    5.84087E-01
  1236    6.78992E-01    5.91527E-01
  1237    6.87042E-01    6.01094E-01
  1238    6.97001E-01    6.12884E-01
  1239    7.04365E-01    6.26171E-01
  1240    7.12276E-01    6.40721E-01
  1241    7.20630E-01    6.56310E-01
  1242    7.27834E-01    6.72469E-01
  1243    7.36129E-01    6.88783E-01
  1244    7.43376E-01    7.04788E-01
  1245    7.49821E-01    7.19809E-01
  1246    7.56157E-01    7.33273E-01
  1247    7.61354E-01    7.45642E-01
  1248    7.66919E-01    7.56270E-01
  1249    7.71120E-01    7.64357E-01
  1250    7.74590E-01    7.70689E-01
  1251    7.77122E-01    7.75117E-01
  1252    7.79539E-01    7.77240E-01
  1253    7.80071E-01    7.77757E-01
  1254    7.80406E-01    7.77050E-01
  1255    7.79298E-01    7.74985E-01
  1256    7.76674E-01    7.72084E-01
  1257    7.72529E-01    7.68414E-01
  1258    7.67577E-01    7.64923E-01
  1259    7.60539E-01    7.61799E-01
  1260    7.51821E-01    7.58658E-01
  1261    7.41842E-01    7.56111E-01
  1262    7.30527E-01    7.54138E-01
  1263    7.18913E-01    7.52539E-01
  1264    7.05020E-01    7.51382E-01
  1265    6.89806E-01    7.50859E-01
  1266    6.76378E-01    7.50346E-01
  1267    6.62177E-01    7.49719E-01
  1268    6.48041E-01    7.49372E-01
  1269    6.34322E-01    7.48903E-01
  1270    6.21546E-01    7.48382E-01
  1271    6.09640E-01    7.47559E-01
  1272    5.98816E-01    7.45808E-01
  1273    5.89035E-01    7.42858E-01
  1274    5.80871E-01    7.39798E-01
  1275    5.73524E-01    7.36885E-01
  1276    5.68851E-01    7.32760E-01
  1277    5.65694E-01    7.28335E-01
  1278    5.64150E-01    7.24445E-01
  1279    5.64555E-01    7.20197E-01
  1280    5.65927E-01    7.15986E-01
  1281    5.70194E-01    7.12555E-01
  1282    5.77053E-01    7.10013E-01
  1283    5.84082E-01    7.07891E-01
  1284    5.93219E-01    7.06122E-01
  1285    6.03663E-01    7.05181E-01
  1286    6.15309E-01    7.05339E-01
  1287    6.29191E-01    7.06660E-01
  1288    6.44795E-01    7.09037E-01
  1289    6.60926E-01    7.12532E-01
  1290    6.76687E-01    7.16879E-01
  1291    6.92265E-01    7.21953E-01
  1292    7.06847E-01    7.27457E-01
  1293    7.22369E-01    7.33561E-01
  1294    7.35614E-01    7.39930E-01
  1295    7.46274E-01    7.45898E-01
  1296    7.53703E-01    7.52005E-01
  1297    7.58278E-01    7.57464E-01
  1298    7.59691E-01    7.61503E-01
  1299    7.57495E-01    7.64507E-01
  1300    7.52166E-01    7.66411E-01
  1301    7.44048E-01    7.67055E-01
  1302    7.33343E-01    7.66232E-01
  1303    7.20700E-01    7.63528E-01
  1304    7.06294E-01    7.59065E-01
  1305    6.91083E-01    7.53179E-01
  1306    6.76841E-01    7.46094E-01
  1307    6.62281E-01    7.38349E-01
  1308    6.47208E-01    7.30080E-01
  1309    6.34296E-01    7.21192E-01
  1310    6.23514E-01    7.11776E-01
  1311    6.13368E-01    7.02496E-01
  1312    6.04238E-01    6.94001E-01
  1313    5.97312E-01    6.85706E-01
  1314    5.92386E-01    6.77949E-01
  1315    5.89330E-01    6.71236E-01
  1316    5.88697E-01    6.65458E-01
  1317    5.90570E-01    6.61352E-01
  1318    5.93342E-01    6.58652E-01
  1319    5.97759E-01    6.56486E-01
  1320    6.04257E-01    6.55052E-01
  1321    6.12521E-01    6.55176E-01
  1322    6.21582E-01    6.56705E-01
  1323    6.33959E-01    6.59573E-01
  1324    6.46744E-01    6.63639E-01
  1325    6.60981E-01    6.67986E-01
  1326    6.75799E-01    6.73149E-01
  1327    6.89749E-01    6.79488E-01
  1328    7.03584E-01    6.86746E-01
  1329    7.18558E-01    6.94134E-01
  1330    7.32123E-01    7.01814E-01
  1331    7.44285E-01    7.09930E-01
  1332    7.54670E-01    7.17952E-01
  1333    7.63172E-01    7.25826E-01
  1334    7.69698E-01    7.33404E-01
  1335    7.74616E-01    7.41224E-01
  1336    7.76890E-01    7.49198E-01
  1337    7.77878E-01    7.56338E-01
  1338    7.76867E-01    7.62494E-01
  1339    7.73381E-01    7.68431E-01
  1340    7.68661E-01    7.74304E-01
  1341    7.63210E-01    7.79403E-01
  1342    7.57031E-01    7.83517E-01
  1343    7.50817E-01    7.86966E-01
  1344    7.45530E-01    7.89863E-01
  1345    7.40942E-01    7.92459E-01
  1346    7.36961E-01    7.94569E-01
  1347    7.34432E-01    7.95563E-01
  1348    7.33103E-01    7.95768E-01
  1349    7.32538E-01    7.95509E-01
  1350    7.32943E-01    7.94510E-01
  1351    7.34744E-01    7.92336E-01
  1352    7.37747E-01    7.88905E-01
  1353    7.41914E-01    7.84618E-01
  1354    7.47579E-01    7.79466E-01
  1355    7.54677E-01    7.73519E-01
  1356    7.61326E-01    7.66503E-01
  1357    7.67172E-01    7.58116E-01
  1358    7.72314E-01    7.48978E-01
  1359    7.76316E-01    7.39042E-01
  1360    7.78559E-01    7.28020E-01
  1361    7.78467E-01    7.17038E-01
  1362    7.75513E-01    7.06023E-01
  1363    7.69782E-01    6.94967E-01
  1364    7.60806E-01    6.84398E-01
  1365    7.48092E-01    6.73520E-01
  1366    7.32213E-01    6.62380E-01
  1367    7.13993E-01    6.52515E-01
  1368    6.93619E-01    6.44046E-01
  1369    6.70521E-01    6.35940E-01
  1370    6.46164E-01    6.28950E-01
  1371    6.20977E-01    6.23412E-01
  1372    5.95613E-01    6.18915E-01
  1373    5.70503E-01    6.16068E-01
  1374    5.45540E-01    6.14929E-01
  1375    5.21604E-01    6.14977E-01
  1376    4.97342E-01    6.16166E-01
  1377    4.74700E-01    6.18660E-01
  1378    4.56239E-01    6.22752E-01
  1379    4.40713E-01    6.28824E-01
  1380    4.26469E-01    6.36711E-01
  1381    4.12565E-01    6.45458E-01
  1382    4.01159E-01    6.54999E-01
  1383    3.91031E-01    6.65592E-01
  1384    3.82226E-01    6.77116E-01
  1385    3.76019E-01    6.90430E-01
  1386    3.71649E-01    7.05113E-01
  1387    3.68528E-01    7.19681E-01
  1388    3.67320E-01    7.34108E-01
  1389    3.68592E-01    7.47507E-01
  1390    3.69674E-01    7.59266E-01
  1391    3.70429E-01    7.69764E-01
  1392    3.74519E-01    7.78662E-01
  1393    3.81417E-01    7.85269E-01
  1394    3.90449E-01    7.88625E-01
  1395    4.00273E-01    7.88881E-01
  1396    4.11188E-01    7.86471E-01
  1397    4.24993E-01    7.81686E-01
  1398    4.40734E-01    7.75021E-01
  1399    4.57412E-01    7.65426E-01
  1400    4.76039E-01    7.52543E-01
  1401    4.97898E-01    7.38792E-01
  1402    5.22452E-01    7.25396E-01
  1403    5.47289E-01    7.11730E-01
  1404    5.71555E-01    6.97271E-01
  1405    5.97587E-01    6.81932E-01
  1406    6.25293E-01    6.67507E-01
  1407    6.53725E-01    6.55228E-01
  1408    6.81864E-01    6.43870E-01
  1409    7.07950E-01    6.32996E-01
  1410    7.30861E-01    6.23613E-01
  1411    7.51417E-01    6.16452E-01
  1412    7.69086E-01    6.11274E-01
  1413    7.82729E-01    6.07692E-01
  1414    7.91654E-01    6.05839E-01
  1415    7.95843E-01    6.05223E-01
  1416    7.95592E-01    6.06186E-01
  1417    7.90929E-01    6.09783E-01
  1418    7.82254E-01    6.15801E-01
  1419    7.71327E-01    6.23131E-01
  1420    7.57384E-01    6.30927E-01
  1421    7.41653E-01    6.39994E-01
  1422    7.25668E-01    6.51013E-01
  1423    7.09604E-01    6.63441E-01
  1424    6.93731E-01    6.77024E-01
  1425    6.77707E-01    6.91549E-01
  1426    6.63043E-01    7.06460E-01
  1427    6.50380E-01    7.21299E-01
  1428    6.38230E-01    7.36246E-01
  1429    6.27766E-01    7.50837E-01
  1430    6.19753E-01    7.64114E-01
  1431    6.13263E-01    7.76339E-01
  1432    6.08291E-01    7.87370E-01
  1433    6.05245E-01    7.96321E-01
  1434    6.04727E-01    8.03036E-01
  1435    6.04808E-01    8.07824E-01
  1436    6.06292E-01    8.10615E-01
  1437    6.09995E-01    8.11382E-01
  1438    6.15412E-01    8.10217E-01
  1439    6.22431E-01    8.07123E-01
  1440    6.31262E-01    8.02755E-01
  1441    6.40854E-01    7.97638E-01
  1442    6.52792E-01    7.91982E-01
  1443    6.64611E-01    7.86261E-01
  1444    6.76655E-01    7.80687E-01
  1445    6.89940E-01    7.75501E-01
  1446    7.03792E-01    7.70628E-01
  1447    7.18059E-01    7.66444E-01
  1448    7.32633E-01    7.63644E-01
  1449    7.47158E-01    7.62178E-01
  1450    7.61669E-01    7.62196E-01
  1451    7.74039E-01    7.63330E-01
  1452    7.85689E-01    7.65619E-01
  1453    7.96353E-01    7.69625E-01
  1454    8.06048E-01    7.74933E-01
  1455    8.13481E-01    7.81567E-01
  1456    8.19041E-01    7.89230E-01
  1457    8.23014E-01    7.96777E-01
  1458    8.25610E-01    8.04241E-01
  1459    8.26333E-01    8.11703E-01
  1460    8.25211E-01    8.18719E-01
  1461    8.23749E-01    8.24605E-01
  1462    8.20908E-01    8.28675E-01
  1463    8.16771E-01    8.30702E-01
  1464    8.12419E-01    8.29828E-01
  1465    8.07045E-01    8.25563E-01
  1466    8.02082E-01    8.17603E-01
  1467    7.96920E-01    8.06277E-01
  1468    7.91717E-01    7.91431E-01
  1469    7.87314E-01    7.73075E-01
  1470    7.83418E-01    7.51962E-01
  1471    7.80629E-01    7.28001E-01
  1472    7.77884E-01    7.02755E-01
  1473    7.76320E-01    6.76935E-01
  1474    7.75879E-01    6.49795E-01
  1475    7.75534E-01    6.22131E-01
  1476    7.76280E-01    5.94331E-01
  1477    7.78195E-01    5.67686E-01
  1478    7.81121E-01    5.43399E-01
  1479    7.83891E-01    5.20746E-01
  1480    7.88201E-01    4.98782E-01
  1481    7.93712E-01    4.77958E-01
  1482    7.98855E-01    4.59471E-01
  1483    8.03959E-01    4.43057E-01
  1484    8.09886E-01    4.27897E-01
  1485    8.15643E-01    4.14460E-01
  1486    8.21627E-01    4.03049E-01
  1487    8.27268E-01    3.93536E-01
  1488    8.32177E-01    3.85424E-01
  1489    8.36486E-01    3.79373E-01
  1490    8.40719E-01    3.74872E-01
  1491    8.44500E-01    3.70629E-01
  1492    8.46883E-01    3.68413E-01
  1493    8.48368E-01    3.68508E-01
  1494    8.49050E-01    3.69085E-01
  1495    8.48664E-01    3.70547E-01
  1496    8.47490E-01    3.74445E-01
  1497    8.44657E-01    3.79935E-01
  1498    8.41193E-01    3.86320E-01
  1499    8.36522E-01    3.95122E-01
  1500    8.31327E-01    4.05858E-01
  1501    8.25503E-01    4.17070E-01
  1502    8.18808E-01    4.30303E-01
  1503    8.11426E-01    4.46229E-01
  1504    8.04529E-01    4.63415E-01
  1505    7.96515E-01    4.82079E-01
  1506    7.88767E-01    5.02636E-01
  1507    7.81796E-01    5.25585E-01
  1508    7.74688E-01    5.50708E-01
  1509    7.67837E-01    5.76984E-01
  1510    7.61336E-01    6.04376E-01
  1511    7.56349E-01    6.32994E-01
  1512    7.50483E-01    6.62784E-01
  1513    7.45435E-01    6.92795E-01
  1514    7.40828E-01    7.21769E-01
  1515    7.36474E-01    7.49117E-01
  1516    7.32956E-01    7.74722E-01
  1517    7.30428E-01    7.97813E-01
  1518    7.28754E-01    8.17089E-01
  1519    7.26845E-01    8.32109E-01
  1520    7.26386E-01    8.42929E-01
  1521    7.27169E-01    8.48673E-01
  1522    7.28218E-01    8.49923E-01
  1523    7.30248E-01    8.47247E-01
  1524    7.31830E-01    8.39959E-01
  1525    7.33320E-01    8.29695E-01
  1526    7.37328E-01    8.16839E-01
  1527    7.40156E-01    8.01484E-01
  1528    7.44390E-01    7.84987E-01
  1529    7.49878E-01    7.67911E-01
  1530    7.54138E-01    7.50536E-01
  1531    7.59198E-01    7.33217E-01
  1532    7.65265E-01    7.16545E-01
  1533    7.70680E-01    7.01290E-01
  1534    7.77675E-01    6.87465E-01
  1535    7.84299E-01    6.74803E-01
  1536    7.90229E-01    6.63374E-01
  1537    7.96228E-01    6.54013E-01
  1538    8.03151E-01    6.46466E-01
  1539    8.09688E-01    6.39985E-01
  1540    8.16320E-01    6.35511E-01
  1541    8.22890E-01    6.32869E-01
  1542    8.28371E-01    6.31500E-01
  1543    8.34661E-01    6.31987E-01
  1544    8.42463E-01    6.34645E-01
  1545    8.47883E-01    6.38196E-01
  1546    8.52748E-01    6.42713E-01
  1547    8.57269E-01    6.49473E-01
  1548    8.61648E-01    6.57530E-01
  1549    8.65621E-01    6.66420E-01
  1550    8.69309E-01    6.77061E-01
  1551    8.73004E-01    6.88979E-01
  1552    8.76144E-01    7.01513E-01
  1553    8.77712E-01    7.14878E-01
  1554    8.79645E-01    7.28982E-01
  1555    8.81429E-01    7.43610E-01
  1556    8.81839E-01    7.58200E-01
  1557    8.81974E-01    7.72303E-01
  1558    8.81590E-01    7.86416E-01
  1559    8.80084E-01    8.00345E-01
  1560    8.79349E-01    8.13692E-01
  1561    8.78295E-01    8.25931E-01
  1562    8.75813E-01    8.36602E-01
  1563    8.73136E-01    8.46628E-01
  1564    8.70853E-01    8.55585E-01
  1565    8.67872E-01    8.62321E-01
  1566    8.64508E-01    8.67128E-01
  1567    8.60976E-01    8.70842E-01
  1568    8.57737E-01    8.73399E-01
  1569    8.54209E-01    8.74237E-01
  1570    8.51499E-01    8.73567E-01
  1571    8.48790E-01    8.71922E-01
  1572    8.46217E-01    8.69454E-01
  1573    8.43445E-01    8.66542E-01
  1574    8.40943E-01    8.62621E-01
  1575    8.39229E-01    8.58052E-01
  1576    8.38358E-01    8.53739E-01
  1577    8.38238E-01    8.49642E-01
  1578    8.37541E-01    8.45163E-01
  1579    8.37437E-01    8.40518E-01
  1580    8.38651E-01    8.37071E-01
  1581    8.40511E-01    8.33726E-01
  1582    8.41892E-01    8.30581E-01
  1583    8.44591E-01    8.28488E-01
  1584    8.48291E-01    8.26863E-01
  1585    8.52451E-01    8.25998E-01
  1586    8.56679E-01    8.25809E-01
  1587    8.61639E-01    8.26356E-01
  1588    8.66550E-01    8.27772E-01
  1589    8.71710E-01    8.29714E-01
  1590    8.76631E-01    8.32121E-01
  1591    8.81331E-01    8.35039E-01
  1592    8.85768E-01    8.38435E-01
  1593    8.90060E-01    8.42291E-01
  1594    8.93626E-01    8.46508E-01
  1595    8.96595E-01    8.50607E-01
  1596    8.99073E-01    8.55024E-01
  1597    8.99731E-01    8.59649E-01
  1598    8.99468E-01    8.63645E-01
  1599    8.98058E-01    8.67253E-01
  1600    8.94974E-01    8.70966E-01
  1601    8.89928E-01    8.74028E-01
  1602    8.83162E-01    8.76583E-01
  1603    8.74834E-01    8.79058E-01
  1604    8.64805E-01    8.80599E-01
  1605    8.53956E-01    8.81198E-01
  1606    8.41123E-01    8.81336E-01
  1607    8.26706E-01    8.80898E-01
  1608    8.12600E-01    8.79480E-01
  1609    7.96807E-01    8.77527E-01
  1610    7.79955E-01    8.75303E-01
  1611    7.63525E-01    8.72136E-01
  1612    7.46772E-01    8.68256E-01
  1613    7.30354E-01    8.64372E-01
  1614    7.14138E-01    8.60069E-01
  1615    6.98969E-01    8.55451E-01
  1616    6.84261E-01    8.51012E-01
  1617    6.70512E-01    8.46211E-01
  1618    6.57852E-01    8.41147E-01
  1619    6.45982E-01    8.36391E-01
  1620    6.35460E-01    8.31735E-01
  1621    6.27095E-01    8.27112E-01
  1622    6.19832E-01    8.22862E-01
  1623    6.13499E-01    8.19062E-01
  1624    6.08068E-01    8.15532E-01
  1625    6.04940E-01    8.12497E-01
  1626    6.03793E-01    8.09919E-01
  1627    6.04326E-01    8.07690E-01
  1628    6.06501E-01    8.05842E-01
  1629    6.10792E-01    8.04682E-01
  1630    6.17422E-01    8.04037E-01
  1631    6.25353E-01    8.03795E-01
  1632    6.34708E-01    8.04299E-01
  1633    6.46790E-01    8.05108E-01
  1634    6.60289E-01    8.06211E-01
  1635    6.75594E-01    8.08016E-01
  1636    6.93684E-01    8.10480E-01
  1637    7.14691E-01    8.13109E-01
  1638    7.36932E-01    8.15999E-01
  1639    7.59928E-01    8.19285E-01
  1640    7.84445E-01    8.22645E-01
  1641    8.09954E-01    8.26213E-01
  1642    8.34892E-01    8.30138E-01
  1643    8.57956E-01    8.34241E-01
  1644    8.78149E-01    8.38741E-01
  1645    8.94681E-01    8.43569E-01
  1646    9.05575E-01    8.48331E-01
  1647    9.10171E-01    8.52927E-01
  1648    9.07147E-01    8.57433E-01
  1649    8.95720E-01    8.62014E-01
  1650    8.76171E-01    8.66932E-01
  1651    8.48743E-01    8.71755E-01
  1652    8.14410E-01    8.76312E-01
  1653    7.73727E-01    8.81033E-01
  1654    7.27872E-01    8.85638E-01
  1655    6.80876E-01    8.89867E-01
  1656    6.33096E-01    8.93751E-01
  1657    5.85103E-01    8.97502E-01
  1658    5.38126E-01    9.01224E-01
  1659    4.93500E-01    9.04834E-01
  1660    4.52846E-01    9.08254E-01
  1661    4.16409E-01    9.11391E-01
  1662    3.81699E-01    9.14284E-01
  1663    3.49546E-01    9.16878E-01
  1664    3.20940E-01    9.18936E-01
  1665    2.95317E-01    9.20501E-01
  1666    2.71367E-01    9.22009E-01
  1667    2.50963E-01    9.23497E-01
  1668    2.33017E-01    9.24519E-01
  1669    2.17275E-01    9.25044E-01
  1670    2.03600E-01    9.25382E-01
  1671    1.91710E-01    9.25453E-01
  1672    1.81497E-01    9.24788E-01
  1673    1.71981E-01    9.23483E-01
  1674    1.62087E-01    9.22176E-01
  1675    1.53500E-01    9.20801E-01
  1676    1.46950E-01    9.18651E-01
  1677    1.41895E-01    9.15862E-01
  1678    1.37209E-01    9.13040E-01
  1679    1.31513E-01    9.10199E-01
  1680    1.26379E-01    9.07103E-01
  1681    1.23684E-01    9.03692E-01
  1682    1.21569E-01    9.00070E-01
  1683    1.18616E-01    8.96309E-01
  1684    1.16787E-01    8.92612E-01
  1685    1.15597E-01    8.88897E-01
  1686    1.14702E-01    8.84969E-01
  1687    1.14688E-01    8.80986E-01
  1688    1.14524E-01    8.77165E-01
  1689    1.13885E-01    8.73836E-01
  1690    1.14503E-01    8.71018E-01
  1691    1.16502E-01    8.68575E-01
  1692    1.18682E-01    8.66455E-01
  1693    1.21344E-01    8.64684E-01
  1694    1.23562E-01    8.63270E-01
  1695    1.25645E-01    8.62526E-01
  1696    1.28406E-01    8.62374E-01
  1697    1.33797E-01    8.62357E-01
  1698    1.39948E-01    8.62963E-01
  1699    1.46361E-01    8.64483E-01
  1700    1.52898E-01    8.66461E-01
  1701    1.59998E-01    8.68751E-01
  1702    1.70612E-01    8.71760E-01
  1703    1.82077E-01    8.75522E-01
  1704    1.95396E-01    8.80063E-01
  1705    2.11382E-01    8.85175E-01
  1706    2.28638E-01    8.90407E-01
  1707    2.47903E-01    8.95807E-01
  1708    2.70438E-01    9.01335E-01
  1709    2.97319E-01    9.07102E-01
  1710    3.28733E-01    9.13266E-01
  1711    3.65994E-01    9.19358E-01
  1712    4.06717E-01    9.25035E-01
  1713    4.54114E-01    9.30277E-01
  1714    5.06159E-01    9.35085E-01
  1715    5.63521E-01    9.39353E-01
  1716    6.23593E-01    9.42607E-01
  1717    6.86422E-01    9.44439E-01
  1718    7.45566E-01    9.45059E-01
  1719    7.97992E-01    9.44503E-01
  1720    8.37842E-01    9.42655E-01
  1721    8.61834E-01    9.39213E-01
  1722    8.69042E-01    9.33996E-01
  1723    8.57115E-01    9.27388E-01
  1724    8.29903E-01    9.19494E-01
  1725    7.88242E-01    9.10020E-01
  1726    7.38058E-01    8.98935E-01
  1727    6.83324E-01    8.86957E-01
  1728    6.27894E-01    8.74174E-01
  1729    5.72918E-01    8.60634E-01
  1730    5.22873E-01    8.46404E-01
  1731    4.76320E-01    8.31541E-01
  1732    4.35165E-01    8.16297E-01
  1733    3.98000E-01    8.00892E-01
  1734    3.65931E-01    7.85785E-01
  1735    3.37463E-01    7.71297E-01
  1736    3.13350E-01    7.57478E-01
  1737    2.94244E-01    7.44600E-01
  1738    2.77509E-01    7.32340E-01
  1739    2.63288E-01    7.20211E-01
  1740    2.52220E-01    7.09083E-01
  1741    2.43300E-01    6.99407E-01
  1742    2.35248E-01    6.90954E-01
  1743    2.30196E-01    6.83830E-01
  1744    2.25169E-01    6.78171E-01
  1745    2.20773E-01    6.73982E-01
  1746    2.19653E-01    6.71072E-01
  1747    2.20879E-01    6.69830E-01
  1748    2.23143E-01    6.70389E-01
  1749    2.26399E-01    6.72213E-01
  1750    2.31428E-01    6.75556E-01
  1751    2.37764E-01    6.80459E-01
  1752    2.45793E-01    6.87352E-01
  1753    2.57690E-01    6.96037E-01
  1754    2.71545E-01    7.06406E-01
  1755    2.87800E-01    7.18936E-01
  1756    3.05926E-01    7.33559E-01
  1757    3.28803E-01    7.49888E-01
  1758    3.54778E-01    7.67486E-01
  1759    3.89413E-01    7.86313E-01
  1760    4.27286E-01    8.06099E-01
  1761    4.71666E-01    8.26701E-01
  1762    5.22114E-01    8.47569E-01
  1763    5.81197E-01    8.68003E-01
  1764    6.42096E-01    8.87736E-01
  1765    7.05802E-01    9.05730E-01
  1766    7.64376E-01    9.21203E-01
  1767    8.15528E-01    9.33333E-01
  1768    8.51118E-01    9.40699E-01
  1769    8.66202E-01    9.42705E-01
  1770    8.58344E-01    9.38408E-01
  1771    8.29196E-01    9.27907E-01
  1772    7.79858E-01    9.11458E-01
  1773    7.14916E-01    8.88611E-01
  1774    6.45150E-01    8.59443E-01
  1775    5.71101E-01    8.25261E-01
  1776    5.03670E-01    7.88260E-01
  1777    4.39566E-01    7.47944E-01
  1778    3.83345E-01    7.04903E-01
  1779    3.33429E-01    6.62660E-01
  1780    2.93774E-01    6.21128E-01
  1781    2.57152E-01    5.79142E-01
  1782    2.30301E-01    5.38047E-01
  1783    2.06865E-01    4.99851E-01
  1784    1.87438E-01    4.64429E-01
  1785    1.68727E-01    4.31086E-01
  1786    1.56110E-01    4.00333E-01
  1787    1.45040E-01    3.71872E-01
  1788    1.36903E-01    3.45869E-01
  1789    1.28282E-01    3.23282E-01
  1790    1.22872E-01    3.02398E-01
  1791    1.19660E-01    2.82930E-01
  1792    1.14500E-01    2.65660E-01
  1793    1.10970E-01    2.50071E-01
  1794    1.08982E-01    2.36309E-01
  1795    1.10179E-01    2.24363E-01
  1796    1.11551E-01    2.14419E-01
  1797    1.13771E-01    2.04702E-01
  1798    1.16638E-01    1.94948E-01
  1799    1.22725E-01    1.87099E-01
  1800    1.29117E-01    1.80163E-01
  1801    1.37853E-01    1.74272E-01
  1802    1.47414E-01    1.68954E-01
  1803    1.62605E-01    1.64225E-01
  1804    1.86660E-01    1.61508E-01
  1805    2.21842E-01    1.58298E-01
  1806    2.63535E-01    1.54452E-01
  1807    3.23572E-01    1.52276E-01
  1808    4.00020E-01    1.50757E-01
  1809    4.92999E-01    1.49341E-01
  1810    5.84836E-01    1.48573E-01
  1811    6.56707E-01    1.48535E-01
  1812    6.85257E-01    1.49286E-01
  1813    6.66132E-01    1.50699E-01
  1814    6.03472E-01    1.51863E-01
  1815    4.95099E-01    1.53890E-01
  1816    3.86636E-01    1.57281E-01
  1817    2.99904E-01    1.59668E-01
  1818    2.30529E-01    1.63044E-01
  1819    1.71507E-01    1.67701E-01
  1820    1.21465E-01    1.72865E-01
  1821    8.62562E-02    1.79549E-01
  1822    6.21994E-02    1.86746E-01
  1823    4.67741E-02    1.94907E-01
  1824    3.58556E-02    2.05353E-01
  1825    2.70579E-02    2.17844E-01
  1826    2.34444E-02    2.31743E-01
  1827    1.93919E-02    2.46866E-01
  1828    1.42033E-02    2.61637E-01
  1829    7.85585E-03    2.79193E-01
  1830    8.21875E-03    3.01509E-01
  1831    8.74963E-03    3.28638E-01
  1832    7.47620E-03    3.58477E-01
  1833    6.55516E-03    3.92220E-01
  1834    6.17319E-03    4.30743E-01
  1835    5.34659E-03    4.74207E-01
  1836    4.02113E-03    5.21552E-01
  1837    2.97163E-03    5.71416E-01
  1838    2.43830E-03    6.22562E-01
  1839    2.25075E-03    6.74985E-01
  1840    2.19382E-03    7.30534E-01
  1841    2.05069E-03    7.86812E-01
  1842    1.90002E-03    8.36628E-01
  1843    1.65965E-03    8.73537E-01
  1844    1.40498E-03    8.96159E-01
  1845    1.26669E-03    9.04539E-01
  1846    1.17870E-03    8.98036E-01
  1847    1.05196E-03    8.77083E-01
  1848    8.96656E-04    8.47931E-01
  1849    8.10063E-04    8.12463E-01
  1850    7.29099E-04    7.70934E-01
  1851    6.78346E-04    7.21230E-01
  1852    6.58080E-04    6.63848E-01
  1853    6.53733E-04    6.04544E-01
  1854    6.37262E-04    5.52298E-01
  1855    5.87957E-04    5.11552E-01
  1856    5.37690E-04    4.75665E-01
  1857    4.91077E-04    4.41220E-01
  1858    4.35744E-04    4.08074E-01
  1859    4.05413E-04    3.77878E-01
  1860    3.97424E-04    3.52324E-01
  1861    3.57569E-04    3.30875E-01
  1862    3.27736E-04    3.12462E-01
  1863    3.19224E-04    2.96838E-01
  1864    2.74600E-04    2.84112E-01
  1865    2.49245E-04    2.72273E-01
  1866    2.65447E-04    2.61307E-01
  1867    2.61092E-04    2.53686E-01
  1868    2.35498E-04    2.48686E-01
  1869    2.35615E-04    2.44003E-01
  1870    2.19933E-04    2.40572E-01
  1871    2.12296E-04    2.39518E-01
  1872    2.09629E-04    2.39903E-01
  1873    1.98636E-04    2.41087E-01
  1874    1.87005E-04    2.43865E-01
  1875    1.78413E-04    2.48904E-01
  1876    1.68472E-04    2.56054E-01
  1877    1.59365E-04    2.64956E-01
  1878    1.63182E-04    2.75347E-01
  1879    1.65314E-04    2.88273E-01
  1880    1.73590E-04    3.04591E-01
  1881    1.56533E-04    3.23676E-01
  1882    1.21246E-04    3.45669E-01
  1883    1.00101E-04    3.71069E-01
  1884    9.03827E-05    4.00271E-01
  1885    7.57633E-05    4.33236E-01
  1886    7.54677E-05    4.72784E-01
  1887    9.96179E-05    5.19205E-01
  1888    1.20018E-04    5.71615E-01
  1889    1.31037E-04    6.28751E-01
  1890    1.32104E-04    6.86900E-01
  1891    1.20660E-04    7.41454E-01
  1892    1.27169E-04    7.87733E-01
  1893    1.25282E-04    8.23142E-01
  1894    1.06950E-04    8.44749E-01
  1895    1.03267E-04    8.50164E-01
  1896    1.15048E-04    8.37470E-01
  1897    9.38952E-05    8.05326E-01
  1898    7.77617E-05    7.57441E-01
  1899    6.31799E-05    7.02161E-01
  1900    5.46464E-05    6.42917E-01
  1901    4.67824E-05    5.82229E-01
  1902    6.57438E-05    5.21301E-01
  1903    8.19485E-05    4.60635E-01
  1904    9.32813E-05    4.02134E-01
  1905    9.52126E-05    3.49241E-01
  1906    1.05742E-04    3.05365E-01
  1907    1.05573E-04    2.69966E-01
  1908    1.02171E-04    2.40420E-01
  1909    8.26767E-05    2.14836E-01
  1910    6.97782E-05    1.90726E-01
  1911    7.81005E-05    1.69383E-01
  1912    8.28128E-05    1.53195E-01
  1913    6.84600E-05    1.40347E-01
  1914    7.66074E-05    1.30049E-01
  1915    9.21801E-05    1.21289E-01
  1916    6.92648E-05    1.13211E-01
  1917    5.17681E-05    1.06090E-01
  1918    6.02424E-05    1.00853E-01
  1919    6.39181E-05    9.70813E-02
  1920    6.99391E-05    9.37090E-02
  1921    7.90657E-05    9.02372E-02
  1922    9.01117E-05    8.77753E-02
  1923    8.67222E-05    8.75936E-02
  1924    8.01337E-05    8.82726E-02
  1925    7.37187E-05    8.79466E-02
  1926    7.03942E-05    8.81629E-02
  1927    5.88959E-05    8.97019E-02
  1928    7.02978E-05    9.17795E-02
  1929    9.53037E-05    9.57731E-02
  1930    9.91208E-05    1.01821E-01
  1931    9.42354E-05    1.09108E-01
  1932    9.15547E-05    1.18602E-01
  1933    8.43925E-05    1.32069E-01
  1934    7.80668E-05    1.50449E-01
  1935    7.60292E-05    1.73843E-01
  1936    7.06433E-05    2.03559E-01
  1937    6.73115E-05    2.43974E-01
  1938    7.57911E-05    2.98937E-01
  1939    7.77133E-05    3.65274E-01
  1940    9.04760E-05    4.37183E-01
  1941    1.32411E-04    5.07860E-01
  1942    1.41551E-04    5.64640E-01
  1943    1.22950E-04    5.93948E-01
  1944    1.24736E-04    5.89637E-01
  1945    1.09588E-04    5.51776E-01
  1946    9.23136E-05    4.87792E-01
  1947    1.14940E-04    4.11840E-01
  1948    1.29285E-04    3.33411E-01
  1949    1.25275E-04    2.60398E-01
  1950    1.29349E-04    1.99225E-01
  1951    1.23862E-04    1.49659E-01
  1952    1.17965E-04    1.10797E-01
  1953    1.26403E-04    8.19622E-02
  1954    1.29421E-04    6.03569E-02
  1955    1.25639E-04    4.45280E-02
  1956    1.16690E-04    3.40575E-02
  1957    1.11766E-04    2.68878E-02
  1958    1.19240E-04    2.11257E-02
  1959    1.42832E-04    1.65793E-02
  1960    1.71098E-04    1.32994E-02
  1961    1.92375E-04    1.14721E-02
  1962    1.98597E-04    1.01134E-02
  1963    1.97829E-04    8.50765E-03
  1964    1.93463E-04    6.82704E-03
  1965    1.95527E-04    5.51185E-03
  1966    2.05162E-04    4.83498E-03
  1967    2.09651E-04    4.17784E-03
  1968    2.06337E-04    3.56197E-03
  1969    2.03498E-04    3.01640E-03
  1970    2.05826E-04    2.59199E-03
  1971    2.17567E-04    2.29167E-03
  1972    2.35705E-04    2.00880E-03
  1973    2.67461E-04    1.77813E-03
  1974    3.03194E-04    1.64056E-03
  1975    3.18347E-04    1.48448E-03
  1976    3.17263E-04    1.30126E-03
  1977    3.32238E-04    1.16574E-03
  1978    3.44109E-04    1.05732E-03
  1979    3.40236E-04    9.41286E-04
  1980    3.63299E-04    8.39600E-04
  1981    4.06682E-04    7.64874E-04
  1982    4.16219E-04    7.18346E-04
  1983    4.27427E-04    6.92117E-04
  1984    4.59223E-04    6.67977E-04
  1985    4.84426E-04    6.34701E-04
  1986    5.18973E-04    5.88492E-04
  1987    5.81683E-04    5.25508E-04
  1988    6.36869E-04    4.70345E-04
  1989    6.83367E-04    4.39808E-04
  1990    7.10153E-04    4.12661E-04
  1991    7.13234E-04    3.81475E-04
  1992    7.26203E-04    3.63351E-04
  1993    7.80941E-04    3.41081E-04
  1994    8.78850E-04    3.05736E-04
  1995    9.91082E-04    2.89447E-04
  1996    1.06843E-03    2.87964E-04
  1997    1.12715E-03    2.72900E-04
  1998    1.17491E-03    2.68106E-04
  1999    1.23214E-03    2.74731E-04
  2000    1.32156E-03    2.60078E-04
  2001    1.50487E-03    2.31390E-04
  2002    1.67992E-03    2.01726E-04
  2003    1.79717E-03    1.67300E-04
  2004    1.95735E-03    1.50245E-04
  2005    1.87886E-03    1.60954E-04
  2006    2.49095E-03    1.73531E-04
  2007    3.33015E-03    1.83436E-04
  2008    2.97673E-03    1.87913E-04
  2009    1.68111E-03    1.75783E-04
  2010    1.37249E-03    1.61364E-04
  2011    1.36443E-03    1.48724E-04
  2012    4.26999E-03    1.38651E-04
  2013    5.99536E-03    1.40537E-04
  2014    3.93565E-03    1.38745E-04
  2015    2.11499E-03    1.22410E-04
  2016    1.93489E-03    1.08559E-04
  2017    3.67592E-03    1.05945E-04
  2018    6.08242E-03    1.12038E-04
  2019    7.52647E-03    1.15569E-04
  2020    8.01628E-03    1.13955E-04
  2021    9.24330E-03    1.20351E-04
  2022    8.37778E-03    1.31088E-04
  2023    9.76421E-03    1.17522E-04
  2024    1.17932E-02    9.99435E-05
  2025    1.09130E-02    1.06293E-04
  2026    1.14365E-02    1.12835E-04
  2027    1.33528E-02    1.06777E-04
  2028    1.62341E-02    1.05767E-04
  2029    1.99077E-02    1.09248E-04
  2030    2.04618E-02    1.00565E-04
  2031    2.16573E-02    9.05053E-05
  2032    2.63537E-02    7.91398E-05
  2033    3.03115E-02    6.87706E-05
  2034    3.50999E-02    6.02755E-05
  2035    4.18739E-02    6.36891E-05
  2036    4.91499E-02    7.44052E-05
  2037    5.78377E-02    6.66013E-05
  2038    6.68153E-02    5.43762E-05
  2039    7.59937E-02    5.11595E-05
  2040    8.80554E-02    4.39638E-05
  2041    1.03064E-01    3.52806E-05
  2042    1.24344E-01    5.02515E-05
  2043    1.48857E-01    7.61673E-05
  2044    1.75510E-01    9.07889E-05
  2045    2.05888E-01    9.26795E-05
  2046    2.43723E-01    8.60079E-05
  2047    2.86407E-01    6.99932E-05
  2048    3.35847E-01    5.53843E-05
  2049    3.90661E-01    4.81418E-05
  2050    4.53013E-01    4.41164E-05
  2051    5.16802E-01    5.61239E-05
  2052    5.86203E-01    6.70859E-05
  2053    6.53916E-01    7.23067E-05
  2054    7.20346E-01    7.79408E-05
  2055    7.81417E-01    6.64166E-05
  2056    8.36755E-01    5.54181E-05
  2057    8.81383E-01    7.21233E-05
  2058    9.17377E-01    7.81033E-05
  2059    9.43051E-01    7.61257E-05
  2060    9.60107E-01    1.00367E-04
  2061    9.69837E-01    1.01407E-04
  2062    9.73290E-01    7.83132E-05
  2063    9.71649E-01    8.56211E-05
  2064    9.65694E-01    7.94717E-05
  2065    9.58669E-01    4.08566E-05
  2066    9.50895E-01    3.67818E-05
  2067    9.44261E-01    5.85717E-05
  2068    9.37611E-01    7.30590E-05
  2069    9.32328E-01    8.96191E-05
  2070    9.28273E-01    9.32256E-05
  2071    9.25695E-01    8.18902E-05
  2072    9.25125E-01    8.21927E-05
  2073    9.25255E-01    5.85862E-05
  2074    9.26518E-01    4.83221E-05
  2075    9.29321E-01    1.01515E-04
  2076    9.33072E-01    1.18689E-04
  2077    9.37076E-01    7.70461E-05
  2078    9.42082E-01    7.38799E-05
  2079    9.47025E-01    8.20716E-05
  2080    9.51868E-01    5.79655E-05
  2081    9.57267E-01    7.33656E-05
  2082    9.63070E-01    1.12187E-04
  2083    9.67130E-01    1.06893E-04
  2084    9.70203E-01    9.53105E-05
  2085    9.72767E-01    9.73051E-05
  2086    9.74880E-01    8.59279E-05
  2087    9.77044E-01    8.70929E-05
  2088    9.78059E-01    9.76285E-05
  2089    9.78765E-01    7.77266E-05
  2090    9.78670E-01    6.74833E-05
  2091    9.78238E-01    8.25866E-05
  2092    9.76683E-01    8.22931E-05
  2093    9.75524E-01    8.97111E-05
  2094    9.72928E-01    1.11843E-04
  2095    9.71392E-01    1.29452E-04
  2096    9.69789E-01    1.32117E-04
  2097    9.68554E-01    1.28094E-04
  2098    9.67128E-01    1.39538E-04
  2099    9.65829E-01    1.52669E-04
  2100    9.65632E-01    1.22112E-04
  2101    9.64171E-01    8.87528E-05
  2102    9.63553E-01    9.38259E-05
  2103    9.64035E-01    8.45008E-05
  2104    9.64135E-01    8.92079E-05
  2105    9.65009E-01    1.35157E-04
  2106    9.65359E-01    1.63118E-04
  2107    9.65007E-01    1.68072E-04
  2108    9.66250E-01    1.91985E-04
  2109    9.67166E-01    1.96197E-04
  2110    9.68461E-01    1.83874E-04
  2111    9.69727E-01    1.93290E-04
  2112    9.70340E-01    1.94861E-04
  2113    9.70553E-01    2.03209E-04
  2114    9.69665E-01    2.33715E-04
  2115    9.69063E-01    2.42355E-04
  2116    9.68099E-01    2.23026E-04
  2117    9.66171E-01    2.14433E-04
  2118    9.63816E-01    1.76849E-04
  2119    9.61238E-01    1.47491E-04
  2120    9.58712E-01    2.15402E-04
  2121    9.55158E-01    2.65874E-04
  2122    9.50851E-01    2.86451E-04
  2123    9.46564E-01    3.42391E-04
  2124    9.42146E-01    3.54369E-04
  2125    9.38177E-01    2.94744E-04
  2126    9.34093E-01    2.99236E-04
  2127    9.30735E-01    3.17686E-04
  2128    9.27742E-01    3.16512E-04
  2129    9.25270E-01    3.92246E-04
  2130    9.24048E-01    4.59725E-04
  2131    9.23490E-01    4.91989E-04
  2132    9.25050E-01    5.22866E-04
  2133    9.27209E-01    5.32370E-04
  2134    9.31159E-01    5.43537E-04
  2135    9.35903E-01    6.00686E-04
  2136    9.42354E-01    6.38290E-04
  2137    9.49291E-01    6.71331E-04
  2138    9.57079E-01    7.39586E-04
  2139    9.63760E-01    7.93287E-04
  2140    9.69112E-01    8.27560E-04
  2141    9.72799E-01    8.69477E-04
  2142    9.73786E-01    9.31199E-04
  2143    9.71033E-01    9.89108E-04
  2144    9.61525E-01    1.05056E-03
  2145    9.44747E-01    1.13132E-03
  2146    9.18519E-01    1.23434E-03
  2147    8.87568E-01    1.31970E-03
  2148    8.45125E-01    1.41353E-03
  2149    7.97007E-01    1.50784E-03
  2150    7.40978E-01    1.61812E-03
  2151    6.81664E-01    1.76444E-03
  2152    6.19633E-01    2.75463E-03
  2153    5.57395E-01    3.43583E-03
  2154    4.95644E-01    2.25176E-03
  2155    4.36336E-01    2.20136E-03
  2156    3.80506E-01    1.71764E-03
  2157    3.32212E-01    1.82397E-03
  2158    2.87357E-01    2.93550E-03
  2159    2.47731E-01    2.87498E-03
  2160    2.13868E-01    3.82665E-03
  2161    1.81980E-01    3.96327E-03
  2162    1.53700E-01    3.43858E-03
  2163    1.31769E-01    2.78724E-03
  2164    1.14415E-01    2.71101E-03
  2165    9.83901E-02    3.70963E-03
  2166    8.49296E-02    3.95087E-03
  2167    7.37916E-02    4.42593E-03
  2168    6.29239E-02    6.10826E-03
  2169    5.57983E-02    6.54554E-03
  2170    4.81895E-02    6.94461E-03
  2171    4.17003E-02    8.52052E-03
  2172    3.53373E-02    9.96164E-03
  2173    3.08128E-02    1.09680E-02
  2174    2.67751E-02    1.20141E-02
  2175    2.41214E-02    1.38888E-02
  2176    2.22966E-02    1.57054E-02
  2177    1.86606E-02    1.73223E-02
  2178    1.56472E-02    1.96437E-02
  2179    1.45879E-02    2.20992E-02
  2180    1.40474E-02    2.48008E-02
  2181    1.40364E-02    2.73095E-02
  2182    1.30844E-02    3.04445E-02
  2183    9.72416E-03    3.49034E-02
  2184    7.36857E-03    4.13646E-02
  2185    8.79406E-03    4.97761E-02
  2186    9.79020E-03    5.76158E-02
  2187    7.24738E-03    6.56729E-02
  2188    6.70272E-03    7.62647E-02
  2189    5.46089E-03    8.85945E-02
  2190    4.48213E-03    1.02832E-01
  2191    4.92924E-03    1.20010E-01
  2192    4.81715E-03    1.41018E-01
  2193    3.39066E-03    1.66706E-01
  2194    2.82812E-03    1.96014E-01
  2195    2.63597E-03    2.28422E-01
  2196    2.42526E-03    2.65845E-01
  2197    2.20564E-03    3.08995E-01
  2198    2.05647E-03    3.56775E-01
  2199    1.95889E-03    4.09095E-01
  2200    1.77658E-03    4.66545E-01
  2201    1.59378E-03    5.25595E-01
  2202    1.47197E-03    5.85371E-01
  2203    1.38920E-03    6.44653E-01
  2204    1.23622E-03    7.01092E-01
  2205    1.17555E-03    7.54127E-01
  2206    1.15610E-03    8.02541E-01
  2207    1.12672E-03    8.44551E-01
  2208    1.05424E-03    8.78924E-01
  2209    1.05792E-03    9.05742E-01
  2210    9.95069E-04    9.25268E-01
  2211    8.94374E-04    9.38490E-01
  2212    8.17307E-04    9.46382E-01
  2213    7.69877E-04    9.49713E-01
  2214    7.13418E-04    9.49208E-01
  2215    6.78266E-04    9.46185E-01
  2216    6.34414E-04    9.41379E-01
  2217    5.68021E-04    9.35899E-01
  2218    4.71526E-04    9.30484E-01
  2219    4.29196E-04    9.25308E-01
  2220    4.42744E-04    9.20872E-01
  2221    4.86772E-04    9.17739E-01
  2222    5.37619E-04    9.15679E-01
  2223    5.57567E-04    9.14656E-01
  2224    5.05727E-04    9.14671E-01
  2225    4.47682E-04    9.15811E-01
  2226    3.68257E-04    9.18150E-01
  2227    3.37393E-04    9.21244E-01
  2228    3.49363E-04    9.24823E-01
  2229    3.42841E-04    9.28821E-01
  2230    3.04102E-04    9.33292E-01
  2231    3.02309E-04    9.38122E-01
  2232    2.86427E-04    9.42906E-01
  2233    2.58004E-04    9.47547E-01
  2234    2.38197E-04    9.52049E-01
  2235    2.71984E-04    9.56389E-01
  2236    3.04973E-04    9.59964E-01
  2237    2.82033E-04    9.62862E-01
  2238    2.50461E-04    9.65265E-01
  2239    2.10513E-04    9.66847E-01
  2240    1.63162E-04    9.68053E-01
  2241    1.44690E-04    9.68755E-01
  2242    1.54859E-04    9.68903E-01
  2243    1.97969E-04    9.68689E-01
  2244    2.32495E-04    9.67934E-01
  2245    2.23033E-04    9.66901E-01
  2246    2.19847E-04    9.65875E-01
  2247    2.28273E-04    9.64647E-01
  2248    1.87188E-04    9.63014E-01
  2249    1.46471E-04    9.61134E-01
  2250    1.49486E-04    9.59590E-01
  2251    1.48918E-04    9.58401E-01
  2252    1.38659E-04    9.57061E-01
  2253    1.24480E-04    9.56016E-01
  2254    1.32020E-04    9.55598E-01
  2255    1.49859E-04    9.55310E-01
  2256    1.28408E-04    9.55224E-01
  2257    9.03967E-05    9.55526E-01
  2258    7.92283E-05    9.55673E-01
  2259    9.14595E-05    9.56010E-01
  2260    9.45249E-05    9.56974E-01
  2261    1.04894E-04    9.57983E-01
  2262    1.11400E-04    9.58992E-01
  2263    1.22607E-04    9.60130E-01
  2264    1.47257E-04    9.61185E-01
  2265    1.40299E-04    9.62068E-01
  2266    1.28100E-04    9.62446E-01
  2267    1.17572E-04    9.62673E-01
  2268    1.04825E-04    9.63048E-01
  2269    7.83993E-05    9.62823E-01
  2270    6.56307E-05    9.61906E-01
  2271    4.05671E-05    9.60565E-01
  2272    1.65003E-05    9.59023E-01
  2273    3.99549E-05    9.57079E-01
  2274    7.66155E-05    9.54400E-01
  2275    7.80139E-05    9.51518E-01
  2276    9.69760E-05    9.48588E-01
  2277    1.84301E-04    9.45412E-01
  2278    1.82326E-04    9.42179E-01
  2279    1.16613E-04    9.39031E-01
  2280    9.01793E-05    9.35929E-01
  2281    6.31556E-05    9.32980E-01
  2282   -3.78124E-06    9.30347E-01
  2283    1.06875E-06    9.28288E-01
  2284    6.17136E-05    9.27150E-01
  2285    7.45409E-05    9.26654E-01
  2286    6.33998E-05    9.26577E-01
  2287    7.94331E-05    9.27238E-01
  2288    9.26228E-05    9.28829E-01
  2289    4.25395E-05    9.31832E-01
  2290    3.52676E-05    9.36090E-01
  2291    7.85119E-05    9.40778E-01
  2292    6.13861E-05    9.45724E-01
  2293    2.72763E-05    9.51011E-01
  2294    7.53675E-05    9.56119E-01
  2295    9.73510E-05    9.60393E-01
  2296    6.11734E-05    9.63463E-01
  2297    4.81569E-05    9.63986E-01
  2298    4.72610E-05    9.61081E-01
  2299    4.12254E-05    9.54301E-01
  2300    5.69664E-05    9.42282E-01
  2301    5.85332E-05    9.24451E-01
  2302    3.54116E-05    9.00485E-01
  2303    5.15185E-05    8.69986E-01
  2304    4.74722E-05    8.32932E-01
  2305   -1.29405E-05    7.89774E-01
  2306   -1.39665E-06    7.41841E-01
  2307    6.80531E-05    6.90583E-01
  2308    5.69841E-05    6.36447E-01
  2309    3.41279E-05    5.80792E-01
  2310    7.36846E-05    5.25069E-01
  2311    8.31230E-05    4.70288E-01
  2312    7.19930E-05    4.18011E-01
  2313    6.85678E-05    3.69355E-01
  2314    5.27098E-05    3.24923E-01
  2315    6.81038E-05    2.84001E-01
  2316    7.01232E-05    2.47487E-01
  2317    6.63077E-05    2.16103E-01
  2318    3.62143E-05    1.87920E-01
  2319    6.51002E-06    1.62613E-01
  2320   -3.58836E-05    1.40905E-01
  2321   -2.85444E-05    1.22323E-01
  2322    1.32993E-05    1.06271E-01
  2323    8.21716E-05    9.23976E-02
  2324    1.27141E-04    8.06421E-02
  2325    1.11122E-04    7.00103E-02
  2326    9.79595E-05    6.13944E-02
  2327    9.29191E-05    5.39997E-02
  2328    5.55016E-05    4.75088E-02
  2329    4.91731E-05    4.23815E-02
  2330    1.02874E-04    3.67275E-02
  2331    1.18407E-04    3.15934E-02
  2332    7.54406E-05    2.81474E-02
  2333    9.44415E-05    2.58648E-02
  2334    1.14271E-04    2.42744E-02
  2335    8.86361E-05    2.25516E-02
  2336    3.54898E-05    2.05835E-02
  2337    5.10578E-05    1.79734E-02
  2338    8.67700E-05    1.48324E-02
  2339    5.77238E-05    1.27308E-02
  2340    6.60320E-05    1.22851E-02
  2341    7.20551E-05    1.22592E-02
  2342    3.40240E-05    1.06364E-02
  2343   -3.27613E-05    8.89688E-03
  2344    2.42669E-06    7.17196E-03
  2345    3.65813E-05    5.68228E-03
  2346    6.87026E-05    5.22982E-03
  2347    5.24827E-05    4.72493E-03
  2348    5.65857E-05    4.31142E-03
  2349    4.03983E-05    3.96799E-03
  2350    1.23560E-05    3.56994E-03
  2351    5.02494E-05    3.22135E-03
  2352    6.34112E-05    3.03972E-03
  2353    6.11260E-05    2.86281E-03
  2354    8.77624E-05    2.60791E-03
  2355    1.00218E-04    2.43149E-03
  2356    5.09331E-05    2.29161E-03
  2357    6.45082E-05    2.07787E-03
  2358    9.10564E-05    1.90738E-03
  2359    4.74972E-05    1.80119E-03
  2360    2.53935E-05    1.63793E-03
  2361    5.15007E-05    1.49738E-03
  2362    1.11694E-04    1.45143E-03
  2363    7.35881E-05    1.39331E-03
  2364    7.59058E-05    1.35704E-03
  2365    8.48522E-05    1.34830E-03
  2366    7.72650E-05    1.28592E-03
  2367    3.63335E-05    1.21978E-03
  2368    5.77215E-05    1.14190E-03
  2369    1.42008E-04    1.00489E-03
  2370    1.54228E-04    9.16014E-04
  2371    1.40204E-04    8.87919E-04
  2372    1.29567E-04    8.11833E-04
  2373    1.11394E-04    8.00543E-04
  2374    1.02821E-04    8.10098E-04
  2375    8.75040E-05    7.54869E-04
  2376    9.13099E-05    6.96380E-04
  2377    1.38143E-04    6.34097E-04
  2378    1.63896E-04    5.73267E-04
  2379    7.27838E-05    5.19174E-04
  2380    1.17048E-04    5.21323E-04
  2381    9.96993E-05    5.92688E-04
  2382    7.05809E-05    6.13391E-04
  2383    1.64051E-04    5.39034E-04
  2384    2.16956E-04    5.10933E-04
  2385    1.85298E-04    4.89944E-04
  2386    2.32014E-04    4.25681E-04
  2387    2.24106E-04    3.94252E-04
  2388    1.59635E-04    4.00575E-04
  2389    9.46333E-05    3.97389E-04
  2390    6.70271E-05    3.35493E-04
  2391    3.78531E-05    2.73151E-04
  2392    4.35011E-05    2.69623E-04
  2393   -3.82499E-06    2.68745E-04
  2394    6.23463E-05    2.70312E-04
  2395    5.69954E-05    3.18552E-04
  2396    3.90155E-05    3.67988E-04
  2397    7.19452E-05    3.63510E-04
  2398    1.83991E-04    3.09248E-04
  2399    1.71099E-04    2.83018E-04
  2400    1.43424E-04    2.55360E-04
  2401    1.91060E-04    2.06048E-04
  2402    2.59347E-04    2.18670E-04
  2403    1.93418E-04    2.42337E-04
  2404    2.36499E-04    1.93994E-04
  2405    2.93698E-04    1.61530E-04
  2406    2.71564E-04    9.50926E-05
  2407    1.45645E-04    2.07852E-05
  2408    1.33047E-04    4.79268E-05
  2409    1.17999E-04    9.03209E-05
  2410    1.53865E-04    1.07177E-04
  2411    1.67910E-04    1.37649E-04
  2412    2.52834E-04    1.87191E-04
  2413    2.83439E-04    2.14997E-04
  2414    3.29590E-04    1.94051E-04
  2415    3.21174E-04    2.26416E-04
  2416    3.61364E-04    2.42078E-04
  2417    3.76553E-04    1.93933E-04
  2418    3.68094E-04    1.17870E-04
  2419    3.48612E-04    7.18091E-05
  2420    3.69524E-04    5.50744E-05
  2421    4.30532E-04    6.76002E-05
  2422    3.55803E-04    7.79731E-05
  2423    3.88539E-04    1.03152E-04
  2424    3.71194E-04    1.68244E-04
  2425    3.89880E-04    1.75326E-04
  2426    3.86852E-04    1.87144E-04
  2427    4.37048E-04    1.82004E-04
  2428    3.68111E-04    1.46071E-04
  2429    4.37216E-04    1.39623E-04
  2430    4.61138E-04    1.29775E-04
  2431    4.13209E-04    9.96687E-05
  2432    6.04541E-04    1.40453E-04
  2433    8.07099E-04    1.57571E-04
  2434    8.10876E-04    1.32132E-04
  2435    7.74567E-04    1.35066E-04
  2436    8.14987E-04    1.29123E-04
  2437    6.55974E-04    9.02709E-05
  2438    6.20669E-04    6.93416E-05
  2439    6.21653E-04    3.19654E-05
  2440    7.36061E-04   -3.90492E-05
  2441    8.45118E-04   -6.85623E-06
  2442    9.66327E-04    3.13637E-05
  2443    1.05210E-03    7.00321E-05
  2444    1.08407E-03    1.47812E-04
  2445    1.10362E-03    1.87579E-04
  2446    1.17818E-03    1.70570E-04
  2447    1.23616E-03    1.88162E-04
  2448    1.30464E-03    1.82974E-04
  2449    1.49918E-03    1.13092E-04
  2450    1.62548E-03    5.81754E-05
  2451    1.58843E-03   -4.41286E-06
  2452    1.62384E-03   -7.36217E-05
  2453    1.65750E-03   -7.79381E-05
  2454    1.73509E-03   -1.45106E-05
  2455    1.85147E-03    3.76363E-06
  2456    2.07021E-03    3.47631E-06
  2457    2.25803E-03    4.95804E-05
  2458    2.51947E-03    9.48490E-05
  2459    2.23013E-03    4.60584E-05
  2460    3.86501E-03    5.85107E-05
  2461    2.67281E-03    1.56999E-04
  2462    1.54794E-03    1.45294E-04
  2463    3.10557E-03    6.67865E-05
  2464    2.77431E-03    7.12400E-05
  2465    3.25596E-03    6.52679E-05
  2466    3.84874E-03    1.76693E-05
  2467    3.39026E-03    1.58342E-05
  2468    1.46025E-03    3.27518E-05
  2469    3.02872E-03    5.02274E-05
  2470    5.24801E-03    7.49302E-05
  2471    4.81900E-03    1.10681E-04
  2472    5.55588E-03    1.63797E-04
  2473    6.82986E-03    1.76194E-04
  2474    6.88619E-03    1.72497E-04
  2475    8.44060E-03    1.86292E-04
  2476    8.12126E-03    1.01225E-04
  2477    7.15488E-03   -2.27256E-05
  2478    9.76939E-03    2.19954E-06
  2479    1.27241E-02    1.74223E-05
  2480    1.47695E-02   -3.72404E-05
  2481    1.36610E-02    3.53598E-05
  2482    1.38899E-02    1.19284E-04
  2483    1.54826E-02    3.77968E-05
  2484    1.87772E-02   -2.67736E-06
  2485    2.14623E-02    8.44670E-05
  2486    2.45711E-02    1.00468E-04
  2487    2.88228E-02    8.28797E-05
  2488    3.10394E-02    1.01786E-04
  2489    3.42600E-02    8.93984E-05
  2490    4.05423E-02    5.88231E-05
  2491    4.91692E-02    7.55728E-05
  2492    5.70395E-02    9.51143E-05
  2493    6.59708E-02    1.36241E-04
  2494    7.90093E-02    1.99231E-04
  2495    9.38041E-02    1.47774E-04
  2496    1.13441E-01    2.91415E-05
  2497    1.38898E-01    8.96742E-06
  2498    1.71389E-01    5.63293E-05
  2499    2.08308E-01    3.31969E-05
  2500    2.50766E-01    2.43531E-05
  2501    2.98408E-01    9.43428E-05
  2502    3.47797E-01    1.33166E-04
  2503    3.99306E-01    1.12253E-04
  2504    4.49750E-01    1.18342E-04
  2505    4.97644E-01    1.60633E-04
  2506    5.41137E-01    1.46183E-04
  2507    5.75220E-01    8.61055E-05
  2508    5.98062E-01    1.07644E-04
  2509    6.12130E-01    1.75600E-04
  2510    6.15359E-01    1.71783E-04
  2511    6.04752E-01    1.36199E-04
  2512    5.84612E-01    7.96147E-05
  2513    5.56287E-01    5.55563E-06
  2514    5.21251E-01   -3.44010E-05
  2515    4.82789E-01   -5.31700E-05
  2516    4.42314E-01   -2.12067E-05
  2517    4.01751E-01    6.41084E-05
  2518    3.62827E-01    6.42042E-05
  2519    3.27538E-01    1.23601E-04
  2520    2.94915E-01    2.74025E-04
  2521    2.64490E-01    2.76734E-04
  2522    2.39111E-01    2.38045E-04
  2523    2.16538E-01    2.73979E-04
  2524    1.96762E-01    1.76249E-04
  2525    1.79658E-01    9.23516E-06
  2526    1.63743E-01   -5.32944E-05
  2527    1.50042E-01   -8.89867E-05
  2528    1.39124E-01   -1.28011E-04
  2529    1.31275E-01   -1.45090E-04
  2530    1.25089E-01   -7.70338E-05
  2531    1.18452E-01    1.04671E-04
  2532    1.12478E-01    2.44050E-04
  2533    1.08290E-01    2.32451E-04
  2534    1.04796E-01    2.22641E-04
  2535    1.00776E-01    2.09217E-04
  2536    9.72223E-02    5.21102E-05
  2537    9.57900E-02   -8.80747E-05
  2538    9.39700E-02   -4.77258E-05
  2539    9.25699E-02    4.58543E-05
  2540    9.21766E-02    1.42770E-04
  2541    9.09737E-02    2.38964E-04
  2542    8.96322E-02    2.46222E-04
  2543    8.88530E-02    1.77791E-04
  2544    8.91782E-02    8.21990E-05
  2545    8.88262E-02   -1.36141E-05
  2546    8.64850E-02   -6.33877E-05
  2547    8.58973E-02   -6.72867E-05
  2548    8.74945E-02   -4.65007E-05
  2549    8.83142E-02   -4.16497E-05
  2550    8.89792E-02   -4.78348E-05
  2551    8.98973E-02    3.76434E-05
  2552    9.17807E-02    1.39792E-04
  2553    9.30206E-02    8.19707E-05
  2554    9.46720E-02    6.92785E-05
  2555    9.68696E-02    1.74127E-04
  2556    9.83212E-02    1.69892E-04
  2557    1.01502E-01    1.54019E-04
  2558    1.05219E-01    2.68310E-04
  2559    1.07780E-01    2.77987E-04
  2560    1.10690E-01    1.45267E-04
  2561    1.15022E-01    1.70555E-04
  2562    1.19363E-01    2.79420E-04
  2563    1.23617E-01    3.34697E-04
  2564    1.28471E-01    4.41308E-04
  2565    1.32514E-01    5.77163E-04
  2566    1.37494E-01    6.03658E-04
  2567    1.43298E-01    4.92667E-04
  2568    1.48590E-01    2.57338E-04
  2569    1.56011E-01    5.77005E-05
  2570    1.62864E-01   -8.41154E-05
  2571    1.69775E-01   -3.18935E-04
  2572    1.78915E-01   -4.06820E-04
  2573    1.88720E-01   -2.14136E-04
  2574    1.98173E-01   -1.20565E-04
  2575    2.08229E-01   -9.32132E-05
  2576    2.20260E-01    1.25739E-04
  2577    2.34083E-01    2.74048E-04
  2578    2.49092E-01    2.79102E-04
  2579    2.65084E-01    2.95223E-04
  2580    2.83567E-01    2.82850E-04
  2581    3.04284E-01    3.41357E-04
  2582    3.26627E-01    4.63133E-04
  2583    3.50731E-01    3.69825E-04
  2584    3.75667E-01    2.47000E-04
  2585    4.02111E-01    2.79744E-04
  2586    4.29519E-01    1.38958E-04
  2587    4.55840E-01   -1.81442E-06
  2588    4.83802E-01    1.75060E-04
  2589    5.11873E-01    2.92645E-04
  2590    5.40539E-01    1.93734E-04
  2591    5.68685E-01    2.30911E-04
  2592    5.96180E-01    3.09435E-04
  2593    6.23415E-01    3.54428E-04
  2594    6.50222E-01    5.99069E-04
  2595    6.74864E-01    8.21492E-04
  2596    6.98972E-01    6.90800E-04
  2597    7.21557E-01    4.70442E-04
  2598    7.42055E-01    4.19300E-04
  2599    7.59926E-01    3.89884E-04
  2600    7.75571E-01    3.78183E-04
  2601    7.88380E-01    4.20596E-04
  2602    7.97948E-01    4.34790E-04
  2603    8.03457E-01    4.58018E-04
  2604    8.05876E-01    4.29261E-04
  2605    8.04625E-01    3.33259E-04
  2606    7.99323E-01    4.35849E-04
  2607    7.91497E-01    6.52933E-04
  2608    7.81174E-01    7.41433E-04
  2609    7.67111E-01    8.01618E-04
  2610    7.50343E-01    9.19671E-04
  2611    7.32611E-01    9.46465E-04
  2612    7.13374E-01    8.91075E-04
  2613    6.92363E-01    7.92398E-04
  2614    6.70460E-01    8.64377E-04
  2615    6.48020E-01    1.10951E-03
  2616    6.25400E-01    1.30708E-03
  2617    6.01555E-01    1.47320E-03
  2618    5.77417E-01    1.64043E-03
  2619    5.54301E-01    1.60214E-03
  2620    5.31787E-01    1.50750E-03
  2621    5.09718E-01    1.66398E-03
  2622    4.88381E-01    1.95205E-03
  2623    4.68650E-01    2.07690E-03
  2624    4.49133E-01    2.29211E-03
  2625    4.30688E-01    2.50121E-03
  2626    4.13176E-01    2.60328E-03
  2627    3.96763E-01    2.91053E-03
  2628    3.80401E-01    3.11543E-03
  2629    3.65232E-01    2.94890E-03
  2630    3.51504E-01    2.95481E-03
  2631    3.39797E-01    3.16922E-03
  2632    3.29933E-01    3.12289E-03
  2633    3.21691E-01    3.44253E-03
  2634    3.15833E-01    4.16303E-03
  2635    3.10319E-01    4.63846E-03
  2636    3.05007E-01    4.93208E-03
  2637    3.00544E-01    5.25292E-03
  2638    2.97330E-01    5.45505E-03
  2639    2.94241E-01    5.68309E-03
  2640    2.90518E-01    6.01138E-03
  2641    2.86274E-01    6.30450E-03
  2642    2.83081E-01    6.67506E-03
  2643    2.79409E-01    6.99735E-03
  2644    2.77256E-01    7.41512E-03
  2645    2.73445E-01    6.67714E-03
  2646    2.69228E-01    6.20278E-03
  2647    2.68736E-01    7.52814E-03
  2648    2.65600E-01    9.23069E-03
  2649    2.64666E-01    1.02468E-02
  2650    2.62477E-01    9.88856E-03
  2651    2.62309E-01    1.06750E-02
  2652    2.60546E-01    1.19456E-02
  2653    2.58929E-01    1.28091E-02
  2654    2.59216E-01    1.40952E-02
  2655    2.59798E-01    1.46969E-02
  2656    2.59315E-01    1.53068E-02
  2657    2.60623E-01    1.69979E-02
  2658    2.61854E-01    1.85691E-02
  2659    2.62494E-01    2.00688E-02
  2660    2.62636E-01    2.18246E-02
  2661    2.65137E-01    2.40896E-02
  2662    2.73353E-01    2.82908E-02
  2663    2.74972E-01    3.15951E-02
  2664    2.79921E-01    3.59192E-02
  2665    2.82701E-01    4.29171E-02
  2666    2.89334E-01    4.96602E-02
  2667    2.90875E-01    5.61399E-02
  2668    2.99743E-01    6.38001E-02
  2669    3.02152E-01    7.65006E-02
  2670    3.10177E-01    9.09621E-02
  2671    3.19037E-01    1.08319E-01
  2672    3.22907E-01    1.31951E-01
  2673    3.35066E-01    1.56642E-01
  2674    3.34825E-01    1.81655E-01
  2675    3.26309E-01    2.06468E-01
  2676    3.45786E-01    2.37011E-01
  2677    3.57904E-01    2.73148E-01
  2678    3.57718E-01    3.10030E-01
  2679    3.61413E-01    3.46705E-01
  2680    3.63147E-01    3.80386E-01
  2681    3.73346E-01    4.12637E-01
  2682    3.72113E-01    4.42513E-01
  2683    3.74411E-01    4.66534E-01
  2684    3.87859E-01    4.87847E-01
  2685    3.92961E-01    5.06562E-01
  2686    3.96884E-01    5.20616E-01
  2687    4.02029E-01    5.31890E-01
  2688    3.99945E-01    5.41202E-01
  2689    4.43395E-01    5.48113E-01
  2690    4.61892E-01    5.49570E-01
  2691    4.03644E-01    5.49108E-01
  2692    4.14654E-01    5.49342E-01
  2693    4.16100E-01    5.43823E-01
  2694    4.02944E-01    5.39358E-01
  2695    3.89787E-01    5.34887E-01
  2696    3.76631E-01    5.22977E-01
  2697    3.63475E-01    5.11290E-01
  2698    3.50318E-01    4.94147E-01
  2699    3.37162E-01    4.69114E-01
  2700    3.24005E-01    4.48316E-01
  
