   400    9.70000E-07
   401    9.70000E-07
   402    9.70000E-07
   403    9.70000E-07
   404    9.70000E-07
   405    9.70000E-07
   406    9.70000E-07
   407    9.70000E-07
   408    9.70000E-07
   409    9.70000E-07
   410    9.70000E-07
   411    9.70000E-07
   412    9.70000E-07
   413    9.70000E-07
   414    9.70000E-07
   415    9.70000E-07
   416    9.70000E-07
   417    9.70000E-07
   418    9.70000E-07
   419    9.70000E-07
   420    9.70000E-07
   421    9.70000E-07
   422    9.70000E-07
   423    9.70000E-07
   424    9.70000E-07
   425    9.70000E-07
   426    9.70000E-07
   427    9.70000E-07
   428    9.70000E-07
   429    9.70000E-07
   430    9.70000E-07
   431    9.70000E-07
   432    9.70000E-07
   433    9.70000E-07
   434    9.70000E-07
   435    9.70000E-07
   436    9.70000E-07
   437    9.70000E-07
   438    9.70000E-07
   439    9.70000E-07
   440    9.70000E-07
   441    9.70000E-07
   442    9.70000E-07
   443    9.70000E-07
   444    9.70000E-07
   445    9.70000E-07
   446    9.70000E-07
   447    9.70000E-07
   448    9.70000E-07
   449    9.70000E-07
   450    9.70000E-07
   451    9.70000E-07
   452    9.70000E-07
   453    9.70000E-07
   454    9.70000E-07
   455    9.70000E-07
   456    9.70000E-07
   457    9.70000E-07
   458    9.70000E-07
   459    9.70000E-07
   460    9.70000E-07
   461    9.70000E-07
   462    9.70000E-07
   463    9.70000E-07
   464    9.70000E-07
   465    9.70000E-07
   466    9.70000E-07
   467    9.70000E-07
   468    9.70000E-07
   469    9.70000E-07
   470    9.70000E-07
   471    9.70000E-07
   472    9.70000E-07
   473    9.70000E-07
   474    9.70000E-07
   475    9.70000E-07
   476    9.70000E-07
   477    9.70000E-07
   478    9.70000E-07
   479    9.70000E-07
   480    9.70000E-07
   481    9.70000E-07
   482    9.70000E-07
   483    9.70000E-07
   484    9.70000E-07
   485    9.70000E-07
   486    9.70000E-07
   487    9.70000E-07
   488    9.70000E-07
   489    9.70000E-07
   490    9.70000E-07
   491    9.70000E-07
   492    9.70000E-07
   493    9.70000E-07
   494    9.70000E-07
   495    9.70000E-07
   496    9.70000E-07
   497    9.70000E-07
   498    9.70000E-07
   499    9.70000E-07
   500    9.70000E-07
   501    9.70000E-07
   502    9.70000E-07
   503    9.70000E-07
   504    9.70000E-07
   505    9.70000E-07
   506    9.70000E-07
   507    9.70000E-07
   508    9.70000E-07
   509    9.70000E-07
   510    9.70000E-07
   511    9.70000E-07
   512    9.70000E-07
   513    9.70000E-07
   514    9.70000E-07
   515    9.70000E-07
   516    9.70000E-07
   517    9.70000E-07
   518    9.70000E-07
   519    9.70000E-07
   520    9.70000E-07
   521    9.70000E-07
   522    9.70000E-07
   523    9.70000E-07
   524    9.70000E-07
   525    9.70000E-07
   526    9.70000E-07
   527    9.70000E-07
   528    9.70000E-07
   529    9.70000E-07
   530    9.70000E-07
   531    9.70000E-07
   532    9.70000E-07
   533    9.70000E-07
   534    9.70000E-07
   535    9.70000E-07
   536    9.70000E-07
   537    9.70000E-07
   538    9.70000E-07
   539    9.70000E-07
   540    9.70000E-07
   541    9.70000E-07
   542    9.70000E-07
   543    9.70000E-07
   544    9.70000E-07
   545    9.70000E-07
   546    9.70000E-07
   547    9.70000E-07
   548    9.70000E-07
   549    9.70000E-07
   550    9.70000E-07
   551    9.70000E-07
   552    9.70000E-07
   553    9.70000E-07
   554    9.70000E-07
   555    9.70000E-07
   556    9.70000E-07
   557    9.70000E-07
   558    9.70000E-07
   559    9.70000E-07
   560    9.70000E-07
   561    9.70000E-07
   562    9.70000E-07
   563    9.70000E-07
   564    9.70000E-07
   565    9.70000E-07
   566    9.70000E-07
   567    9.70000E-07
   568    9.70000E-07
   569    9.70000E-07
   570    9.70000E-07
   571    9.70000E-07
   572    9.70000E-07
   573    9.70000E-07
   574    9.70000E-07
   575    9.70000E-07
   576    9.70000E-07
   577    9.70000E-07
   578    9.70000E-07
   579    9.70000E-07
   580    9.70000E-07
   581    9.70000E-07
   582    9.70000E-07
   583    9.70000E-07
   584    9.70000E-07
   585    9.70000E-07
   586    9.70000E-07
   587    9.70000E-07
   588    9.70000E-07
   589    9.70000E-07
   590    9.70000E-07
   591    9.70000E-07
   592    9.70000E-07
   593    9.70000E-07
   594    9.70000E-07
   595    9.70000E-07
   596    9.70000E-07
   597    9.70000E-07
   598    9.70000E-07
   599    9.70000E-07
   600    9.70000E-07
   601    9.70000E-07
   602    9.70000E-07
   603    9.70000E-07
   604    9.70000E-07
   605    9.70000E-07
   606    9.70000E-07
   607    9.70000E-07
   608    9.70000E-07
   609    9.70000E-07
   610    9.70000E-07
   611    9.70000E-07
   612    9.70000E-07
   613    9.70000E-07
   614    9.70000E-07
   615    9.70000E-07
   616    9.70000E-07
   617    9.70000E-07
   618    9.70000E-07
   619    9.70000E-07
   620    9.70000E-07
   621    9.70000E-07
   622    9.70000E-07
   623    9.70000E-07
   624    9.70000E-07
   625    9.70000E-07
   626    9.70000E-07
   627    9.70000E-07
   628    9.70000E-07
   629    9.70000E-07
   630    9.70000E-07
   631    9.70000E-07
   632    9.70000E-07
   633    9.70000E-07
   634    9.70000E-07
   635    9.70000E-07
   636    9.70000E-07
   637    9.70000E-07
   638    9.70000E-07
   639    9.70000E-07
   640    9.70000E-07
   641    9.70000E-07
   642    9.70000E-07
   643    9.70000E-07
   644    9.70000E-07
   645    9.70000E-07
   646    9.70000E-07
   647    9.70000E-07
   648    9.70000E-07
   649    9.70000E-07
   650    9.70000E-07
   651    9.70000E-07
   652    9.70000E-07
   653    9.70000E-07
   654    9.70000E-07
   655    9.70000E-07
   656    9.70000E-07
   657    9.70000E-07
   658    9.70000E-07
   659    9.70000E-07
   660    9.70000E-07
   661    9.70000E-07
   662    9.70000E-07
   663    9.70000E-07
   664    9.70000E-07
   665    9.70000E-07
   666    9.70000E-07
   667    9.70000E-07
   668    9.70000E-07
   669    9.70000E-07
   670    9.70000E-07
   671    9.70000E-07
   672    9.70000E-07
   673    9.70000E-07
   674    9.70000E-07
   675    9.70000E-07
   676    9.70000E-07
   677    9.70000E-07
   678    9.70000E-07
   679    9.70000E-07
   680    9.70000E-07
   681    9.70000E-07
   682    9.70000E-07
   683    9.70000E-07
   684    9.70000E-07
   685    9.70000E-07
   686    9.70000E-07
   687    9.70000E-07
   688    9.70000E-07
   689    9.70000E-07
   690    9.70000E-07
   691    9.70000E-07
   692    9.70000E-07
   693    9.70000E-07
   694    9.70000E-07
   695    9.70000E-07
   696    9.70000E-07
   697    9.70000E-07
   698    9.70000E-07
   699    9.70000E-07
   700    9.70000E-07
   701    9.70000E-07
   702    9.70000E-07
   703    9.70000E-07
   704    9.70000E-07
   705    9.70000E-07
   706    9.70000E-07
   707    9.70000E-07
   708    9.70000E-07
   709    9.70000E-07
   710    9.70000E-07
   711    9.70000E-07
   712    9.70000E-07
   713    9.70000E-07
   714    9.70000E-07
   715    9.70000E-07
   716    9.70000E-07
   717    9.70000E-07
   718    9.70000E-07
   719    9.70000E-07
   720    9.70000E-07
   721    9.70000E-07
   722    9.70000E-07
   723    9.70000E-07
   724    9.70000E-07
   725    9.70000E-07
   726    9.70000E-07
   727    9.70000E-07
   728    9.70000E-07
   729    9.70000E-07
   730    9.70000E-07
   731    9.70000E-07
   732    9.70000E-07
   733    9.70000E-07
   734    9.70000E-07
   735    9.70000E-07
   736    9.70000E-07
   737    9.70000E-07
   738    9.70000E-07
   739    9.70000E-07
   740    9.70000E-07
   741    9.70000E-07
   742    9.70000E-07
   743    9.70000E-07
   744    9.70000E-07
   745    9.70000E-07
   746    9.70000E-07
   747    9.70000E-07
   748    9.70000E-07
   749    9.70000E-07
   750    9.70000E-07
   751    9.70000E-07
   752    9.70000E-07
   753    9.70000E-07
   754    9.70000E-07
   755    9.70000E-07
   756    9.70000E-07
   757    9.70000E-07
   758    9.70000E-07
   759    9.70000E-07
   760    9.70000E-07
   761    9.70000E-07
   762    9.70000E-07
   763    9.70000E-07
   764    9.70000E-07
   765    9.70000E-07
   766    9.70000E-07
   767    9.70000E-07
   768    9.70000E-07
   769    9.70000E-07
   770    9.70000E-07
   771    9.70000E-07
   772    9.70000E-07
   773    9.70000E-07
   774    9.70000E-07
   775    9.70000E-07
   776    9.70000E-07
   777    9.70000E-07
   778    9.70000E-07
   779    9.70000E-07
   780    9.70000E-07
   781    9.70000E-07
   782    9.70000E-07
   783    9.70000E-07
   784    9.70000E-07
   785    9.70000E-07
   786    9.70000E-07
   787    9.70000E-07
   788    9.70000E-07
   789    9.70000E-07
   790    9.70000E-07
   791    9.70000E-07
   792    9.70000E-07
   793    9.70000E-07
   794    9.70000E-07
   795    9.70000E-07
   796    9.70000E-07
   797    9.70000E-07
   798    9.70000E-07
   799    9.70000E-07
   800    9.70000E-07
   801    9.70000E-07
   802    9.70000E-07
   803    9.70000E-07
   804    9.70000E-07
   805    9.70000E-07
   806    9.70000E-07
   807    9.70000E-07
   808    9.70000E-07
   809    9.70000E-07
   810    9.70000E-07
   811    9.70000E-07
   812    9.70000E-07
   813    9.70000E-07
   814    9.70000E-07
   815    9.70000E-07
   816    9.70000E-07
   817    9.70000E-07
   818    9.70000E-07
   819    9.70000E-07
   820    9.70000E-07
   821    9.70000E-07
   822    9.70000E-07
   823    9.70000E-07
   824    9.70000E-07
   825    9.70000E-07
   826    9.70000E-07
   827    9.70000E-07
   828    9.70000E-07
   829    9.70000E-07
   830    9.70000E-07
   831    9.70000E-07
   832    9.70000E-07
   833    9.70000E-07
   834    9.70000E-07
   835    9.70000E-07
   836    9.70000E-07
   837    9.70000E-07
   838    9.70000E-07
   839    9.70000E-07
   840    9.70000E-07
   841    9.70000E-07
   842    9.70000E-07
   843    9.70000E-07
   844    9.70000E-07
   845    9.70000E-07
   846    9.70000E-07
   847    9.70000E-07
   848    9.70000E-07
   849    9.70000E-07
   850    9.70000E-07
   851    9.70000E-07
   852    9.70000E-07
   853    9.70000E-07
   854    9.70000E-07
   855    9.70000E-07
   856    9.70000E-07
   857    9.70000E-07
   858    9.70000E-07
   859    9.70000E-07
   860    9.70000E-07
   861    9.70000E-07
   862    9.70000E-07
   863    9.70000E-07
   864    9.70000E-07
   865    9.70000E-07
   866    9.70000E-07
   867    9.70000E-07
   868    9.70000E-07
   869    9.70000E-07
   870    9.70000E-07
   871    9.70000E-07
   872    9.70000E-07
   873    9.70000E-07
   874    9.70000E-07
   875    9.70000E-07
   876    9.70000E-07
   877    9.70000E-07
   878    9.70000E-07
   879    9.70000E-07
   880    9.70000E-07
   881    9.70000E-07
   882    9.70000E-07
   883    9.70000E-07
   884    9.70000E-07
   885    9.70000E-07
   886    9.70000E-07
   887    9.70000E-07
   888    9.70000E-07
   889    9.70000E-07
   890    9.70000E-07
   891    9.70000E-07
   892    9.70000E-07
   893    9.70000E-07
   894    9.70000E-07
   895    9.70000E-07
   896    9.70000E-07
   897    9.70000E-07
   898    9.70000E-07
   899    9.70000E-07
   900    9.70000E-07
   901    9.70000E-07
   902    9.70000E-07
   903    9.70000E-07
   904    9.70000E-07
   905    9.70000E-07
   906    9.70000E-07
   907    9.70000E-07
   908    9.70000E-07
   909    9.70000E-07
   910    9.70000E-07
   911    9.70000E-07
   912    9.70000E-07
   913    9.70000E-07
   914    9.70000E-07
   915    9.70000E-07
   916    9.70000E-07
   917    9.70000E-07
   918    9.70000E-07
   919    9.70000E-07
   920    9.70000E-07
   921    9.70000E-07
   922    9.70000E-07
   923    9.70000E-07
   924    9.70000E-07
   925    9.70000E-07
   926    9.70000E-07
   927    9.70000E-07
   928    9.70000E-07
   929    9.70000E-07
   930    9.70000E-07
   931    9.70000E-07
   932    9.70000E-07
   933    9.70000E-07
   934    9.70000E-07
   935    9.70000E-07
   936    9.70000E-07
   937    9.70000E-07
   938    9.70000E-07
   939    9.70000E-07
   940    9.70000E-07
   941    9.70000E-07
   942    9.70000E-07
   943    9.70000E-07
   944    9.70000E-07
   945    9.70000E-07
   946    9.70000E-07
   947    9.70000E-07
   948    9.70000E-07
   949    9.70000E-07
   950    9.70000E-07
   951    9.70000E-07
   952    9.70000E-07
   953    9.70000E-07
   954    9.70000E-07
   955    9.70000E-07
   956    9.70000E-07
   957    9.70000E-07
   958    9.70000E-07
   959    9.70000E-07
   960    9.70000E-07
   961    9.70000E-07
   962    9.70000E-07
   963    9.70000E-07
   964    9.70000E-07
   965    9.70000E-07
   966    9.70000E-07
   967    9.70000E-07
   968    9.70000E-07
   969    9.70000E-07
   970    9.70000E-07
   971    9.70000E-07
   972    9.70000E-07
   973    9.70000E-07
   974    9.70000E-07
   975    9.70000E-07
   976    9.70000E-07
   977    9.70000E-07
   978    9.70000E-07
   979    9.70000E-07
   980    9.70000E-07
   981    9.70000E-07
   982    9.70000E-07
   983    9.70000E-07
   984    9.70000E-07
   985    9.70000E-07
   986    9.70000E-07
   987    9.70000E-07
   988    9.70000E-07
   989    9.70000E-07
   990    9.70000E-07
   991    9.70000E-07
   992    9.70000E-07
   993    9.70000E-07
   994    9.70000E-07
   995    9.70000E-07
   996    9.70000E-07
   997    9.70000E-07
   998    9.70000E-07
   999    9.70000E-07
  1000    9.70000E-07
  1001    9.70000E-07
  1002    9.70000E-07
  1003    9.70000E-07
  1004    9.70000E-07
  1005    9.70000E-07
  1006    9.70000E-07
  1007    9.70000E-07
  1008    9.70000E-07
  1009    9.70000E-07
  1010    9.70000E-07
  1011    9.70000E-07
  1012    9.70000E-07
  1013    9.70000E-07
  1014    9.70000E-07
  1015    9.70000E-07
  1016    9.70000E-07
  1017    9.70000E-07
  1018    9.70000E-07
  1019    9.70000E-07
  1020    9.70000E-07
  1021    9.70000E-07
  1022    9.70000E-07
  1023    9.70000E-07
  1024    9.70000E-07
  1025    9.70000E-07
  1026    9.70000E-07
  1027    9.70000E-07
  1028    9.70000E-07
  1029    9.70000E-07
  1030    9.70000E-07
  1031    9.70000E-07
  1032    9.70000E-07
  1033    9.70000E-07
  1034    9.70000E-07
  1035    9.70000E-07
  1036    9.70000E-07
  1037    9.70000E-07
  1038    9.70000E-07
  1039    9.70000E-07
  1040    9.70000E-07
  1041    9.70000E-07
  1042    9.70000E-07
  1043    9.70000E-07
  1044    9.70000E-07
  1045    9.70000E-07
  1046    9.70000E-07
  1047    9.70000E-07
  1048    9.70000E-07
  1049    9.70000E-07
  1050    9.70000E-07
  1051    9.70000E-07
  1052    9.70000E-07
  1053    9.70000E-07
  1054    9.70000E-07
  1055    9.70000E-07
  1056    9.70000E-07
  1057    9.70000E-07
  1058    9.70000E-07
  1059    9.70000E-07
  1060    9.70000E-07
  1061    9.70000E-07
  1062    9.70000E-07
  1063    9.70000E-07
  1064    9.70000E-07
  1065    9.70000E-07
  1066    9.70000E-07
  1067    9.70000E-07
  1068    9.70000E-07
  1069    9.70000E-07
  1070    9.70000E-07
  1071    9.70000E-07
  1072    9.70000E-07
  1073    9.70000E-07
  1074    9.70000E-07
  1075    9.70000E-07
  1076    9.70000E-07
  1077    9.70000E-07
  1078    9.70000E-07
  1079    9.70000E-07
  1080    9.70000E-07
  1081    9.70000E-07
  1082    9.70000E-07
  1083    9.70000E-07
  1084    9.70000E-07
  1085    9.70000E-07
  1086    9.70000E-07
  1087    9.70000E-07
  1088    9.70000E-07
  1089    9.70000E-07
  1090    9.70000E-07
  1091    9.70000E-07
  1092    9.70000E-07
  1093    9.70000E-07
  1094    9.70000E-07
  1095    9.70000E-07
  1096    9.70000E-07
  1097    9.70000E-07
  1098    9.70000E-07
  1099    9.70000E-07
  1100    9.70000E-07
  1101    1.52855E-06
  1102    4.17279E-06
  1103    6.40285E-06
  1104    7.93139E-06
  1105    6.54721E-06
  1106    2.64721E-06
  1107    2.08140E-06
  1108    2.36715E-06
  1109    1.95000E-06
  1110    4.72564E-06
  1111    6.82000E-06
  1112    9.59564E-06
  1113    1.22428E-05
  1114    1.43299E-05
  1115    1.78071E-05
  1116    2.39256E-05
  1117    2.83914E-05
  1118    3.64455E-05
  1119    4.41128E-05
  1120    4.80128E-05
  1121    5.69055E-05
  1122    6.06858E-05
  1123    6.22056E-05
  1124    7.76310E-05
  1125    8.99128E-05
  1126    9.10315E-05
  1127    9.28328E-05
  1128    9.78442E-05
  1129    1.03136E-04
  1130    1.03566E-04
  1131    1.04527E-04
  1132    1.06206E-04
  1133    1.12314E-04
  1134    1.10816E-04
  1135    1.03987E-04
  1136    1.02310E-04
  1137    9.78701E-05
  1138    9.17387E-05
  1139    8.85343E-05
  1140    8.32601E-05
  1141    7.65758E-05
  1142    7.29486E-05
  1143    6.98872E-05
  1144    6.32116E-05
  1145    6.33270E-05
  1146    5.68217E-05
  1147    4.47016E-05
  1148    4.09300E-05
  1149    4.48170E-05
  1150    4.55272E-05
  1151    4.44085E-05
  1152    4.53828E-05
  1153    4.96927E-05
  1154    5.76227E-05
  1155    5.75030E-05
  1156    6.29026E-05
  1157    7.41941E-05
  1158    8.13042E-05
  1159    8.27086E-05
  1160    9.13140E-05
  1161    1.03438E-04
  1162    1.17201E-04
  1163    1.26963E-04
  1164    1.33638E-04
  1165    1.41856E-04
  1166    1.51878E-04
  1167    1.60797E-04
  1168    1.69846E-04
  1169    1.71673E-04
  1170    1.72916E-04
  1171    1.74881E-04
  1172    1.71120E-04
  1173    1.76938E-04
  1174    1.77120E-04
  1175    1.60849E-04
  1176    1.49821E-04
  1177    1.43694E-04
  1178    1.31460E-04
  1179    1.21979E-04
  1180    1.07102E-04
  1181    9.02388E-05
  1182    7.86802E-05
  1183    6.85187E-05
  1184    5.76616E-05
  1185    4.54088E-05
  1186    3.38502E-05
  1187    2.47944E-05
  1188    2.03286E-05
  1189    1.11574E-05
  1190    2.64721E-06
  1191    1.52855E-06
  1192    4.17279E-06
  1193    7.51424E-06
  1194    1.32156E-05
  1195    9.34878E-06
  1196    8.33988E-06
  1197    1.55770E-05
  1198    1.12945E-05
  1199    1.02899E-05
  1200    1.53042E-05
  1201    1.26730E-05
  1202    1.02985E-05
  1203    1.68241E-05
  1204    1.86544E-05
  1205    1.54486E-05
  1206    1.29458E-05
  1207    1.11315E-05
  1208    1.51556E-05
  1209    1.51758E-05
  1210    1.26600E-05
  1211    1.26600E-05
  1212    1.37714E-05
  1213    1.62742E-05
  1214    1.64243E-05
  1215    1.55900E-05
  1216    1.55900E-05
  1217    1.55900E-05
  1218    1.33672E-05
  1219    1.61356E-05
  1220    1.72672E-05
  1221    1.33729E-05
  1222    1.44756E-05
  1223    1.54586E-05
  1224    1.57371E-05
  1225    1.99142E-05
  1226    2.24300E-05
  1227    1.90958E-05
  1228    1.54686E-05
  1229    1.40772E-05
  1230    1.47714E-05
  1231    1.39401E-05
  1232    1.26800E-05
  1233    1.60199E-05
  1234    1.90928E-05
  1235    1.78458E-05
  1236    1.49201E-05
  1237    1.31015E-05
  1238    1.65727E-05
  1239    2.00685E-05
  1240    2.16014E-05
  1241    1.96587E-05
  1242    1.70015E-05
  1243    1.76914E-05
  1244    2.18699E-05
  1245    2.55014E-05
  1246    2.46701E-05
  1247    1.95173E-05
  1248    1.65800E-05
  1249    1.37987E-05
  1250    1.33699E-05
  1251    1.74056E-05
  1252    2.11642E-05
  1253    2.07558E-05
  1254    1.83886E-05
  1255    1.64386E-05
  1256    1.78171E-05
  1257    1.72672E-05
  1258    1.44786E-05
  1259    1.53099E-05
  1260    1.43472E-05
  1261    1.48928E-05
  1262    1.82342E-05
  1263    1.61558E-05
  1264    1.25343E-05
  1265    1.33642E-05
  1266    1.62842E-05
  1267    1.69872E-05
  1268    1.49001E-05
  1269    1.36457E-05
  1270    1.19801E-05
  1271    1.51656E-05
  1272    1.68558E-05
  1273    1.11544E-05
  1274    1.11342E-05
  1275    1.64256E-05
  1276    1.79672E-05
  1277    1.75500E-05
  1278    1.64386E-05
  1279    1.61585E-05
  1280    1.88028E-05
  1281    1.71458E-05
  1282    1.35186E-05
  1283    1.49028E-05
  1284    1.32458E-05
  1285    9.06006E-06
  1286    6.68861E-06
  1287    9.18419E-06
  1288    1.50342E-05
  1289    1.69972E-05
  1290    1.49101E-05
  1291    1.53199E-05
  1292    1.82442E-05
  1293    1.78358E-05
  1294    1.54629E-05
  1295    1.57314E-05
  1296    1.54586E-05
  1297    1.40672E-05
  1298    1.19801E-05
  1299    1.12785E-05
  1300    1.33642E-05
  1301    1.46200E-05
  1302    1.12858E-05
  1303    1.15456E-05
  1304    1.14172E-05
  1305    9.74000E-06
  1306    1.25156E-05
  1307    1.51685E-05
  1308    1.28144E-05
  1309    1.34956E-05
  1310    1.55900E-05
  1311    1.28087E-05
  1312    1.29328E-05
  1313    1.46100E-05
  1314    1.29458E-05
  1315    1.27957E-05
  1316    1.47414E-05
  1317    1.78028E-05
  1318    1.78158E-05
  1319    1.37844E-05
  1320    1.00201E-05
  1321    1.09828E-05
  1322    1.32128E-05
  1323    1.52999E-05
  1324    1.54486E-05
  1325    1.40515E-05
  1326    1.08601E-05
  1327    1.20985E-05
  1328    1.84970E-05
  1329    1.42145E-05
  1330    1.20985E-05
  1331    1.57214E-05
  1332    1.54486E-05
  1333    1.57214E-05
  1334    1.60072E-05
  1335    1.50315E-05
  1336    1.40572E-05
  1337    1.14172E-05
  1338    1.08514E-05
  1339    1.50185E-05
  1340    1.36487E-05
  1341    1.18257E-05
  1342    1.48828E-05
  1343    2.04413E-05
  1344    1.56016E-05
  1345    1.19571E-05
  1346    1.41885E-05
  1347    1.40515E-05
  1348    1.47414E-05
  1349    1.55800E-05
  1350    1.28044E-05
  1351    1.01572E-05
  1352    1.30685E-05
  1353    1.44686E-05
  1354    1.25243E-05
  1355    1.33542E-05
  1356    1.12815E-05
  1357    9.32285E-06
  1358    9.74000E-06
  1359    1.02985E-05
  1360    9.60861E-06
  1361    8.77000E-06
  1362    7.65860E-06
  1363    5.15576E-06
  1364    1.16741E-05
  1365    8.65454E-06
  1366    4.72564E-06
  1367    9.04279E-06
  1368    5.16302E-06
  1369    2.08140E-06
  1370    1.80860E-06
  1371    1.52855E-06
  1372    3.61424E-06
  1373    5.98140E-06
  1374    5.15576E-06
  1375    3.90000E-06
  1376    8.89273E-06
  1377    6.55588E-06
  1378    1.95000E-06
  1379    1.39145E-06
  1380    5.96843E-06
  1381    7.51721E-06
  1382    5.84000E-06
  1383    4.17576E-06
  1384    4.03140E-06
  1385    4.87000E-06
  1386    3.20576E-06
  1387    1.95000E-06
  1388    4.16709E-06
  1389    4.17576E-06
  1390    4.58994E-06
  1391    3.06866E-06
  1392    2.63994E-06
  1393    2.23006E-06
  1394    2.08140E-06
  1395    6.25419E-06
  1396    7.10576E-06
  1397    4.73860E-06
  1398    8.89843E-06
  1399    8.78297E-06
  1400    8.62564E-06
  1401    1.12785E-05
  1402    9.47721E-06
  1403    1.11342E-05
  1404    1.14272E-05
  1405    9.75000E-06
  1406    1.36427E-05
  1407    1.37987E-05
  1408    1.39228E-05
  1409    1.67114E-05
  1410    1.42158E-05
  1411    1.55927E-05
  1412    1.57487E-05
  1413    1.25386E-05
  1414    1.55927E-05
  1415    1.79715E-05
  1416    2.19956E-05
  1417    2.36858E-05
  1418    2.35414E-05
  1419    2.54914E-05
  1420    2.63300E-05
  1421    2.63243E-05
  1422    3.18770E-05
  1423    3.88513E-05
  1424    3.81687E-05
  1425    3.82928E-05
  1426    4.49684E-05
  1427    4.98514E-05
  1428    5.29128E-05
  1429    5.57014E-05
  1430    6.15384E-05
  1431    6.86385E-05
  1432    7.33728E-05
  1433    7.72671E-05
  1434    8.44913E-05
  1435    9.14556E-05
  1436    9.68785E-05
  1437    1.06611E-04
  1438    1.17058E-04
  1439    1.21383E-04
  1440    1.27351E-04
  1441    1.41537E-04
  1442    1.54626E-04
  1443    1.66026E-04
  1444    1.79244E-04
  1445    1.93990E-04
  1446    2.09564E-04
  1447    2.25140E-04
  1448    2.45171E-04
  1449    2.66338E-04
  1450    2.82494E-04
  1451    3.00557E-04
  1452    3.25855E-04
  1453    3.51895E-04
  1454    3.78470E-04
  1455    4.05052E-04
  1456    4.30940E-04
  1457    4.61674E-04
  1458    4.94107E-04
  1459    5.30284E-04
  1460    5.68565E-04
  1461    6.06137E-04
  1462    6.43017E-04
  1463    6.85199E-04
  1464    7.32573E-04
  1465    7.75358E-04
  1466    8.21579E-04
  1467    8.74925E-04
  1468    9.26742E-04
  1469    9.79245E-04
  1470    1.03609E-03
  1471    1.09461E-03
  1472    1.15478E-03
  1473    1.22010E-03
  1474    1.28782E-03
  1475    1.35959E-03
  1476    1.43640E-03
  1477    1.51334E-03
  1478    1.59608E-03
  1479    1.68611E-03
  1480    1.78004E-03
  1481    1.87898E-03
  1482    1.98094E-03
  1483    2.09160E-03
  1484    2.21303E-03
  1485    2.34175E-03
  1486    2.48282E-03
  1487    2.63826E-03
  1488    2.80531E-03
  1489    2.97917E-03
  1490    3.16800E-03
  1491    3.38248E-03
  1492    3.61151E-03
  1493    3.85973E-03
  1494    4.13372E-03
  1495    4.43290E-03
  1496    4.76596E-03
  1497    5.13191E-03
  1498    5.52846E-03
  1499    5.97384E-03
  1500    6.47280E-03
  1501    7.01959E-03
  1502    7.62904E-03
  1503    8.32714E-03
  1504    9.10887E-03
  1505    9.97614E-03
  1506    1.09505E-02
  1507    1.20548E-02
  1508    1.33093E-02
  1509    1.47302E-02
  1510    1.63299E-02
  1511    1.81752E-02
  1512    2.02922E-02
  1513    2.26977E-02
  1514    2.54582E-02
  1515    2.86479E-02
  1516    3.23328E-02
  1517    3.65971E-02
  1518    4.14718E-02
  1519    4.71298E-02
  1520    5.37148E-02
  1521    6.12369E-02
  1522    6.98303E-02
  1523    7.98475E-02
  1524    9.12917E-02
  1525    1.04322E-01
  1526    1.19002E-01
  1527    1.35566E-01
  1528    1.54079E-01
  1529    1.74744E-01
  1530    1.97471E-01
  1531    2.22669E-01
  1532    2.49586E-01
  1533    2.78353E-01
  1534    3.09066E-01
  1535    3.42034E-01
  1536    3.76397E-01
  1537    4.12115E-01
  1538    4.48628E-01
  1539    4.86350E-01
  1540    5.24307E-01
  1541    5.61808E-01
  1542    5.99053E-01
  1543    6.36352E-01
  1544    6.72397E-01
  1545    7.06449E-01
  1546    7.38697E-01
  1547    7.69138E-01
  1548    7.97190E-01
  1549    8.22645E-01
  1550    8.45575E-01
  1551    8.66222E-01
  1552    8.84146E-01
  1553    8.99314E-01
  1554    9.12115E-01
  1555    9.22805E-01
  1556    9.31442E-01
  1557    9.38170E-01
  1558    9.43198E-01
  1559    9.46762E-01
  1560    9.49084E-01
  1561    9.50543E-01
  1562    9.51258E-01
  1563    9.51297E-01
  1564    9.50939E-01
  1565    9.50299E-01
  1566    9.49490E-01
  1567    9.48601E-01
  1568    9.47772E-01
  1569    9.46932E-01
  1570    9.46132E-01
  1571    9.45491E-01
  1572    9.44992E-01
  1573    9.44560E-01
  1574    9.44208E-01
  1575    9.44083E-01
  1576    9.44105E-01
  1577    9.44258E-01
  1578    9.44576E-01
  1579    9.45043E-01
  1580    9.45551E-01
  1581    9.46118E-01
  1582    9.46891E-01
  1583    9.47773E-01
  1584    9.48700E-01
  1585    9.49787E-01
  1586    9.50965E-01
  1587    9.52137E-01
  1588    9.53401E-01
  1589    9.54757E-01
  1590    9.56066E-01
  1591    9.57433E-01
  1592    9.58810E-01
  1593    9.60217E-01
  1594    9.61587E-01
  1595    9.62836E-01
  1596    9.64057E-01
  1597    9.65293E-01
  1598    9.66424E-01
  1599    9.67313E-01
  1600    9.68129E-01
  1601    9.68955E-01
  1602    9.69581E-01
  1603    9.70055E-01
  1604    9.70387E-01
  1605    9.70471E-01
  1606    9.70427E-01
  1607    9.70214E-01
  1608    9.69750E-01
  1609    9.69034E-01
  1610    9.68090E-01
  1611    9.67004E-01
  1612    9.65740E-01
  1613    9.64227E-01
  1614    9.62512E-01
  1615    9.60541E-01
  1616    9.58422E-01
  1617    9.56110E-01
  1618    9.53527E-01
  1619    9.50818E-01
  1620    9.48024E-01
  1621    9.45057E-01
  1622    9.41965E-01
  1623    9.38754E-01
  1624    9.35539E-01
  1625    9.32344E-01
  1626    9.29115E-01
  1627    9.25832E-01
  1628    9.22671E-01
  1629    9.19663E-01
  1630    9.16743E-01
  1631    9.13888E-01
  1632    9.11221E-01
  1633    9.08782E-01
  1634    9.06559E-01
  1635    9.04575E-01
  1636    9.02898E-01
  1637    9.01522E-01
  1638    9.00381E-01
  1639    8.99549E-01
  1640    8.99073E-01
  1641    8.98900E-01
  1642    8.99083E-01
  1643    8.99578E-01
  1644    9.00416E-01
  1645    9.01575E-01
  1646    9.03027E-01
  1647    9.04827E-01
  1648    9.06842E-01
  1649    9.09000E-01
  1650    9.11391E-01
  1651    9.14089E-01
  1652    9.16932E-01
  1653    9.19849E-01
  1654    9.22928E-01
  1655    9.26138E-01
  1656    9.29356E-01
  1657    9.32583E-01
  1658    9.35867E-01
  1659    9.39116E-01
  1660    9.42203E-01
  1661    9.45215E-01
  1662    9.48167E-01
  1663    9.50993E-01
  1664    9.53645E-01
  1665    9.56110E-01
  1666    9.58419E-01
  1667    9.60566E-01
  1668    9.62566E-01
  1669    9.64281E-01
  1670    9.65603E-01
  1671    9.66784E-01
  1672    9.67894E-01
  1673    9.68783E-01
  1674    9.69427E-01
  1675    9.69880E-01
  1676    9.70126E-01
  1677    9.70171E-01
  1678    9.69965E-01
  1679    9.69530E-01
  1680    9.68959E-01
  1681    9.68288E-01
  1682    9.67475E-01
  1683    9.66446E-01
  1684    9.65320E-01
  1685    9.64119E-01
  1686    9.62777E-01
  1687    9.61381E-01
  1688    9.59933E-01
  1689    9.58461E-01
  1690    9.56966E-01
  1691    9.55398E-01
  1692    9.53855E-01
  1693    9.52368E-01
  1694    9.50852E-01
  1695    9.49327E-01
  1696    9.47852E-01
  1697    9.46420E-01
  1698    9.45039E-01
  1699    9.43700E-01
  1700    9.42408E-01
  1701    9.41161E-01
  1702    9.39930E-01
  1703    9.38735E-01
  1704    9.37579E-01
  1705    9.36492E-01
  1706    9.35441E-01
  1707    9.34372E-01
  1708    9.33324E-01
  1709    9.32299E-01
  1710    9.31262E-01
  1711    9.30204E-01
  1712    9.29147E-01
  1713    9.28087E-01
  1714    9.26975E-01
  1715    9.25825E-01
  1716    9.24675E-01
  1717    9.23454E-01
  1718    9.22147E-01
  1719    9.20811E-01
  1720    9.19463E-01
  1721    9.18133E-01
  1722    9.16767E-01
  1723    9.15345E-01
  1724    9.13890E-01
  1725    9.12413E-01
  1726    9.10938E-01
  1727    9.09549E-01
  1728    9.08197E-01
  1729    9.06927E-01
  1730    9.05727E-01
  1731    9.04557E-01
  1732    9.03577E-01
  1733    9.02745E-01
  1734    9.02039E-01
  1735    9.01548E-01
  1736    9.01286E-01
  1737    9.01210E-01
  1738    9.01269E-01
  1739    9.01566E-01
  1740    9.02121E-01
  1741    9.02833E-01
  1742    9.03803E-01
  1743    9.05001E-01
  1744    9.06352E-01
  1745    9.07878E-01
  1746    9.09536E-01
  1747    9.11318E-01
  1748    9.13230E-01
  1749    9.15174E-01
  1750    9.17203E-01
  1751    9.19227E-01
  1752    9.21222E-01
  1753    9.23183E-01
  1754    9.25103E-01
  1755    9.26893E-01
  1756    9.28547E-01
  1757    9.30184E-01
  1758    9.31588E-01
  1759    9.32716E-01
  1760    9.33598E-01
  1761    9.34277E-01
  1762    9.34671E-01
  1763    9.34655E-01
  1764    9.34183E-01
  1765    9.33164E-01
  1766    9.31270E-01
  1767    9.28595E-01
  1768    9.25026E-01
  1769    9.20266E-01
  1770    9.14136E-01
  1771    9.06643E-01
  1772    8.97436E-01
  1773    8.86587E-01
  1774    8.73680E-01
  1775    8.58873E-01
  1776    8.42124E-01
  1777    8.23636E-01
  1778    8.02646E-01
  1779    7.79779E-01
  1780    7.55466E-01
  1781    7.29292E-01
  1782    7.00721E-01
  1783    6.70738E-01
  1784    6.39833E-01
  1785    6.07928E-01
  1786    5.74746E-01
  1787    5.41468E-01
  1788    5.08404E-01
  1789    4.74992E-01
  1790    4.40949E-01
  1791    4.07546E-01
  1792    3.75172E-01
  1793    3.43783E-01
  1794    3.13177E-01
  1795    2.84110E-01
  1796    2.56383E-01
  1797    2.30315E-01
  1798    2.05812E-01
  1799    1.83644E-01
  1800    1.63389E-01
  1801    1.08651E-01
  1802    6.88671E-02
  1803    6.09759E-02
  1804    5.43525E-02
  1805    4.87002E-02
  1806    4.37617E-02
  1807    3.93852E-02
  1808    3.55606E-02
  1809    3.23398E-02
  1810    2.95623E-02
  1811    2.71666E-02
  1812    2.49785E-02
  1813    2.30565E-02
  1814    2.14590E-02
  1815    2.00594E-02
  1816    1.87846E-02
  1817    1.75774E-02
  1818    1.65088E-02
  1819    1.57010E-02
  1820    1.50234E-02
  1821    1.43891E-02
  1822    1.38018E-02
  1823    1.32310E-02
  1824    1.27602E-02
  1825    1.23849E-02
  1826    1.20503E-02
  1827    1.17629E-02
  1828    1.15062E-02
  1829    1.13509E-02
  1830    1.11983E-02
  1831    1.10292E-02
  1832    1.08955E-02
  1833    1.08246E-02
  1834    1.07421E-02
  1835    1.06413E-02
  1836    1.05986E-02
  1837    1.05201E-02
  1838    1.04100E-02
  1839    1.03022E-02
  1840    1.01967E-02
  1841    9.98748E-03
  1842    9.74401E-03
  1843    9.47425E-03
  1844    9.08063E-03
  1845    8.68788E-03
  1846    8.30731E-03
  1847    7.90176E-03
  1848    7.50291E-03
  1849    7.02481E-03
  1850    6.54467E-03
  1851    6.01851E-03
  1852    5.53140E-03
  1853    5.10785E-03
  1854    4.68661E-03
  1855    4.26150E-03
  1856    3.83220E-03
  1857    3.44376E-03
  1858    3.12118E-03
  1859    2.87278E-03
  1860    2.61537E-03
  1861    2.36500E-03
  1862    2.18202E-03
  1863    2.02623E-03
  1864    1.84205E-03
  1865    1.67374E-03
  1866    1.51314E-03
  1867    1.37314E-03
  1868    1.27082E-03
  1869    1.17134E-03
  1870    1.09123E-03
  1871    1.04054E-03
  1872    1.05169E-03
  1873    9.33123E-04
  1874    8.34757E-04
  1875    8.19593E-04
  1876    7.60857E-04
  1877    7.59105E-04
  1878    7.48667E-04
  1879    6.86070E-04
  1880    6.77808E-04
  1881    6.60427E-04
  1882    5.92644E-04
  1883    5.73033E-04
  1884    6.11360E-04
  1885    6.35482E-04
  1886    5.55805E-04
  1887    5.22246E-04
  1888    5.71511E-04
  1889    5.53778E-04
  1890    5.21589E-04
  1891    5.38040E-04
  1892    5.81612E-04
  1893    5.78006E-04
  1894    5.67174E-04
  1895    5.96411E-04
  1896    6.17608E-04
  1897    5.94386E-04
  1898    6.12346E-04
  1899    6.70386E-04
  1900    7.08455E-04
  1901    7.58965E-04
  1902    8.02625E-04
  1903    8.00041E-04
  1904    8.41430E-04
  1905    9.51447E-04
  1906    1.04821E-03
  1907    1.14479E-03
  1908    1.21246E-03
  1909    1.24605E-03
  1910    1.29085E-03
  1911    1.35015E-03
  1912    1.38837E-03
  1913    1.41114E-03
  1914    1.40578E-03
  1915    1.38950E-03
  1916    1.37268E-03
  1917    1.27590E-03
  1918    1.12414E-03
  1919    1.03068E-03
  1920    9.69810E-04
  1921    9.06807E-04
  1922    8.20910E-04
  1923    7.27084E-04
  1924    6.48706E-04
  1925    5.52043E-04
  1926    4.59214E-04
  1927    4.33113E-04
  1928    4.17527E-04
  1929    3.71544E-04
  1930    3.22406E-04
  1931    2.51983E-04
  1932    2.12197E-04
  1933    1.93379E-04
  1934    1.66384E-04
  1935    1.55484E-04
  1936    1.56191E-04
  1937    1.49883E-04
  1938    1.52161E-04
  1939    1.71110E-04
  1940    1.50308E-04
  1941    1.23826E-04
  1942    1.15299E-04
  1943    1.06346E-04
  1944    1.10171E-04
  1945    1.24896E-04
  1946    1.14916E-04
  1947    7.40799E-05
  1948    5.79014E-05
  1949    6.27243E-05
  1950    5.53200E-05
  1951    6.66757E-05
  1952    8.65186E-05
  1953    6.78885E-05
  1954    5.28271E-05
  1955    7.35657E-05
  1956    6.84371E-05
  1957    5.17457E-05
  1958    4.24071E-05
  1959    4.21043E-05
  1960    3.58143E-05
  1961    3.61757E-05
  1962    4.89843E-05
  1963    4.90186E-05
  1964    5.68200E-05
  1965    3.64128E-05
  1966    3.03800E-05
  1967    7.48128E-05
  1968    8.99343E-05
  1969    8.72900E-05
  1970    7.90743E-05
  1971    7.31228E-05
  1972    6.75057E-05
  1973    4.63171E-05
  1974    1.82272E-05
  1975    8.53714E-06
  1976    1.11571E-05
  1977    3.96057E-05
  1978    8.33014E-05
  1979    5.79858E-05
  1980    1.50500E-05
  1981    3.03971E-05
  1982    6.96814E-05
  1983    7.87186E-05
  1984    6.56300E-05
  1985    3.06729E-05
  1986    2.73856E-05
  1987    6.29585E-05
  1988    7.74972E-05
  1989    7.29500E-05
  1990    4.35072E-05
  1991    2.42700E-05
  1992    6.74641E-05
  1993    4.49602E-05
  1994    2.14713E-05
  1995    2.48543E-05
  1996    1.07743E-05
  1997    5.79000E-06
  1998    1.95542E-05
  1999    3.26928E-05
  2000    4.24814E-05
  2001    3.50829E-05
  2002    1.35515E-05
  2003    2.51999E-05
  2004    4.05700E-05
  2005    2.95586E-05
  2006    3.39199E-05
  2007    3.08101E-05
  2008    1.62972E-05
  2009    6.50147E-06
  2010    1.07414E-05
  2011    1.62900E-05
  2012    3.58413E-05
  2013    5.34200E-05
  2014    2.64402E-05
  2015    1.80528E-05
  2016    2.41715E-05
  2017    1.30015E-05
  2018    2.71513E-05
  2019    1.93902E-05
  2020    2.72698E-05
  2021    2.60087E-05
  2022    2.21999E-05
  2023    1.82601E-05
  2024    9.25285E-06
  2025    2.34456E-05
  2026    3.87985E-05
  2027    3.86815E-05
  2028    2.14416E-05
  2029    1.22885E-05
  2030    7.47577E-06
  2031    1.06171E-05
  2032    1.69928E-05
  2033    2.07157E-05
  2034    1.87986E-05
  2035    9.95862E-06
  2036    4.14716E-06
  2037    2.90000E-06
  2038    4.09382E-05
  2039    3.32546E-05
  2040    1.90342E-05
  2041    3.94956E-05
  2042    4.13358E-05
  2043    3.40015E-05
  2044    2.36501E-05
  2045    8.58723E-06
  2046    2.56455E-05
  2047    2.03774E-05
  2048    2.35285E-06
  2049    1.02117E-05
  2050    1.47968E-05
  2051    8.58471E-06
  2052    2.63544E-05
  2053    5.03101E-05
  2054    5.72459E-05
  2055    4.75907E-05
  2056    2.03718E-05
  2057    3.17424E-05
  2058    5.73712E-05
  2059    3.82238E-05
  2060    1.64649E-05
  2061    3.83879E-05
  2062    4.82896E-05
  2063    4.93601E-05
  2064    3.53231E-05
  2065    2.58583E-05
  2066    2.83668E-05
  2067    2.87732E-05
  2068    3.83031E-05
  2069    3.79258E-05
  2070    2.79647E-05
  2071    4.90693E-05
  2072    3.79897E-05
  2073    2.26772E-05
  2074    2.20188E-05
  2075    3.18000E-05
  2076    6.69263E-05
  2077    6.31655E-05
  2078    4.26392E-05
  2079    4.91147E-05
  2080    3.90751E-05
  2081    4.10730E-05
  2082    3.46479E-05
  2083    1.52431E-05
  2084    1.28719E-05
  2085    1.45400E-05
  2086    3.77475E-05
  2087    3.09366E-05
  2088    4.24431E-05
  2089    3.89777E-05
  2090    3.54146E-05
  2091    2.98165E-05
  2092    8.19121E-06
  2093    2.57061E-05
  2094    5.19245E-05
  2095    4.82323E-05
  2096    5.23366E-05
  2097    4.72715E-05
  2098    2.69023E-05
  2099    1.71881E-05
  2100    1.16492E-05
  2101    1.70245E-05
  2102    3.04686E-05
  2103    1.70891E-05
  2104    2.72405E-05
  2105    2.18124E-05
  2106    3.59634E-05
  2107    3.25003E-05
  2108    3.48760E-05
  2109    2.80581E-05
  2110    1.46824E-05
  2111    1.17987E-05
  2112    1.84080E-05
  2113    1.88755E-05
  2114    7.63760E-06
  2115    5.54460E-06
  2116    1.17767E-05
  2117    3.82187E-05
  2118    2.93235E-05
  2119    1.91161E-05
  2120    2.01274E-05
  2121    2.27343E-05
  2122    2.42835E-05
  2123    4.01837E-05
  2124    3.38974E-05
  2125    1.23617E-05
  2126    9.42890E-06
  2127    3.94742E-05
  2128    3.62723E-05
  2129    1.63741E-05
  2130    4.43342E-05
  2131    3.17205E-05
  2132    1.52418E-05
  2133    3.23105E-05
  2134    2.15536E-05
  2135    2.49405E-05
  2136    2.23841E-05
  2137    1.17959E-05
  2138    8.20057E-06
  2139    3.74837E-06
  2140    7.89810E-06
  2141    9.99540E-06
  2142    1.26222E-05
  2143    2.49675E-05
  2144    2.15408E-05
  2145    1.85881E-05
  2146    2.34616E-05
  2147    3.42705E-05
  2148    3.84665E-05
  2149    2.93130E-05
  2150    3.59351E-05
  2151    2.47633E-05
  2152    8.05540E-06
  2153    5.14110E-06
  2154    9.98403E-06
  2155    3.50854E-05
  2156    3.39211E-05
  2157    1.69506E-05
  2158    1.19454E-05
  2159    1.01370E-05
  2160    2.46843E-05
  2161    3.98522E-05
  2162    2.22746E-05
  2163    6.25133E-06
  2164    2.68940E-05
  2165    3.22508E-05
  2166    1.65514E-05
  2167    3.17640E-05
  2168    6.53905E-05
  2169    9.15224E-05
  2170    1.04469E-04
  2171    1.24721E-04
  2172    1.47518E-04
  2173    1.56838E-04
  2174    1.54634E-04
  2175    1.40628E-04
  2176    1.18412E-04
  2177    7.85730E-05
  2178    6.97211E-05
  2179    6.92251E-05
  2180    5.12981E-05
  2181    6.31808E-05
  2182    7.44965E-05
  2183    6.14494E-05
  2184    3.63124E-05
  2185    3.27789E-05
  2186    3.71195E-05
  2187    2.28248E-05
  2188    1.14024E-05
  2189    1.19476E-05
  2190    1.30670E-05
  2191    1.43146E-05
  2192    1.72346E-05
  2193    2.07076E-05
  2194    1.96095E-05
  2195    1.80730E-05
  2196    2.18192E-05
  2197    2.32241E-05
  2198    2.57192E-05
  2199    2.15716E-05
  2200    2.43200E-05
  2201    4.12792E-05
  2202    3.46686E-05
  2203    1.67059E-05
  2204    4.49834E-05
  2205    4.01315E-05
  2206    1.91946E-05
  2207    1.76738E-05
  2208    3.83428E-05
  2209    3.16355E-05
  2210    1.14124E-05
  2211    1.36279E-05
  2212    5.04335E-05
  2213    4.82120E-05
  2214    3.00462E-05
  2215    1.65942E-05
  2216    1.26457E-05
  2217    2.79503E-05
  2218    2.95175E-05
  2219    2.81062E-05
  2220    2.02010E-05
  2221    2.09944E-05
  2222    1.83926E-05
  2223    3.16880E-05
  2224    3.06599E-05
  2225    2.12919E-05
  2226    2.00551E-05
  2227    1.92046E-05
  2228    9.90804E-06
  2229    2.52829E-05
  2230    2.34350E-05
  2231    2.98853E-05
  2232    3.30291E-05
  2233    1.67202E-05
  2234    1.16900E-05
  2235    2.05831E-05
  2236    3.22895E-05
  2237    2.93959E-05
  2238    7.54937E-05
  2239    6.84844E-05
  2240    4.13428E-05
  2241    6.40175E-05
  2242    4.53370E-05
  2243    1.75564E-05
  2244    1.51787E-05
  2245    8.93020E-06
  2246    4.05839E-05
  2247    3.10131E-05
  2248    3.51617E-05
  2249    3.55727E-05
  2250    5.14577E-05
  2251    4.36810E-05
  2252    1.35248E-05
  2253    8.08540E-06
  2254    2.07226E-05
  2255    4.28750E-05
  2256    3.33352E-05
  2257    8.94233E-06
  2258    2.98825E-05
  2259    2.83357E-05
  2260    2.68515E-05
  2261    3.62281E-05
  2262    1.68968E-05
  2263    5.01163E-06
  2264    3.62673E-06
  2265    1.95000E-06
  2266    3.92040E-05
  2267    4.61733E-05
  2268    4.63615E-05
  2269    6.07433E-05
  2270    6.13027E-05
  2271    5.04553E-05
  2272    4.68036E-05
  2273    3.41714E-05
  2274    2.68765E-05
  2275    2.18899E-05
  2276    2.17168E-05
  2277    3.57817E-05
  2278    3.06820E-05
  2279    2.20130E-05
  2280    1.35369E-05
  2281    2.68451E-05
  2282    3.63818E-05
  2283    5.16464E-05
  2284    2.96247E-05
  2285    3.03052E-05
  2286    3.55685E-05
  2287    1.06234E-05
  2288    1.59899E-05
  2289    4.73251E-05
  2290    6.68665E-05
  2291    4.57584E-05
  2292    1.23001E-05
  2293    1.93248E-05
  2294    2.42612E-05
  2295    1.92203E-05
  2296    2.49265E-05
  2297    2.32748E-05
  2298    2.11703E-05
  2299    1.46486E-05
  2300    4.88643E-06
  2301    1.25134E-05
  2302    1.15869E-05
  2303    4.88000E-06
  2304    9.87950E-06
  2305    3.75530E-05
  2306    3.33416E-05
  2307    4.04730E-05
  2308    3.51557E-05
  2309    2.08849E-05
  2310    4.28507E-05
  2311    3.47344E-05
  2312    1.31035E-05
  2313    2.19780E-05
  2314    1.61901E-05
  2315    6.54030E-06
  2316    1.94693E-05
  2317    5.88371E-05
  2318    3.79833E-05
  2319    3.75837E-06
  2320    9.58980E-06
  2321    1.46200E-05
  2322    3.35178E-05
  2323    3.44304E-05
  2324    1.99235E-05
  2325    2.43514E-05
  2326    2.02153E-05
  2327    2.10044E-05
  2328    2.67370E-05
  2329    1.46507E-05
  2330    7.51460E-06
  2331    4.65598E-05
  2332    5.78325E-05
  2333    5.09511E-05
  2334    3.16684E-05
  2335    2.30960E-05
  2336    3.63311E-05
  2337    5.76088E-05
  2338    4.29535E-05
  2339    4.46413E-05
  2340    8.86208E-05
  2341    8.35995E-05
  2342    1.03220E-04
  2343    1.24216E-04
  2344    1.46815E-04
  2345    1.79716E-04
  2346    2.36442E-04
  2347    3.20689E-04
  2348    3.53401E-04
  2349    3.74770E-04
  2350    4.28882E-04
  2351    4.55546E-04
  2352    4.67895E-04
  2353    4.78659E-04
  2354    4.74510E-04
  2355    4.38514E-04
  2356    4.01982E-04
  2357    3.78873E-04
  2358    3.46173E-04
  2359    3.18847E-04
  2360    2.77001E-04
  2361    2.38116E-04
  2362    2.20273E-04
  2363    1.69957E-04
  2364    1.22553E-04
  2365    1.15409E-04
  2366    8.12532E-05
  2367    8.24911E-05
  2368    7.81709E-05
  2369    2.95889E-05
  2370    2.72450E-05
  2371    3.30169E-05
  2372    4.24258E-05
  2373    3.45763E-05
  2374    1.39375E-05
  2375    1.08616E-05
  2376    1.33646E-05
  2377    1.46200E-05
  2378    4.12878E-05
  2379    3.63968E-05
  2380    1.92103E-05
  2381    1.82467E-05
  2382    1.54584E-05
  2383    2.29544E-05
  2384    2.92400E-05
  2385    1.31242E-05
  2386    7.63980E-06
  2387    1.87811E-05
  2388    2.00551E-05
  2389    1.80987E-05
  2390    9.62693E-06
  2391    8.47817E-06
  2392    1.76695E-05
  2393    5.75538E-05
  2394    6.59036E-05
  2395    3.77674E-05
  2396    1.78440E-05
  2397    1.07200E-05
  2398    1.18316E-05
  2399    2.26690E-05
  2400    1.85464E-05
  2401    1.58611E-05
  2402    2.65811E-05
  2403    3.06313E-05
  2404    2.13226E-05
  2405    1.12851E-05
  2406    4.88213E-06
  2407    1.13960E-05
  2408    3.62947E-05
  2409    3.85894E-05
  2410    2.35459E-05
  2411    1.79613E-05
  2412    1.03172E-05
  2413    2.76499E-05
  2414    3.59426E-05
  2415    1.36828E-05
  2416    2.75062E-05
  2417    3.39991E-05
  2418    2.76949E-05
  2419    1.40999E-05
  2420    3.08354E-05
  2421    3.70685E-05
  2422    2.97808E-05
  2423    2.42426E-05
  2424    4.08729E-05
  2425    3.95836E-05
  2426    1.36707E-05
  2427    2.48680E-05
  2428    3.05040E-05
  2429    3.67139E-05
  2430    2.56604E-05
  2431    1.52982E-05
  2432    1.83784E-05
  2433    1.42051E-05
  2434    9.47243E-06
  2435    2.61277E-05
  2436    4.16203E-05
  2437    3.89864E-05
  2438    2.38334E-05
  2439    1.35084E-05
  2440    4.09910E-05
  2441    4.45810E-05
  2442    2.50689E-05
  2443    1.82367E-05
  2444    5.21038E-05
  2445    5.28066E-05
  2446    2.81205E-05
  2447    2.26854E-05
  2448    3.80931E-05
  2449    2.95561E-05
  2450    3.30736E-05
  2451    4.82887E-05
  2452    7.42548E-05
  2453    8.62972E-05
  2454    8.30733E-05
  2455    5.08765E-05
  2456    3.19884E-05
  2457    7.86592E-05
  2458    1.09506E-04
  2459    9.90867E-05
  2460    8.54446E-05
  2461    1.11926E-04
  2462    1.55345E-04
  2463    1.35995E-04
  2464    8.61655E-05
  2465    9.09171E-05
  2466    1.02533E-04
  2467    1.23325E-04
  2468    9.33165E-05
  2469    1.25310E-04
  2470    1.59451E-04
  2471    1.52708E-04
  2472    1.32761E-04
  2473    1.10036E-04
  2474    8.37899E-05
  2475    8.00798E-05
  2476    8.60992E-05
  2477    5.16699E-05
  2478    6.48512E-05
  2479    7.08302E-05
  2480    1.04448E-04
  2481    9.49482E-05
  2482    7.43671E-05
  2483    4.57139E-05
  2484    3.00027E-05
  2485    2.47870E-05
  2486    3.65131E-05
  2487    7.44852E-05
  2488    6.62456E-05
  2489    3.70121E-05
  2490    5.98474E-05
  2491    6.59481E-05
  2492    3.09202E-05
  2493    1.12708E-05
  2494    1.31951E-05
  2495    3.15214E-05
  2496    4.89140E-05
  2497    3.52108E-05
  2498    9.75780E-06
  2499    8.18137E-06
  2500    8.07324E-06
  2501    2.22540E-06
  2502    1.26165E-05
  2503    3.13876E-05
  2504    2.72735E-05
  2505    2.40311E-05
  2506    2.76570E-05
  2507    4.10984E-05
  2508    2.54922E-05
  2509    1.19397E-05
  2510    3.09513E-05
  2511    4.79197E-05
  2512    3.81087E-05
  2513    1.94757E-05
  2514    3.13605E-05
  2515    3.64227E-05
  2516    2.57149E-05
  2517    3.34578E-05
  2518    3.57203E-05
  2519    2.22497E-05
  2520    1.16778E-05
  2521    8.75000E-06
  2522    7.08540E-06
  2523    1.35886E-05
  2524    1.11284E-05
  2525    2.03716E-05
  2526    3.15170E-05
  2527    1.44768E-05
  2528    1.30278E-05
  2529    2.85957E-05
  2530    5.39881E-05
  2531    3.19000E-05
  2532    1.33132E-05
  2533    1.76495E-05
  2534    1.16778E-05
  2535    4.31487E-06
  2536    1.14992E-05
  2537    1.99930E-05
  2538    1.92984E-05
  2539    1.67954E-05
  2540    2.38516E-05
  2541    1.62730E-05
  2542    1.24770E-05
  2543    3.91013E-05
  2544    2.82533E-05
  2545    1.16622E-05
  2546    2.23543E-05
  2547    4.09681E-05
  2548    5.72370E-05
  2549    5.28154E-05
  2550    2.57419E-05
  2551    2.73018E-05
  2552    2.21066E-05
  2553    1.31637E-05
  2554    3.75298E-05
  2555    4.01017E-05
  2556    3.61626E-05
  2557    1.80727E-05
  2558    1.59115E-05
  2559    1.94328E-05
  2560    1.91311E-05
  2561    2.66392E-05
  2562    3.35851E-05
  2563    1.80949E-05
  2564    1.38662E-05
  2565    4.19011E-05
  2566    7.01224E-05
  2567    7.64108E-05
  2568    6.94649E-05
  2569    6.66616E-05
  2570    4.10236E-05
  2571    1.74978E-05
  2572    2.28759E-05
  2573    3.24578E-05
  2574    2.22304E-05
  2575    1.59478E-05
  2576    2.45440E-05
  2577    5.90344E-05
  2578    9.87391E-05
  2579    8.89799E-05
  2580    7.40776E-05
  2581    8.79324E-05
  2582    7.60788E-05
  2583    5.68865E-05
  2584    6.37975E-05
  2585    7.92230E-05
  2586    1.08793E-04
  2587    1.48541E-04
  2588    1.60288E-04
  2589    1.39348E-04
  2590    1.31942E-04
  2591    1.50564E-04
  2592    1.32627E-04
  2593    1.20860E-04
  2594    1.63833E-04
  2595    2.05511E-04
  2596    2.06239E-04
  2597    1.67273E-04
  2598    1.73284E-04
  2599    2.42035E-04
  2600    2.60542E-04
  2601    2.63556E-04
  2602    2.90826E-04
  2603    2.90351E-04
  2604    3.02174E-04
  2605    3.26296E-04
  2606    3.20878E-04
  2607    3.24295E-04
  2608    3.32970E-04
  2609    3.26539E-04
  2610    3.39257E-04
  2611    3.59537E-04
  2612    3.39499E-04
  2613    3.18048E-04
  2614    3.32433E-04
  2615    3.78841E-04
  2616    3.95218E-04
  2617    4.01913E-04
  2618    4.19537E-04
  2619    4.10499E-04
  2620    4.10112E-04
  2621    4.03646E-04
  2622    4.25558E-04
  2623    4.65320E-04
  2624    4.57322E-04
  2625    4.47735E-04
  2626    4.65927E-04
  2627    4.70746E-04
  2628    4.70661E-04
  2629    4.70722E-04
  2630    4.57691E-04
  2631    4.40327E-04
  2632    4.13781E-04
  2633    4.13486E-04
  2634    4.39199E-04
  2635    4.31990E-04
  2636    4.72235E-04
  2637    4.57574E-04
  2638    3.97358E-04
  2639    4.06090E-04
  2640    4.17499E-04
  2641    4.39181E-04
  2642    4.52060E-04
  2643    4.32636E-04
  2644    4.10162E-04
  2645    4.43391E-04
  2646    4.47965E-04
  2647    4.25255E-04
  2648    4.50561E-04
  2649    4.28920E-04
  2650    4.03780E-04
  2651    4.64290E-04
  2652    4.76174E-04
  2653    4.54892E-04
  2654    4.49718E-04
  2655    4.35548E-04
  2656    4.18972E-04
  2657    4.14025E-04
  2658    4.68963E-04
  2659    4.65184E-04
  2660    4.59447E-04
  2661    4.51625E-04
  2662    4.58224E-04
  2663    4.74061E-04
  2664    4.61868E-04
  2665    4.43697E-04
  2666    3.57004E-04
  2667    4.24645E-04
  2668    4.52228E-04
  2669    4.51620E-04
  2670    4.61547E-04
  2671    3.15722E-04
  2672    4.02754E-04
  2673    4.79779E-04
  2674    4.42677E-04
  2675    4.28124E-04
  2676    4.58514E-04
  2677    5.44812E-04
  2678    6.19941E-04
  2679    6.11702E-04
  2680    6.05688E-04
  2681    6.53050E-04
  2682    6.49930E-04
  2683    6.76127E-04
  2684    7.12125E-04
  2685    7.58398E-04
  2686    4.59081E-04
  2687    4.38786E-04
  2688    6.63831E-04
  2689    7.54591E-04
  2690    3.87659E-04
  2691    4.94382E-04
  2692    5.12945E-04
  2693    3.77976E-04
  2694    1.26300E-03
  2695    9.60009E-04
  2696    3.54632E-04
  2697    7.22493E-04
  2698    1.95322E-03
  2699    1.62437E-03
  2700    2.00690E-03
