   400    1.00000E+00    1.00000E+00
   401    1.00000E+00    1.00000E+00
   402    1.00000E+00    1.00000E+00
   403    1.00000E+00    1.00000E+00
   404    1.00000E+00    1.00000E+00
   405    1.00000E+00    1.00000E+00
   406    1.00000E+00    1.00000E+00
   407    1.00000E+00    1.00000E+00
   408    1.00000E+00    1.00000E+00
   409    1.00000E+00    1.00000E+00
   410    1.00000E+00    1.00000E+00
   411    1.00000E+00    1.00000E+00
   412    1.00000E+00    1.00000E+00
   413    1.00000E+00    1.00000E+00
   414    1.00000E+00    1.00000E+00
   415    1.00000E+00    1.00000E+00
   416    1.00000E+00    1.00000E+00
   417    1.00000E+00    1.00000E+00
   418    1.00000E+00    1.00000E+00
   419    1.00000E+00    1.00000E+00
   420    1.00000E+00    1.00000E+00
   421    1.00000E+00    1.00000E+00
   422    1.00000E+00    1.00000E+00
   423    1.00000E+00    1.00000E+00
   424    1.00000E+00    1.00000E+00
   425    1.00000E+00    1.00000E+00
   426    1.00000E+00    1.00000E+00
   427    1.00000E+00    1.00000E+00
   428    1.00000E+00    1.00000E+00
   429    1.00000E+00    1.00000E+00
   430    1.00000E+00    1.00000E+00
   431    1.00000E+00    1.00000E+00
   432    1.00000E+00    1.00000E+00
   433    1.00000E+00    1.00000E+00
   434    1.00000E+00    1.00000E+00
   435    1.00000E+00    1.00000E+00
   436    1.00000E+00    1.00000E+00
   437    1.00000E+00    1.00000E+00
   438    1.00000E+00    1.00000E+00
   439    1.00000E+00    1.00000E+00
   440    1.00000E+00    1.00000E+00
   441    1.00000E+00    1.00000E+00
   442    1.00000E+00    1.00000E+00
   443    1.00000E+00    1.00000E+00
   444    1.00000E+00    1.00000E+00
   445    1.00000E+00    1.00000E+00
   446    1.00000E+00    1.00000E+00
   447    1.00000E+00    1.00000E+00
   448    1.00000E+00    1.00000E+00
   449    1.00000E+00    1.00000E+00
   450    1.00000E+00    1.00000E+00
   451    1.00000E+00    1.00000E+00
   452    1.00000E+00    1.00000E+00
   453    1.00000E+00    1.00000E+00
   454    1.00000E+00    1.00000E+00
   455    1.00000E+00    1.00000E+00
   456    1.00000E+00    1.00000E+00
   457    1.00000E+00    1.00000E+00
   458    1.00000E+00    1.00000E+00
   459    1.00000E+00    1.00000E+00
   460    1.00000E+00    1.00000E+00
   461    1.00000E+00    1.00000E+00
   462    1.00000E+00    1.00000E+00
   463    1.00000E+00    1.00000E+00
   464    1.00000E+00    1.00000E+00
   465    1.00000E+00    1.00000E+00
   466    1.00000E+00    1.00000E+00
   467    1.00000E+00    1.00000E+00
   468    1.00000E+00    1.00000E+00
   469    1.00000E+00    1.00000E+00
   470    1.00000E+00    1.00000E+00
   471    1.00000E+00    1.00000E+00
   472    1.00000E+00    1.00000E+00
   473    1.00000E+00    1.00000E+00
   474    1.00000E+00    1.00000E+00
   475    1.00000E+00    1.00000E+00
   476    1.00000E+00    1.00000E+00
   477    1.00000E+00    1.00000E+00
   478    1.00000E+00    1.00000E+00
   479    1.00000E+00    1.00000E+00
   480    1.00000E+00    1.00000E+00
   481    1.00000E+00    1.00000E+00
   482    1.00000E+00    1.00000E+00
   483    1.00000E+00    1.00000E+00
   484    1.00000E+00    1.00000E+00
   485    1.00000E+00    1.00000E+00
   486    1.00000E+00    1.00000E+00
   487    1.00000E+00    1.00000E+00
   488    1.00000E+00    1.00000E+00
   489    1.00000E+00    1.00000E+00
   490    1.00000E+00    1.00000E+00
   491    1.00000E+00    1.00000E+00
   492    1.00000E+00    1.00000E+00
   493    1.00000E+00    1.00000E+00
   494    1.00000E+00    1.00000E+00
   495    1.00000E+00    1.00000E+00
   496    1.00000E+00    1.00000E+00
   497    1.00000E+00    1.00000E+00
   498    1.00000E+00    1.00000E+00
   499    1.00000E+00    1.00000E+00
   500    1.00000E+00    1.00000E+00
   501    1.00000E+00    1.00000E+00
   502    1.00000E+00    1.00000E+00
   503    1.00000E+00    1.00000E+00
   504    1.00000E+00    1.00000E+00
   505    1.00000E+00    1.00000E+00
   506    1.00000E+00    1.00000E+00
   507    1.00000E+00    1.00000E+00
   508    1.00000E+00    1.00000E+00
   509    1.00000E+00    1.00000E+00
   510    1.00000E+00    1.00000E+00
   511    1.00000E+00    1.00000E+00
   512    1.00000E+00    1.00000E+00
   513    1.00000E+00    1.00000E+00
   514    1.00000E+00    1.00000E+00
   515    1.00000E+00    1.00000E+00
   516    1.00000E+00    1.00000E+00
   517    1.00000E+00    1.00000E+00
   518    1.00000E+00    1.00000E+00
   519    1.00000E+00    1.00000E+00
   520    1.00000E+00    1.00000E+00
   521    1.00000E+00    1.00000E+00
   522    1.00000E+00    1.00000E+00
   523    1.00000E+00    1.00000E+00
   524    1.00000E+00    1.00000E+00
   525    1.00000E+00    1.00000E+00
   526    1.00000E+00    1.00000E+00
   527    1.00000E+00    1.00000E+00
   528    1.00000E+00    1.00000E+00
   529    1.00000E+00    1.00000E+00
   530    1.00000E+00    1.00000E+00
   531    1.00000E+00    1.00000E+00
   532    1.00000E+00    1.00000E+00
   533    1.00000E+00    1.00000E+00
   534    1.00000E+00    1.00000E+00
   535    1.00000E+00    1.00000E+00
   536    1.00000E+00    1.00000E+00
   537    1.00000E+00    1.00000E+00
   538    1.00000E+00    1.00000E+00
   539    1.00000E+00    1.00000E+00
   540    1.00000E+00    1.00000E+00
   541    1.00000E+00    1.00000E+00
   542    1.00000E+00    1.00000E+00
   543    1.00000E+00    1.00000E+00
   544    1.00000E+00    1.00000E+00
   545    1.00000E+00    1.00000E+00
   546    1.00000E+00    1.00000E+00
   547    1.00000E+00    1.00000E+00
   548    1.00000E+00    1.00000E+00
   549    1.00000E+00    1.00000E+00
   550    1.00000E+00    1.00000E+00
   551    1.00000E+00    1.00000E+00
   552    1.00000E+00    1.00000E+00
   553    1.00000E+00    1.00000E+00
   554    1.00000E+00    1.00000E+00
   555    1.00000E+00    1.00000E+00
   556    1.00000E+00    1.00000E+00
   557    1.00000E+00    1.00000E+00
   558    1.00000E+00    1.00000E+00
   559    1.00000E+00    1.00000E+00
   560    1.00000E+00    1.00000E+00
   561    1.00000E+00    1.00000E+00
   562    1.00000E+00    1.00000E+00
   563    1.00000E+00    1.00000E+00
   564    1.00000E+00    1.00000E+00
   565    1.00000E+00    1.00000E+00
   566    1.00000E+00    1.00000E+00
   567    1.00000E+00    1.00000E+00
   568    1.00000E+00    1.00000E+00
   569    1.00000E+00    1.00000E+00
   570    1.00000E+00    1.00000E+00
   571    1.00000E+00    1.00000E+00
   572    1.00000E+00    1.00000E+00
   573    1.00000E+00    1.00000E+00
   574    1.00000E+00    1.00000E+00
   575    1.00000E+00    1.00000E+00
   576    1.00000E+00    1.00000E+00
   577    1.00000E+00    1.00000E+00
   578    1.00000E+00    1.00000E+00
   579    1.00000E+00    1.00000E+00
   580    1.00000E+00    1.00000E+00
   581    1.00000E+00    1.00000E+00
   582    1.00000E+00    1.00000E+00
   583    1.00000E+00    1.00000E+00
   584    1.00000E+00    1.00000E+00
   585    1.00000E+00    1.00000E+00
   586    1.00000E+00    1.00000E+00
   587    1.00000E+00    1.00000E+00
   588    1.00000E+00    1.00000E+00
   589    1.00000E+00    1.00000E+00
   590    1.00000E+00    1.00000E+00
   591    1.00000E+00    1.00000E+00
   592    1.00000E+00    1.00000E+00
   593    1.00000E+00    1.00000E+00
   594    1.00000E+00    1.00000E+00
   595    1.00000E+00    1.00000E+00
   596    1.00000E+00    1.00000E+00
   597    1.00000E+00    1.00000E+00
   598    1.00000E+00    1.00000E+00
   599    1.00000E+00    1.00000E+00
   600    1.00000E+00    1.00000E+00
   601    1.00000E+00    1.00000E+00
   602    1.00000E+00    1.00000E+00
   603    1.00000E+00    1.00000E+00
   604    1.00000E+00    1.00000E+00
   605    1.00000E+00    1.00000E+00
   606    1.00000E+00    1.00000E+00
   607    1.00000E+00    1.00000E+00
   608    1.00000E+00    1.00000E+00
   609    1.00000E+00    1.00000E+00
   610    1.00000E+00    1.00000E+00
   611    1.00000E+00    1.00000E+00
   612    1.00000E+00    1.00000E+00
   613    1.00000E+00    1.00000E+00
   614    1.00000E+00    1.00000E+00
   615    1.00000E+00    1.00000E+00
   616    1.00000E+00    1.00000E+00
   617    1.00000E+00    1.00000E+00
   618    1.00000E+00    1.00000E+00
   619    1.00000E+00    1.00000E+00
   620    1.00000E+00    1.00000E+00
   621    1.00000E+00    1.00000E+00
   622    1.00000E+00    1.00000E+00
   623    1.00000E+00    1.00000E+00
   624    1.00000E+00    1.00000E+00
   625    1.00000E+00    1.00000E+00
   626    1.00000E+00    1.00000E+00
   627    1.00000E+00    1.00000E+00
   628    1.00000E+00    1.00000E+00
   629    1.00000E+00    1.00000E+00
   630    1.00000E+00    1.00000E+00
   631    1.00000E+00    1.00000E+00
   632    1.00000E+00    1.00000E+00
   633    1.00000E+00    1.00000E+00
   634    1.00000E+00    1.00000E+00
   635    1.00000E+00    1.00000E+00
   636    1.00000E+00    1.00000E+00
   637    1.00000E+00    1.00000E+00
   638    1.00000E+00    1.00000E+00
   639    1.00000E+00    1.00000E+00
   640    1.00000E+00    1.00000E+00
   641    1.00000E+00    1.00000E+00
   642    1.00000E+00    1.00000E+00
   643    1.00000E+00    1.00000E+00
   644    1.00000E+00    1.00000E+00
   645    1.00000E+00    1.00000E+00
   646    1.00000E+00    1.00000E+00
   647    1.00000E+00    1.00000E+00
   648    1.00000E+00    1.00000E+00
   649    1.00000E+00    1.00000E+00
   650    1.00000E+00    1.00000E+00
   651    1.00000E+00    1.00000E+00
   652    1.00000E+00    1.00000E+00
   653    1.00000E+00    1.00000E+00
   654    1.00000E+00    1.00000E+00
   655    1.00000E+00    1.00000E+00
   656    1.00000E+00    1.00000E+00
   657    1.00000E+00    1.00000E+00
   658    1.00000E+00    1.00000E+00
   659    1.00000E+00    1.00000E+00
   660    1.00000E+00    1.00000E+00
   661    1.00000E+00    1.00000E+00
   662    1.00000E+00    1.00000E+00
   663    1.00000E+00    1.00000E+00
   664    1.00000E+00    1.00000E+00
   665    1.00000E+00    1.00000E+00
   666    1.00000E+00    1.00000E+00
   667    1.00000E+00    1.00000E+00
   668    1.00000E+00    1.00000E+00
   669    1.00000E+00    1.00000E+00
   670    1.00000E+00    1.00000E+00
   671    1.00000E+00    1.00000E+00
   672    1.00000E+00    1.00000E+00
   673    1.00000E+00    1.00000E+00
   674    1.00000E+00    1.00000E+00
   675    1.00000E+00    1.00000E+00
   676    1.00000E+00    1.00000E+00
   677    1.00000E+00    1.00000E+00
   678    1.00000E+00    1.00000E+00
   679    1.00000E+00    1.00000E+00
   680    1.00000E+00    1.00000E+00
   681    1.00000E+00    1.00000E+00
   682    1.00000E+00    1.00000E+00
   683    1.00000E+00    1.00000E+00
   684    1.00000E+00    1.00000E+00
   685    1.00000E+00    1.00000E+00
   686    1.00000E+00    1.00000E+00
   687    1.00000E+00    1.00000E+00
   688    1.00000E+00    1.00000E+00
   689    1.00000E+00    1.00000E+00
   690    1.00000E+00    1.00000E+00
   691    1.00000E+00    1.00000E+00
   692    1.00000E+00    1.00000E+00
   693    1.00000E+00    1.00000E+00
   694    1.00000E+00    1.00000E+00
   695    1.00000E+00    1.00000E+00
   696    1.00000E+00    1.00000E+00
   697    1.00000E+00    1.00000E+00
   698    1.00000E+00    1.00000E+00
   699    1.00000E+00    1.00000E+00
   700    1.00000E+00    1.00000E+00
   701    1.00000E+00    1.00000E+00
   702    1.00000E+00    1.00000E+00
   703    1.00000E+00    1.00000E+00
   704    1.00000E+00    1.00000E+00
   705    1.00000E+00    1.00000E+00
   706    1.00000E+00    1.00000E+00
   707    1.00000E+00    1.00000E+00
   708    1.00000E+00    1.00000E+00
   709    1.00000E+00    1.00000E+00
   710    1.00000E+00    1.00000E+00
   711    1.00000E+00    1.00000E+00
   712    1.00000E+00    1.00000E+00
   713    1.00000E+00    1.00000E+00
   714    1.00000E+00    1.00000E+00
   715    1.00000E+00    1.00000E+00
   716    1.00000E+00    1.00000E+00
   717    1.00000E+00    1.00000E+00
   718    1.00000E+00    1.00000E+00
   719    1.00000E+00    1.00000E+00
   720    1.00000E+00    1.00000E+00
   721    1.00000E+00    1.00000E+00
   722    1.00000E+00    1.00000E+00
   723    1.00000E+00    1.00000E+00
   724    1.00000E+00    1.00000E+00
   725    1.00000E+00    1.00000E+00
   726    1.00000E+00    1.00000E+00
   727    1.00000E+00    1.00000E+00
   728    1.00000E+00    1.00000E+00
   729    1.00000E+00    1.00000E+00
   730    1.00000E+00    1.00000E+00
   731    1.00000E+00    1.00000E+00
   732    1.00000E+00    1.00000E+00
   733    1.00000E+00    1.00000E+00
   734    1.00000E+00    1.00000E+00
   735    1.00000E+00    1.00000E+00
   736    1.00000E+00    1.00000E+00
   737    1.00000E+00    1.00000E+00
   738    1.00000E+00    1.00000E+00
   739    1.00000E+00    1.00000E+00
   740    1.00000E+00    1.00000E+00
   741    1.00000E+00    1.00000E+00
   742    1.00000E+00    1.00000E+00
   743    1.00000E+00    1.00000E+00
   744    1.00000E+00    1.00000E+00
   745    1.00000E+00    1.00000E+00
   746    1.00000E+00    1.00000E+00
   747    1.00000E+00    1.00000E+00
   748    1.00000E+00    1.00000E+00
   749    1.00000E+00    1.00000E+00
   750    1.00000E+00    1.00000E+00
   751    1.00000E+00    1.00000E+00
   752    1.00000E+00    1.00000E+00
   753    1.00000E+00    1.00000E+00
   754    1.00000E+00    1.00000E+00
   755    1.00000E+00    1.00000E+00
   756    1.00000E+00    1.00000E+00
   757    1.00000E+00    1.00000E+00
   758    1.00000E+00    1.00000E+00
   759    1.00000E+00    1.00000E+00
   760    1.00000E+00    1.00000E+00
   761    1.00000E+00    1.00000E+00
   762    1.00000E+00    1.00000E+00
   763    1.00000E+00    1.00000E+00
   764    1.00000E+00    1.00000E+00
   765    1.00000E+00    1.00000E+00
   766    1.00000E+00    1.00000E+00
   767    1.00000E+00    1.00000E+00
   768    1.00000E+00    1.00000E+00
   769    1.00000E+00    1.00000E+00
   770    1.00000E+00    1.00000E+00
   771    1.00000E+00    1.00000E+00
   772    1.00000E+00    1.00000E+00
   773    1.00000E+00    1.00000E+00
   774    1.00000E+00    1.00000E+00
   775    1.00000E+00    1.00000E+00
   776    1.00000E+00    1.00000E+00
   777    1.00000E+00    1.00000E+00
   778    1.00000E+00    1.00000E+00
   779    1.00000E+00    1.00000E+00
   780    1.00000E+00    1.00000E+00
   781    1.00000E+00    1.00000E+00
   782    1.00000E+00    1.00000E+00
   783    1.00000E+00    1.00000E+00
   784    1.00000E+00    1.00000E+00
   785    1.00000E+00    1.00000E+00
   786    1.00000E+00    1.00000E+00
   787    1.00000E+00    1.00000E+00
   788    1.00000E+00    1.00000E+00
   789    1.00000E+00    1.00000E+00
   790    1.00000E+00    1.00000E+00
   791    1.00000E+00    1.00000E+00
   792    1.00000E+00    1.00000E+00
   793    1.00000E+00    1.00000E+00
   794    1.00000E+00    1.00000E+00
   795    1.00000E+00    1.00000E+00
   796    9.64988E-01    7.73430E-01
   797    7.97403E-01    7.04168E-01
   798    8.14903E-01    7.24215E-01
   799    8.19061E-01    7.43695E-01
   800    8.13246E-01    7.60920E-01
   801    8.00522E-01    7.73648E-01
   802    7.85438E-01    7.81458E-01
   803    7.71720E-01    7.83237E-01
   804    7.60065E-01    7.79225E-01
   805    7.52340E-01    7.71230E-01
   806    7.49377E-01    7.60553E-01
   807    7.51276E-01    7.49719E-01
   808    7.58007E-01    7.40773E-01
   809    7.68574E-01    7.34708E-01
   810    7.82073E-01    7.32790E-01
   811    7.96923E-01    7.36008E-01
   812    8.11886E-01    7.44438E-01
   813    8.25489E-01    7.57092E-01
   814    8.35764E-01    7.72638E-01
   815    8.41996E-01    7.89103E-01
   816    8.43471E-01    8.03090E-01
   817    8.39852E-01    8.10429E-01
   818    8.32718E-01    8.07990E-01
   819    8.22761E-01    7.93345E-01
   820    8.10709E-01    7.64681E-01
   821    7.97929E-01    7.23597E-01
   822    7.85965E-01    6.73175E-01
   823    7.75874E-01    6.18327E-01
   824    7.68738E-01    5.62292E-01
   825    7.64684E-01    5.08241E-01
   826    7.64158E-01    4.59442E-01
   827    7.66918E-01    4.16962E-01
   828    7.72920E-01    3.80907E-01
   829    7.81808E-01    3.51180E-01
   830    7.92326E-01    3.27501E-01
   831    8.04538E-01    3.09520E-01
   832    8.17601E-01    2.96159E-01
   833    8.29553E-01    2.87132E-01
   834    8.39588E-01    2.82573E-01
   835    8.46677E-01    2.82178E-01
   836    8.50088E-01    2.85959E-01
   837    8.49554E-01    2.93776E-01
   838    8.45533E-01    3.05680E-01
   839    8.38777E-01    3.22455E-01
   840    8.28946E-01    3.45127E-01
   841    8.17134E-01    3.73691E-01
   842    8.04318E-01    4.08358E-01
   843    7.92274E-01    4.49673E-01
   844    7.81525E-01    4.97654E-01
   845    7.71782E-01    5.52360E-01
   846    7.63936E-01    6.12028E-01
   847    7.58748E-01    6.73489E-01
   848    7.56397E-01    7.31044E-01
   849    7.56124E-01    7.80858E-01
   850    7.58593E-01    8.19870E-01
   851    7.63663E-01    8.45824E-01
   852    7.71204E-01    8.57303E-01
   853    7.79925E-01    8.54557E-01
   854    7.89980E-01    8.41562E-01
   855    8.01001E-01    8.22058E-01
   856    8.11658E-01    8.05686E-01
   857    8.19703E-01    7.94053E-01
   858    8.27334E-01    7.83170E-01
   859    8.33748E-01    7.73340E-01
   860    8.38061E-01    7.65728E-01
   861    8.40800E-01    7.61158E-01
   862    8.41794E-01    7.60663E-01
   863    8.40041E-01    7.64023E-01
   864    8.35964E-01    7.71580E-01
   865    8.29806E-01    7.82323E-01
   866    8.21976E-01    7.95538E-01
   867    8.11817E-01    8.10438E-01
   868    7.99807E-01    8.26149E-01
   869    7.85910E-01    8.40603E-01
   870    7.70761E-01    8.53984E-01
   871    7.54402E-01    8.65791E-01
   872    7.37378E-01    8.75005E-01
   873    7.20122E-01    8.80546E-01
   874    7.03097E-01    8.82924E-01
   875    6.86725E-01    8.82393E-01
   876    6.71649E-01    8.78715E-01
   877    6.57533E-01    8.73303E-01
   878    6.45358E-01    8.67024E-01
   879    6.36320E-01    8.59695E-01
   880    6.30552E-01    8.51498E-01
   881    6.26571E-01    8.44994E-01
   882    6.27838E-01    8.40902E-01
   883    6.32134E-01    8.38334E-01
   884    6.40518E-01    8.37153E-01
   885    6.54007E-01    8.38655E-01
   886    6.71471E-01    8.42022E-01
   887    6.92676E-01    8.47288E-01
   888    7.17328E-01    8.54216E-01
   889    7.45159E-01    8.61216E-01
   890    7.73398E-01    8.68751E-01
   891    8.00583E-01    8.76991E-01
   892    8.22847E-01    8.84316E-01
   893    8.37856E-01    8.90362E-01
   894    8.42317E-01    8.95643E-01
   895    8.35273E-01    8.98203E-01
   896    8.13610E-01    8.98457E-01
   897    7.79980E-01    8.97523E-01
   898    7.36110E-01    8.94343E-01
   899    6.83934E-01    8.89247E-01
   900    6.27205E-01    8.83653E-01
   901    5.70469E-01    8.77047E-01
   902    5.15869E-01    8.69914E-01
   903    4.67316E-01    8.63094E-01
   904    4.24998E-01    8.56491E-01
   905    3.87299E-01    8.51287E-01
   906    3.57380E-01    8.47722E-01
   907    3.33148E-01    8.44893E-01
   908    3.14902E-01    8.42424E-01
   909    3.01353E-01    8.41835E-01
   910    2.94453E-01    8.43022E-01
   911    2.91768E-01    8.45453E-01
   912    2.94657E-01    8.49236E-01
   913    3.02906E-01    8.53622E-01
   914    3.16545E-01    8.57987E-01
   915    3.37261E-01    8.63252E-01
   916    3.66123E-01    8.69439E-01
   917    4.06920E-01    8.74323E-01
   918    4.57385E-01    8.78912E-01
   919    5.21491E-01    8.82156E-01
   920    5.93649E-01    8.84355E-01
   921    6.74127E-01    8.85162E-01
   922    7.41054E-01    8.82750E-01
   923    7.86007E-01    8.80159E-01
   924    7.96087E-01    8.74671E-01
   925    7.66215E-01    8.66706E-01
   926    6.99263E-01    8.55747E-01
   927    6.00829E-01    8.44178E-01
   928    4.98657E-01    8.30637E-01
   929    4.02403E-01    8.14550E-01
   930    3.19529E-01    7.97439E-01
   931    2.53125E-01    7.80817E-01
   932    2.03852E-01    7.62962E-01
   933    1.67554E-01    7.46289E-01
   934    1.40613E-01    7.28634E-01
   935    1.20246E-01    7.13059E-01
   936    1.04914E-01    6.98911E-01
   937    9.23956E-02    6.87083E-01
   938    8.35545E-02    6.76472E-01
   939    7.48134E-02    6.68235E-01
   940    7.09148E-02    6.63156E-01
   941    6.69606E-02    6.61565E-01
   942    6.47557E-02    6.61752E-01
   943    6.06091E-02    6.65158E-01
   944    6.02616E-02    6.73080E-01
   945    6.16901E-02    6.83904E-01
   946    6.44786E-02    6.97249E-01
   947    6.51699E-02    7.14108E-01
   948    6.92342E-02    7.33776E-01
   949    7.50151E-02    7.54806E-01
   950    8.27237E-02    7.75401E-01
   951    9.11971E-02    7.96236E-01
   952    1.02222E-01    8.15796E-01
   953    1.17055E-01    8.31814E-01
   954    1.39520E-01    8.41614E-01
   955    1.67061E-01    8.44794E-01
   956    2.11518E-01    8.41796E-01
   957    2.70910E-01    8.30869E-01
   958    3.48448E-01    8.10911E-01
   959    4.50854E-01    7.84982E-01
   960    5.75124E-01    7.54297E-01
   961    6.94851E-01    7.21493E-01
   962    7.71015E-01    6.85992E-01
   963    7.85413E-01    6.52621E-01
   964    7.29566E-01    6.18376E-01
   965    6.24593E-01    5.88953E-01
   966    5.09596E-01    5.63408E-01
   967    4.01755E-01    5.41278E-01
   968    3.21168E-01    5.24416E-01
   969    2.59362E-01    5.12703E-01
   970    2.19874E-01    5.06253E-01
   971    1.93205E-01    5.04488E-01
   972    1.73432E-01    5.09325E-01
   973    1.59022E-01    5.20258E-01
   974    1.52231E-01    5.37199E-01
   975    1.48593E-01    5.60169E-01
   976    1.49688E-01    5.92133E-01
   977    1.56200E-01    6.29077E-01
   978    1.66054E-01    6.71814E-01
   979    1.83308E-01    7.17700E-01
   980    2.08750E-01    7.63611E-01
   981    2.46925E-01    8.03733E-01
   982    3.01206E-01    8.31437E-01
   983    3.81593E-01    8.39130E-01
   984    4.88013E-01    8.25748E-01
   985    6.15234E-01    7.89648E-01
   986    7.28740E-01    7.33800E-01
   987    7.94181E-01    6.67151E-01
   988    7.70582E-01    5.89654E-01
   989    6.68788E-01    5.14758E-01
   990    5.32681E-01    4.44888E-01
   991    3.96570E-01    3.83499E-01
   992    2.91203E-01    3.29750E-01
   993    2.17839E-01    2.85250E-01
   994    1.70267E-01    2.48963E-01
   995    1.37211E-01    2.19767E-01
   996    1.15806E-01    1.95980E-01
   997    1.04418E-01    1.76656E-01
   998    9.66030E-02    1.61382E-01
   999    9.36313E-02    1.50661E-01
  1000    9.52499E-02    1.41944E-01
  1001    1.01752E-01    1.35583E-01
  1002    1.15141E-01    1.31343E-01
  1003    1.42149E-01    1.29231E-01
  1004    1.93343E-01    1.28708E-01
  1005    2.88201E-01    1.29986E-01
  1006    4.19296E-01    1.32604E-01
  1007    5.32063E-01    1.37703E-01
  1008    5.43410E-01    1.43695E-01
  1009    4.31705E-01    1.53363E-01
  1010    2.65348E-01    1.68358E-01
  1011    1.36382E-01    1.88263E-01
  1012    6.71891E-02    2.12147E-01
  1013    3.33044E-02    2.42804E-01
  1014    1.86436E-02    2.83868E-01
  1015    1.09897E-02    3.39560E-01
  1016    6.97515E-03    4.09632E-01
  1017    5.95072E-03    4.92147E-01
  1018    4.08647E-03    5.85384E-01
  1019    2.28245E-03    6.76958E-01
  1020    2.64355E-03    7.52697E-01
  1021    3.00336E-03    7.94497E-01
  1022    2.25102E-03    7.94979E-01
  1023    1.78231E-03    7.54332E-01
  1024    1.01263E-03    6.82505E-01
  1025   -7.79264E-04    5.97043E-01
  1026    6.23785E-04    5.10047E-01
  1027    5.33359E-03    4.29511E-01
  1028    2.63005E-03    3.62388E-01
  1029    1.65549E-03    3.10864E-01
  1030    1.28889E-03    2.71349E-01
  1031    8.88509E-04    2.41523E-01
  1032    6.28807E-04    2.19870E-01
  1033    5.45904E-04    2.06601E-01
  1034    4.85323E-04    1.99803E-01
  1035    3.32232E-04    1.98695E-01
  1036    3.18823E-04    2.03532E-01
  1037    2.64134E-04    2.14814E-01
  1038    2.24886E-04    2.32069E-01
  1039    1.86110E-04    2.60746E-01
  1040    1.63235E-04    3.03427E-01
  1041    1.43122E-04    3.63832E-01
  1042    1.39630E-04    4.44690E-01
  1043    1.23946E-04    5.41240E-01
  1044    8.52012E-05    6.37559E-01
  1045    1.02531E-04    7.04639E-01
  1046    1.02328E-04    7.22353E-01
  1047    6.53786E-05    6.82128E-01
  1048    5.60949E-05    5.95589E-01
  1049    3.74076E-05    4.85043E-01
  1050    3.69282E-05    3.73295E-01
  1051    5.48832E-05    2.76466E-01
  1052    3.38623E-05    1.98251E-01
  1053    4.12734E-05    1.42789E-01
  1054    4.76237E-05    1.05456E-01
  1055    3.01165E-05    8.02363E-02
  1056    2.40361E-05    6.34002E-02
  1057    4.76744E-05    5.16134E-02
  1058    2.44347E-05    4.23588E-02
  1059    2.44094E-05    3.52754E-02
  1060    1.22847E-05    3.08175E-02
  1061    2.56469E-05    2.73880E-02
  1062    8.68359E-06    2.59888E-02
  1063    2.24469E-05    2.55585E-02
  1064    1.34274E-05    2.47059E-02
  1065    3.72405E-05    2.44669E-02
  1066    1.45004E-05    2.43623E-02
  1067    4.04981E-05    2.41844E-02
  1068    2.95141E-05    2.50414E-02
  1069    3.04185E-05    3.01064E-02
  1070    2.00352E-05    3.63698E-02
  1071    1.12126E-05    4.70375E-02
  1072    1.47950E-05    7.10931E-02
  1073    2.64044E-05    1.17494E-01
  1074    1.66019E-05    1.88827E-01
  1075    3.05320E-05    2.66140E-01
  1076    1.26715E-05    3.15634E-01
  1077    6.31653E-07    3.16470E-01
  1078    2.65515E-05    2.74439E-01
  1079    1.50606E-05    2.08366E-01
  1080    1.31749E-06    1.38711E-01
  1081    2.76518E-05    8.29325E-02
  1082    9.39774E-06    4.58484E-02
  1083    1.38161E-05    2.41398E-02
  1084    3.17786E-05    1.26102E-02
  1085    2.57719E-05    7.15013E-03
  1086    3.25808E-06    4.23931E-03
  1087    7.85726E-06    2.19181E-03
  1088    4.29565E-05    1.91491E-03
  1089    8.87233E-06    1.38423E-03
  1090    2.33162E-05    2.84258E-04
  1091    1.58359E-05   -4.82644E-04
  1092    8.19256E-06   -7.60873E-04
  1093    7.74085E-06    5.29059E-04
  1094    4.21428E-05    2.15869E-03
  1095    1.85302E-05    2.35551E-03
  1096    7.84381E-06    1.70165E-03
  1097    2.03677E-05    1.24334E-03
  1098    3.26901E-05   -2.78344E-05
  1099    2.26224E-05   -6.99323E-04
  1100    2.52591E-05    2.81944E-04
  1101    2.01364E-05    5.61261E-04
  1102    4.27795E-05    3.81950E-04
  1103    3.15271E-05    3.15286E-04
  1104    1.42497E-05    2.75400E-04
  1105    3.04676E-05    2.21207E-04
  1106    3.65250E-05    1.95536E-04
  1107    4.02415E-05    1.70227E-04
  1108    4.57463E-05    1.40042E-04
  1109    4.16998E-05    1.24652E-04
  1110    3.67126E-05    1.26059E-04
  1111    4.11035E-05    1.18216E-04
  1112    5.52633E-05    7.78741E-05
  1113    6.32227E-05    7.21284E-05
  1114    5.74849E-05    6.80933E-05
  1115    5.83697E-05    5.55631E-05
  1116    7.59677E-05    5.23107E-05
  1117    6.59578E-05    6.18502E-05
  1118    8.67422E-05    5.86991E-05
  1119    1.02107E-04    2.82041E-05
  1120    1.02596E-04    3.36414E-05
  1121    8.32201E-05    2.57810E-05
  1122    1.29465E-04    1.83741E-05
  1123    1.39210E-04    2.55398E-05
  1124    1.51912E-04    1.96261E-05
  1125    1.69297E-04    1.75372E-05
  1126    1.88377E-04    2.13087E-05
  1127    2.09058E-04    3.05990E-05
  1128    2.44993E-04    1.00965E-05
  1129    3.01631E-04    2.23458E-05
  1130    3.47220E-04    2.51261E-05
  1131    3.67931E-04    1.51945E-05
  1132    5.19669E-04    7.42593E-06
  1133    7.77448E-04    1.97778E-05
  1134    8.27804E-05    8.59004E-06
  1135   -6.63722E-04    2.73539E-05
  1136   -1.16213E-04    1.77868E-05
  1137    9.34059E-04    7.49939E-06
  1138    1.08649E-03    1.16984E-05
  1139    1.15245E-03    1.27975E-05
  1140    1.39152E-03    1.06715E-05
  1141    2.75050E-03    1.72472E-06
  1142    3.00445E-03    2.22960E-06
  1143    1.47932E-03    1.26602E-05
  1144    2.53822E-03    5.08759E-06
  1145    3.86194E-03    2.58447E-05
  1146    2.97178E-03    1.37192E-05
  1147    3.56239E-03    1.42567E-05
  1148    4.53991E-03    4.13545E-06
  1149    6.25708E-03    1.87816E-05
  1150    9.37220E-03    1.59217E-05
  1151    1.22513E-02    9.37228E-06
  1152    1.46085E-02    5.38088E-06
  1153    1.90685E-02    2.30870E-05
  1154    2.30089E-02    2.49009E-05
  1155    2.98518E-02    1.76638E-05
  1156    3.94781E-02    1.11130E-05
  1157    5.06485E-02    2.16983E-05
  1158    6.50624E-02    5.56695E-06
  1159    8.66899E-02    1.29649E-05
  1160    1.15571E-01    2.41654E-05
  1161    1.55689E-01    4.47468E-06
  1162    2.11084E-01    9.36985E-06
  1163    2.84318E-01    1.35103E-05
  1164    3.80171E-01    8.06524E-06
  1165    4.90662E-01    2.26084E-05
  1166    6.12384E-01    1.18594E-05
  1167    7.30554E-01    9.94418E-06
  1168    8.31969E-01    2.30575E-06
  1169    9.04555E-01    1.40517E-05
  1170    9.45203E-01    1.30975E-05
  1171    9.59644E-01    1.02831E-05
  1172    9.57892E-01    2.07977E-05
  1173    9.48399E-01    2.34114E-05
  1174    9.36527E-01    2.33361E-05
  1175    9.25733E-01    3.15274E-06
  1176    9.18089E-01    1.47920E-05
  1177    9.15570E-01    3.22311E-05
  1178    9.15786E-01    2.75630E-05
  1179    9.19576E-01    3.37638E-05
  1180    9.25640E-01    1.85909E-05
  1181    9.33020E-01    2.58616E-05
  1182    9.41370E-01    3.97284E-05
  1183    9.48829E-01    1.59107E-05
  1184    9.56129E-01    3.44330E-05
  1185    9.61459E-01    4.19506E-05
  1186    9.64951E-01    5.10059E-05
  1187    9.66562E-01    4.21048E-05
  1188    9.65755E-01    3.58286E-05
  1189    9.63595E-01    3.33421E-05
  1190    9.60046E-01    5.07362E-05
  1191    9.55805E-01    6.56715E-05
  1192    9.50998E-01    5.76316E-05
  1193    9.46869E-01    7.04728E-05
  1194    9.44086E-01    7.20608E-05
  1195    9.42835E-01    7.08118E-05
  1196    9.44180E-01    8.52903E-05
  1197    9.47338E-01    9.68213E-05
  1198    9.53544E-01    8.63991E-05
  1199    9.60491E-01    1.34869E-04
  1200    9.66439E-01    1.43919E-04
  1201    9.68334E-01    1.57298E-04
  1202    9.60478E-01    1.68365E-04
  1203    9.36461E-01    1.90902E-04
  1204    8.90883E-01    1.74598E-04
  1205    8.21649E-01    2.12110E-04
  1206    7.29305E-01    2.66565E-04
  1207    6.25595E-01    2.84937E-04
  1208    5.12146E-01    3.53051E-04
  1209    4.08632E-01    4.26996E-04
  1210    3.17935E-01    4.67619E-04
  1211    2.43801E-01    5.36070E-04
  1212    1.83496E-01    6.45731E-04
  1213    1.37949E-01    6.34305E-04
  1214    1.05616E-01    8.03966E-04
  1215    8.07106E-02    1.98738E-03
  1216    6.16324E-02    2.56521E-03
  1217    4.94106E-02    1.24062E-03
  1218    3.78593E-02    1.05923E-03
  1219    3.06946E-02    2.46982E-03
  1220    2.41553E-02    1.36363E-03
  1221    1.84110E-02    4.09657E-04
  1222    1.40899E-02   -5.53293E-04
  1223    1.06910E-02    1.05970E-03
  1224    9.46405E-03    3.32610E-03
  1225    7.15366E-03    2.61894E-03
  1226    5.41547E-03    5.63076E-03
  1227    6.27490E-03    5.64119E-03
  1228    4.25278E-03    6.59516E-03
  1229    3.63584E-03    9.16854E-03
  1230    3.61056E-03    1.23618E-02
  1231    3.03549E-03    1.47822E-02
  1232    2.77052E-03    1.88362E-02
  1233    2.72755E-03    2.18074E-02
  1234    2.51221E-03    2.58196E-02
  1235    2.07213E-03    3.34857E-02
  1236    1.74511E-03    4.22625E-02
  1237    1.54879E-03    5.48704E-02
  1238    1.31292E-03    7.29970E-02
  1239    1.09237E-03    9.43424E-02
  1240    9.67571E-04    1.24022E-01
  1241    8.53961E-04    1.64246E-01
  1242    7.26769E-04    2.11287E-01
  1243    6.51520E-04    2.72281E-01
  1244    5.80556E-04    3.44394E-01
  1245    4.97768E-04    4.28490E-01
  1246    4.37260E-04    5.16694E-01
  1247    3.99589E-04    6.03554E-01
  1248    3.52361E-04    6.85576E-01
  1249    3.06585E-04    7.57336E-01
  1250    2.87257E-04    8.13975E-01
  1251    2.48757E-04    8.57261E-01
  1252    2.23167E-04    8.86571E-01
  1253    2.05846E-04    9.04915E-01
  1254    1.89418E-04    9.15463E-01
  1255    1.62624E-04    9.21342E-01
  1256    1.56560E-04    9.24408E-01
  1257    1.43028E-04    9.26999E-01
  1258    1.28864E-04    9.30183E-01
  1259    1.21923E-04    9.34297E-01
  1260    1.10300E-04    9.38539E-01
  1261    1.00636E-04    9.44096E-01
  1262    9.23804E-05    9.50333E-01
  1263    8.72383E-05    9.56189E-01
  1264    8.25954E-05    9.61366E-01
  1265    8.07826E-05    9.65774E-01
  1266    7.56812E-05    9.68707E-01
  1267    6.90982E-05    9.69950E-01
  1268    6.75493E-05    9.68721E-01
  1269    6.27209E-05    9.66561E-01
  1270    5.65871E-05    9.63301E-01
  1271    4.87946E-05    9.58489E-01
  1272    4.15668E-05    9.52753E-01
  1273    3.34059E-05    9.46828E-01
  1274    2.90719E-05    9.41466E-01
  1275    3.12887E-05    9.36707E-01
  1276    3.21695E-05    9.33221E-01
  1277    3.56251E-05    9.31051E-01
  1278    3.42808E-05    9.31354E-01
  1279    3.60079E-05    9.35330E-01
  1280    3.58172E-05    9.41610E-01
  1281    3.51083E-05    9.49610E-01
  1282    3.30096E-05    9.58464E-01
  1283    3.14634E-05    9.66615E-01
  1284    3.19599E-05    9.70722E-01
  1285    2.81442E-05    9.65676E-01
  1286    2.88525E-05    9.47416E-01
  1287    2.68666E-05    9.11708E-01
  1288    2.55074E-05    8.58391E-01
  1289    2.03256E-05    7.88016E-01
  1290    2.00657E-05    7.04323E-01
  1291    1.63582E-05    6.11224E-01
  1292    1.99237E-05    5.17383E-01
  1293    2.15252E-05    4.28812E-01
  1294    2.41628E-05    3.47851E-01
  1295    1.85351E-05    2.75244E-01
  1296    1.81171E-05    2.14818E-01
  1297    1.26292E-05    1.66890E-01
  1298    1.39486E-05    1.29310E-01
  1299    1.38668E-05    9.98585E-02
  1300    1.69722E-05    7.87195E-02
  1301    2.00216E-05    6.01417E-02
  1302    1.96602E-05    4.53949E-02
  1303    1.60947E-05    3.61345E-02
  1304    1.43907E-05    2.88173E-02
  1305    1.37389E-05    2.21927E-02
  1306    1.31404E-05    1.91815E-02
  1307    1.89383E-05    1.59757E-02
  1308    2.33060E-05    1.28949E-02
  1309    2.08879E-05    1.18993E-02
  1310    2.33877E-05    9.81140E-03
  1311    2.03837E-05    7.05903E-03
  1312    1.71620E-05    6.06935E-03
  1313    1.34195E-05    6.77244E-03
  1314    1.54005E-05    5.08027E-03
  1315    1.52321E-05    3.47212E-03
  1316    1.91921E-05    2.87109E-03
  1317    1.99912E-05    2.59862E-03
  1318    1.93152E-05    1.57427E-03
  1319    1.71519E-05    1.52011E-03
  1320    1.72837E-05    2.75718E-03
  1321    1.42305E-05    3.03791E-03
  1322    1.58204E-05    2.19888E-03
  1323    1.89340E-05    1.70850E-03
  1324    2.04834E-05    1.42446E-03
  1325    2.03696E-05    1.26924E-03
  1326    1.98868E-05    1.13560E-03
  1327    1.83260E-05    9.78028E-04
  1328    1.57697E-05    8.61901E-04
  1329    1.35488E-05    7.71357E-04
  1330    1.19307E-05    6.75808E-04
  1331    1.55506E-05    5.99552E-04
  1332    1.24572E-05    5.23682E-04
  1333    1.36251E-05    4.65882E-04
  1334    1.69283E-05    4.26961E-04
  1335    1.94607E-05    3.76723E-04
  1336    1.75123E-05    3.36948E-04
  1337    1.60460E-05    3.16013E-04
  1338    1.80842E-05    2.95787E-04
  1339    1.71740E-05    2.66487E-04
  1340    1.50870E-05    2.48238E-04
  1341    1.69340E-05    2.30325E-04
  1342    2.00168E-05    2.07644E-04
  1343    1.65702E-05    1.84128E-04
  1344    1.84422E-05    1.68004E-04
  1345    2.01467E-05    1.57055E-04
  1346    1.65370E-05    1.46670E-04
  1347    1.86444E-05    1.38206E-04
  1348    2.17938E-05    1.35619E-04
  1349    2.33731E-05    1.29094E-04
  1350    2.01303E-05    1.16324E-04
  1351    2.61763E-05    1.10212E-04
  1352    2.62447E-05    1.03207E-04
  1353    2.66531E-05    9.04181E-05
  1354    2.59854E-05    8.20777E-05
  1355    3.00007E-05    7.96431E-05
  1356    2.58314E-05    7.54145E-05
  1357    2.93187E-05    6.82904E-05
  1358    3.06290E-05    6.56129E-05
  1359    3.13460E-05    6.39658E-05
  1360    3.56175E-05    6.24184E-05
  1361    3.84056E-05    6.20639E-05
  1362    3.46410E-05    6.15187E-05
  1363    3.74962E-05    5.76130E-05
  1364    4.04436E-05    5.71477E-05
  1365    3.78223E-05    5.13443E-05
  1366    4.09264E-05    4.21611E-05
  1367    4.58844E-05    4.26378E-05
  1368    4.68669E-05    4.34972E-05
  1369    4.81806E-05    3.86113E-05
  1370    5.54792E-05    4.10286E-05
  1371    5.93041E-05    4.55549E-05
  1372    6.09336E-05    4.07855E-05
  1373    6.69260E-05    3.78358E-05
  1374    6.84278E-05    3.82269E-05
  1375    7.06404E-05    3.05767E-05
  1376    6.92124E-05    2.48961E-05
  1377    7.86501E-05    2.64455E-05
  1378    7.97687E-05    2.17693E-05
  1379    8.39861E-05    1.84310E-05
  1380    8.82087E-05    2.45752E-05
  1381    9.62602E-05    2.66638E-05
  1382    9.70400E-05    2.52575E-05
  1383    1.04544E-04    3.33954E-05
  1384    1.16204E-04    3.38995E-05
  1385    1.28906E-04    2.96099E-05
  1386    1.41222E-04    3.01069E-05
  1387    1.54161E-04    2.80805E-05
  1388    1.59323E-04    2.14649E-05
  1389    1.73650E-04    2.43415E-05
  1390    1.88415E-04    2.46737E-05
  1391    2.02847E-04    1.89658E-05
  1392    2.18986E-04    1.98076E-05
  1393    2.33070E-04    2.15365E-05
  1394    2.62756E-04    1.98407E-05
  1395    2.97181E-04    1.96197E-05
  1396    3.24829E-04    2.28413E-05
  1397    3.50012E-04    2.09433E-05
  1398    4.07791E-04    1.87004E-05
  1399    4.30648E-04    1.74956E-05
  1400    4.59527E-04    1.58871E-05
  1401    5.22842E-04    1.54745E-05
  1402    5.85059E-04    2.18090E-05
  1403    6.40160E-04    1.98132E-05
  1404    7.23873E-04    1.85566E-05
  1405    8.41949E-04    2.25281E-05
  1406    9.32102E-04    1.93555E-05
  1407    1.06645E-03    1.23563E-05
  1408    1.20971E-03    1.91251E-05
  1409    1.34127E-03    1.82982E-05
  1410    1.31414E-03    1.12487E-05
  1411    2.28199E-03    1.54300E-05
  1412    2.47946E-03    1.82864E-05
  1413    2.13132E-03    1.30414E-05
  1414    2.82949E-03    1.66892E-05
  1415    3.95658E-03    1.89899E-05
  1416    2.32232E-03    1.91828E-05
  1417    1.22639E-03    2.03312E-05
  1418    2.33178E-03    2.27781E-05
  1419    4.17548E-03    2.01989E-05
  1420    3.80899E-03    1.95471E-05
  1421    4.39968E-03    2.27651E-05
  1422    6.34212E-03    1.93618E-05
  1423    8.04526E-03    1.79183E-05
  1424    9.86595E-03    2.22096E-05
  1425    1.14862E-02    2.84846E-05
  1426    1.36656E-02    2.23681E-05
  1427    1.66569E-02    2.49611E-05
  1428    2.25001E-02    2.79756E-05
  1429    2.96658E-02    2.37961E-05
  1430    3.79944E-02    1.78588E-05
  1431    5.21617E-02    2.19384E-05
  1432    7.19270E-02    2.14415E-05
  1433    1.03024E-01    2.28229E-05
  1434    1.57551E-01    2.44837E-05
  1435    2.52225E-01    2.64978E-05
  1436    3.95774E-01    2.47820E-05
  1437    5.73986E-01    3.08789E-05
  1438    7.09907E-01    2.74994E-05
  1439    7.27889E-01    3.18425E-05
  1440    6.27538E-01    3.87052E-05
  1441    4.78903E-01    4.17174E-05
  1442    3.43986E-01    3.51782E-05
  1443    2.44103E-01    3.88776E-05
  1444    1.80619E-01    3.79572E-05
  1445    1.41869E-01    3.43830E-05
  1446    1.16256E-01    3.69092E-05
  1447    9.59340E-02    3.87593E-05
  1448    8.36551E-02    3.69049E-05
  1449    7.47184E-02    3.87688E-05
  1450    6.76661E-02    4.27116E-05
  1451    6.14085E-02    4.06127E-05
  1452    5.70468E-02    4.54713E-05
  1453    5.54583E-02    5.24465E-05
  1454    5.33790E-02    5.02187E-05
  1455    5.01345E-02    5.06483E-05
  1456    4.78809E-02    5.54209E-05
  1457    4.66932E-02    5.44265E-05
  1458    4.83467E-02    5.01324E-05
  1459    4.94180E-02    5.25301E-05
  1460    5.02454E-02    5.33583E-05
  1461    5.02628E-02    5.75517E-05
  1462    5.08057E-02    6.54664E-05
  1463    5.13918E-02    7.26484E-05
  1464    5.33631E-02    7.48966E-05
  1465    5.64793E-02    7.92132E-05
  1466    5.85726E-02    8.06239E-05
  1467    6.14774E-02    8.02670E-05
  1468    6.37965E-02    8.07170E-05
  1469    6.82973E-02    8.80214E-05
  1470    7.41442E-02    9.26199E-05
  1471    7.96828E-02    9.67853E-05
  1472    8.69750E-02    1.05525E-04
  1473    9.50450E-02    1.13761E-04
  1474    1.03027E-01    1.25937E-04
  1475    1.13109E-01    1.37209E-04
  1476    1.25176E-01    1.48259E-04
  1477    1.38776E-01    1.54720E-04
  1478    1.57363E-01    1.64980E-04
  1479    1.78510E-01    1.75784E-04
  1480    2.03989E-01    1.84467E-04
  1481    2.33212E-01    2.02482E-04
  1482    2.69576E-01    2.22213E-04
  1483    3.14316E-01    2.39369E-04
  1484    3.65561E-01    2.55169E-04
  1485    4.27575E-01    2.74042E-04
  1486    5.00335E-01    3.01184E-04
  1487    5.82423E-01    3.24708E-04
  1488    6.70259E-01    3.52908E-04
  1489    7.57161E-01    3.96344E-04
  1490    8.31305E-01    4.38147E-04
  1491    8.84522E-01    4.69648E-04
  1492    9.08972E-01    5.26985E-04
  1493    9.00491E-01    5.79028E-04
  1494    8.62186E-01    6.30094E-04
  1495    8.02421E-01    6.97298E-04
  1496    7.31809E-01    7.64793E-04
  1497    6.57258E-01    8.35894E-04
  1498    5.87335E-01    9.32610E-04
  1499    5.23457E-01    1.04175E-03
  1500    4.68352E-01    1.13543E-03
  1501    4.19167E-01    1.31365E-03
  1502    3.78238E-01    1.48909E-03
  1503    3.43157E-01    1.73325E-03
  1504    3.13755E-01    2.05258E-03
  1505    2.88941E-01    2.62249E-03
  1506    2.68697E-01    2.90523E-03
  1507    2.51188E-01    3.13273E-03
  1508    2.35749E-01    2.91101E-03
  1509    2.23099E-01    3.44364E-03
  1510    2.12699E-01    4.16172E-03
  1511    2.03598E-01    3.80083E-03
  1512    1.96484E-01    3.79162E-03
  1513    1.89831E-01    3.99794E-03
  1514    1.85104E-01    5.67893E-03
  1515    1.80910E-01    6.63789E-03
  1516    1.77096E-01    8.27786E-03
  1517    1.74962E-01    9.74988E-03
  1518    1.73129E-01    9.88899E-03
  1519    1.73164E-01    1.32853E-02
  1520    1.73887E-01    1.64585E-02
  1521    1.74329E-01    2.08132E-02
  1522    1.75318E-01    2.43849E-02
  1523    1.78326E-01    3.18346E-02
  1524    1.83072E-01    3.97447E-02
  1525    1.84946E-01    5.18909E-02
  1526    1.90880E-01    6.91464E-02
  1527    1.95660E-01    9.23647E-02
  1528    2.01817E-01    1.27243E-01
  1529    2.09986E-01    1.76503E-01
  1530    2.20233E-01    2.40180E-01
  1531    2.29974E-01    3.21271E-01
  1532    2.41531E-01    4.07429E-01
  1533    2.53434E-01    4.88813E-01
  1534    2.68629E-01    5.52166E-01
  1535    2.86689E-01    5.87518E-01
  1536    3.06196E-01    5.92013E-01
  1537    3.28009E-01    5.66668E-01
  1538    3.52502E-01    5.19098E-01
  1539    3.81399E-01    4.59051E-01
  1540    4.14067E-01    3.94739E-01
  1541    4.48762E-01    3.34346E-01
  1542    4.88943E-01    2.82032E-01
  1543    5.34799E-01    2.38753E-01
  1544    5.83030E-01    2.06277E-01
  1545    6.35482E-01    1.81432E-01
  1546    6.91961E-01    1.62385E-01
  1547    7.49074E-01    1.48520E-01
  1548    8.03593E-01    1.36953E-01
  1549    8.53884E-01    1.27562E-01
  1550    8.93811E-01    1.22560E-01
  1551    9.22999E-01    1.20007E-01
  1552    9.36882E-01    1.18698E-01
  1553    9.34192E-01    1.17963E-01
  1554    9.14233E-01    1.17613E-01
  1555    8.79036E-01    1.20350E-01
  1556    8.33708E-01    1.22915E-01
  1557    7.80529E-01    1.25709E-01
  1558    7.23381E-01    1.29655E-01
  1559    6.63750E-01    1.34894E-01
  1560    6.07311E-01    1.42359E-01
  1561    5.53383E-01    1.51303E-01
  1562    5.05170E-01    1.60971E-01
  1563    4.59220E-01    1.73507E-01
  1564    4.19725E-01    1.88558E-01
  1565    3.82059E-01    2.05993E-01
  1566    3.49789E-01    2.25307E-01
  1567    3.20974E-01    2.50082E-01
  1568    2.96026E-01    2.79933E-01
  1569    2.73964E-01    3.14029E-01
  1570    2.54874E-01    3.52704E-01
  1571    2.36433E-01    3.98681E-01
  1572    2.21667E-01    4.51663E-01
  1573    2.08099E-01    5.11429E-01
  1574    1.95062E-01    5.75917E-01
  1575    1.82875E-01    6.41985E-01
  1576    1.73652E-01    7.05652E-01
  1577    1.65712E-01    7.61829E-01
  1578    1.57111E-01    8.05415E-01
  1579    1.49565E-01    8.33120E-01
  1580    1.43611E-01    8.42238E-01
  1581    1.38668E-01    8.32176E-01
  1582    1.31468E-01    8.04014E-01
  1583    1.27209E-01    7.61428E-01
  1584    1.22806E-01    7.08313E-01
  1585    1.18386E-01    6.50263E-01
  1586    1.15763E-01    5.89561E-01
  1587    1.12853E-01    5.30402E-01
  1588    1.10812E-01    4.74698E-01
  1589    1.09546E-01    4.25083E-01
  1590    1.06784E-01    3.79865E-01
  1591    1.03997E-01    3.40119E-01
  1592    1.01422E-01    3.06917E-01
  1593    1.00572E-01    2.78711E-01
  1594    9.97412E-02    2.53432E-01
  1595    9.85648E-02    2.32564E-01
  1596    9.86516E-02    2.15096E-01
  1597    9.74152E-02    1.99662E-01
  1598    9.69279E-02    1.86206E-01
  1599    9.62308E-02    1.74761E-01
  1600    9.59137E-02    1.66243E-01
  1601    9.68977E-02    1.58177E-01
  1602    9.77222E-02    1.50801E-01
  1603    9.59048E-02    1.43273E-01
  1604    9.55993E-02    1.36724E-01
  1605    9.63613E-02    1.33031E-01
  1606    9.71586E-02    1.30629E-01
  1607    9.84857E-02    1.27913E-01
  1608    1.00352E-01    1.25443E-01
  1609    9.98314E-02    1.22661E-01
  1610    1.01128E-01    1.20248E-01
  1611    1.04245E-01    1.19281E-01
  1612    1.06958E-01    1.19134E-01
  1613    1.08947E-01    1.19057E-01
  1614    1.10984E-01    1.19103E-01
  1615    1.13763E-01    1.19458E-01
  1616    1.16104E-01    1.20456E-01
  1617    1.17161E-01    1.22037E-01
  1618    1.20287E-01    1.25367E-01
  1619    1.25391E-01    1.27915E-01
  1620    1.29487E-01    1.29995E-01
  1621    1.32844E-01    1.33064E-01
  1622    1.36855E-01    1.37140E-01
  1623    1.40860E-01    1.42256E-01
  1624    1.46966E-01    1.48224E-01
  1625    1.52873E-01    1.53365E-01
  1626    1.58218E-01    1.60413E-01
  1627    1.64798E-01    1.69205E-01
  1628    1.71887E-01    1.79684E-01
  1629    1.78618E-01    1.90385E-01
  1630    1.85224E-01    2.01714E-01
  1631    1.94128E-01    2.15067E-01
  1632    2.04868E-01    2.30413E-01
  1633    2.14841E-01    2.47380E-01
  1634    2.24653E-01    2.67417E-01
  1635    2.35551E-01    2.90143E-01
  1636    2.48643E-01    3.16676E-01
  1637    2.63318E-01    3.46978E-01
  1638    2.77639E-01    3.80924E-01
  1639    2.94090E-01    4.19135E-01
  1640    3.11165E-01    4.61466E-01
  1641    3.28313E-01    5.07893E-01
  1642    3.47580E-01    5.58851E-01
  1643    3.68889E-01    6.12490E-01
  1644    3.91258E-01    6.66585E-01
  1645    4.14494E-01    7.20248E-01
  1646    4.39905E-01    7.70325E-01
  1647    4.67296E-01    8.13399E-01
  1648    4.95561E-01    8.45854E-01
  1649    5.24982E-01    8.66029E-01
  1650    5.55907E-01    8.72287E-01
  1651    5.88200E-01    8.63601E-01
  1652    6.20147E-01    8.41072E-01
  1653    6.52986E-01    8.06520E-01
  1654    6.86038E-01    7.61976E-01
  1655    7.18790E-01    7.11790E-01
  1656    7.49992E-01    6.58162E-01
  1657    7.79603E-01    6.02427E-01
  1658    8.06851E-01    5.47393E-01
  1659    8.32131E-01    4.96510E-01
  1660    8.53605E-01    4.48095E-01
  1661    8.71097E-01    4.03695E-01
  1662    8.84066E-01    3.64282E-01
  1663    8.93475E-01    3.29509E-01
  1664    8.98754E-01    2.99161E-01
  1665    8.98982E-01    2.71458E-01
  1666    8.94801E-01    2.46587E-01
  1667    8.87404E-01    2.25460E-01
  1668    8.77068E-01    2.07068E-01
  1669    8.63338E-01    1.91391E-01
  1670    8.47273E-01    1.77170E-01
  1671    8.29839E-01    1.63848E-01
  1672    8.11138E-01    1.53332E-01
  1673    7.91800E-01    1.44868E-01
  1674    7.71837E-01    1.36182E-01
  1675    7.50845E-01    1.28231E-01
  1676    7.30219E-01    1.21704E-01
  1677    7.10401E-01    1.14493E-01
  1678    6.90232E-01    1.07527E-01
  1679    6.70852E-01    1.02775E-01
  1680    6.52557E-01    9.86444E-02
  1681    6.34786E-01    9.45352E-02
  1682    6.18423E-01    9.09574E-02
  1683    6.03505E-01    8.81396E-02
  1684    5.89270E-01    8.52849E-02
  1685    5.75387E-01    8.19978E-02
  1686    5.62325E-01    7.93509E-02
  1687    5.50154E-01    7.77252E-02
  1688    5.38656E-01    7.68666E-02
  1689    5.28604E-01    7.50296E-02
  1690    5.19803E-01    7.26447E-02
  1691    5.11509E-01    7.05776E-02
  1692    5.03728E-01    6.85935E-02
  1693    4.95862E-01    6.67062E-02
  1694    4.88656E-01    6.63627E-02
  1695    4.82703E-01    6.63868E-02
  1696    4.77265E-01    6.54229E-02
  1697    4.72726E-01    6.43541E-02
  1698    4.68880E-01    6.35885E-02
  1699    4.64926E-01    6.39725E-02
  1700    4.62300E-01    6.40961E-02
  1701    4.60305E-01    6.38462E-02
  1702    4.58364E-01    6.33092E-02
  1703    4.57489E-01    6.17266E-02
  1704    4.57131E-01    6.16013E-02
  1705    4.56947E-01    6.16742E-02
  1706    4.56974E-01    6.26606E-02
  1707    4.57897E-01    6.34129E-02
  1708    4.59210E-01    6.27729E-02
  1709    4.60615E-01    6.29608E-02
  1710    4.62685E-01    6.48542E-02
  1711    4.65519E-01    6.58042E-02
  1712    4.68211E-01    6.48714E-02
  1713    4.71536E-01    6.48255E-02
  1714    4.76100E-01    6.65265E-02
  1715    4.80126E-01    6.82121E-02
  1716    4.85048E-01    6.94859E-02
  1717    4.90843E-01    7.04505E-02
  1718    4.95955E-01    7.10890E-02
  1719    5.01864E-01    7.29537E-02
  1720    5.09129E-01    7.60293E-02
  1721    5.16688E-01    7.90255E-02
  1722    5.24427E-01    8.10750E-02
  1723    5.32782E-01    8.25497E-02
  1724    5.40873E-01    8.39824E-02
  1725    5.48582E-01    8.53372E-02
  1726    5.57069E-01    8.74363E-02
  1727    5.66245E-01    9.04140E-02
  1728    5.76492E-01    9.47992E-02
  1729    5.86679E-01    9.87847E-02
  1730    5.96926E-01    1.01780E-01
  1731    6.07746E-01    1.04155E-01
  1732    6.19259E-01    1.07966E-01
  1733    6.30811E-01    1.12521E-01
  1734    6.42292E-01    1.16602E-01
  1735    6.54275E-01    1.22277E-01
  1736    6.66976E-01    1.27662E-01
  1737    6.79856E-01    1.32884E-01
  1738    6.92038E-01    1.38844E-01
  1739    7.05215E-01    1.46639E-01
  1740    7.18275E-01    1.54781E-01
  1741    7.31115E-01    1.62820E-01
  1742    7.43932E-01    1.72519E-01
  1743    7.56558E-01    1.82306E-01
  1744    7.69125E-01    1.92260E-01
  1745    7.81770E-01    2.02701E-01
  1746    7.93843E-01    2.15179E-01
  1747    8.05937E-01    2.28552E-01
  1748    8.17381E-01    2.43081E-01
  1749    8.28339E-01    2.58507E-01
  1750    8.38644E-01    2.75454E-01
  1751    8.48346E-01    2.94423E-01
  1752    8.57695E-01    3.14309E-01
  1753    8.66050E-01    3.36453E-01
  1754    8.74001E-01    3.59786E-01
  1755    8.80835E-01    3.84538E-01
  1756    8.87241E-01    4.11211E-01
  1757    8.93159E-01    4.39210E-01
  1758    8.97704E-01    4.68234E-01
  1759    9.01210E-01    4.99969E-01
  1760    9.04565E-01    5.33342E-01
  1761    9.07159E-01    5.67808E-01
  1762    9.08570E-01    6.03650E-01
  1763    9.08992E-01    6.39923E-01
  1764    9.09158E-01    6.75748E-01
  1765    9.08510E-01    7.11057E-01
  1766    9.07722E-01    7.44403E-01
  1767    9.05287E-01    7.77103E-01
  1768    9.02550E-01    8.05575E-01
  1769    8.99592E-01    8.32190E-01
  1770    8.96073E-01    8.54957E-01
  1771    8.91871E-01    8.73465E-01
  1772    8.87112E-01    8.86631E-01
  1773    8.82119E-01    8.94754E-01
  1774    8.76402E-01    8.98387E-01
  1775    8.70662E-01    8.97177E-01
  1776    8.64921E-01    8.91404E-01
  1777    8.58781E-01    8.80916E-01
  1778    8.52451E-01    8.67085E-01
  1779    8.46605E-01    8.49529E-01
  1780    8.39685E-01    8.29905E-01
  1781    8.33020E-01    8.07962E-01
  1782    8.26174E-01    7.85013E-01
  1783    8.20445E-01    7.59988E-01
  1784    8.13760E-01    7.35541E-01
  1785    8.07566E-01    7.10594E-01
  1786    8.01191E-01    6.86543E-01
  1787    7.95018E-01    6.62728E-01
  1788    7.88950E-01    6.40153E-01
  1789    7.83699E-01    6.17689E-01
  1790    7.77887E-01    5.96071E-01
  1791    7.72262E-01    5.75826E-01
  1792    7.67075E-01    5.57522E-01
  1793    7.61945E-01    5.39906E-01
  1794    7.57591E-01    5.23007E-01
  1795    7.53083E-01    5.08159E-01
  1796    7.48089E-01    4.94467E-01
  1797    7.44143E-01    4.79977E-01
  1798    7.40318E-01    4.66567E-01
  1799    7.36492E-01    4.54611E-01
  1800    7.33615E-01    4.44676E-01
  1801    7.29695E-01    4.34917E-01
  1802    7.26788E-01    4.26541E-01
  1803    7.24083E-01    4.18258E-01
  1804    7.21183E-01    4.10386E-01
  1805    7.18660E-01    4.02923E-01
  1806    7.17125E-01    3.97512E-01
  1807    7.14741E-01    3.91949E-01
  1808    7.13576E-01    3.86297E-01
  1809    7.11801E-01    3.82287E-01
  1810    7.10743E-01    3.77895E-01
  1811    7.09766E-01    3.74805E-01
  1812    7.08860E-01    3.72156E-01
  1813    7.08872E-01    3.68092E-01
  1814    7.07785E-01    3.66515E-01
  1815    7.06956E-01    3.65971E-01
  1816    7.07293E-01    3.65534E-01
  1817    7.07867E-01    3.63482E-01
  1818    7.07979E-01    3.63730E-01
  1819    7.09056E-01    3.63421E-01
  1820    7.09287E-01    3.63001E-01
  1821    7.10443E-01    3.64655E-01
  1822    7.11324E-01    3.65041E-01
  1823    7.11971E-01    3.66456E-01
  1824    7.12935E-01    3.69062E-01
  1825    7.14789E-01    3.71769E-01
  1826    7.16827E-01    3.74857E-01
  1827    7.18709E-01    3.78482E-01
  1828    7.20471E-01    3.81301E-01
  1829    7.22296E-01    3.84915E-01
  1830    7.24134E-01    3.88946E-01
  1831    7.25804E-01    3.93644E-01
  1832    7.28737E-01    3.99002E-01
  1833    7.32126E-01    4.03454E-01
  1834    7.34509E-01    4.08740E-01
  1835    7.36890E-01    4.14930E-01
  1836    7.39752E-01    4.22319E-01
  1837    7.42869E-01    4.30159E-01
  1838    7.46473E-01    4.37934E-01
  1839    7.50739E-01    4.45761E-01
  1840    7.53535E-01    4.52986E-01
  1841    7.55768E-01    4.59453E-01
  1842    7.58668E-01    4.67287E-01
  1843    7.61595E-01    4.77129E-01
  1844    7.65706E-01    4.87870E-01
  1845    7.69787E-01    5.00783E-01
  1846    7.73711E-01    5.11948E-01
  1847    7.76945E-01    5.21071E-01
  1848    7.80090E-01    5.30308E-01
  1849    7.83315E-01    5.41721E-01
  1850    7.87418E-01    5.54780E-01
  1851    7.91631E-01    5.67632E-01
  1852    7.95113E-01    5.80425E-01
  1853    7.98568E-01    5.92540E-01
  1854    8.02173E-01    6.05588E-01
  1855    8.05966E-01    6.19101E-01
  1856    8.10278E-01    6.34608E-01
  1857    8.15183E-01    6.49293E-01
  1858    8.18596E-01    6.63477E-01
  1859    8.22009E-01    6.77586E-01
  1860    8.24859E-01    6.91337E-01
  1861    8.28853E-01    7.04636E-01
  1862    8.32607E-01    7.19110E-01
  1863    8.36078E-01    7.32533E-01
  1864    8.39741E-01    7.46589E-01
  1865    8.43242E-01    7.60366E-01
  1866    8.46913E-01    7.75314E-01
  1867    8.50590E-01    7.90144E-01
  1868    8.54477E-01    8.04010E-01
  1869    8.57896E-01    8.17448E-01
  1870    8.61424E-01    8.30051E-01
  1871    8.64771E-01    8.41534E-01
  1872    8.67700E-01    8.52223E-01
  1873    8.71279E-01    8.62608E-01
  1874    8.74558E-01    8.72376E-01
  1875    8.78065E-01    8.80826E-01
  1876    8.80976E-01    8.88469E-01
  1877    8.83632E-01    8.95522E-01
  1878    8.86075E-01    9.01009E-01
  1879    8.88781E-01    9.06303E-01
  1880    8.91191E-01    9.11040E-01
  1881    8.93995E-01    9.14508E-01
  1882    8.96457E-01    9.17074E-01
  1883    8.98494E-01    9.18978E-01
  1884    9.01036E-01    9.19617E-01
  1885    9.03242E-01    9.19387E-01
  1886    9.05321E-01    9.18722E-01
  1887    9.07192E-01    9.17772E-01
  1888    9.09640E-01    9.16038E-01
  1889    9.11527E-01    9.12557E-01
  1890    9.13040E-01    9.09176E-01
  1891    9.14710E-01    9.06013E-01
  1892    9.16508E-01    9.02006E-01
  1893    9.17567E-01    8.97252E-01
  1894    9.18747E-01    8.92772E-01
  1895    9.20430E-01    8.87182E-01
  1896    9.22087E-01    8.80879E-01
  1897    9.23393E-01    8.74766E-01
  1898    9.24547E-01    8.68620E-01
  1899    9.25217E-01    8.62263E-01
  1900    9.25811E-01    8.55615E-01
  1901    9.26649E-01    8.48843E-01
  1902    9.27824E-01    8.41159E-01
  1903    9.28322E-01    8.33715E-01
  1904    9.28954E-01    8.27015E-01
  1905    9.29292E-01    8.20596E-01
  1906    9.29302E-01    8.13916E-01
  1907    9.29677E-01    8.08071E-01
  1908    9.30191E-01    8.02055E-01
  1909    9.30230E-01    7.95501E-01
  1910    9.30184E-01    7.88451E-01
  1911    9.30041E-01    7.82400E-01
  1912    9.29983E-01    7.76901E-01
  1913    9.29447E-01    7.71383E-01
  1914    9.28689E-01    7.66134E-01
  1915    9.28451E-01    7.61262E-01
  1916    9.28328E-01    7.56418E-01
  1917    9.27941E-01    7.51147E-01
  1918    9.27060E-01    7.45844E-01
  1919    9.26215E-01    7.41261E-01
  1920    9.25468E-01    7.37244E-01
  1921    9.24746E-01    7.33635E-01
  1922    9.24015E-01    7.30378E-01
  1923    9.23376E-01    7.27105E-01
  1924    9.22768E-01    7.23949E-01
  1925    9.21926E-01    7.20690E-01
  1926    9.20710E-01    7.17480E-01
  1927    9.19444E-01    7.14796E-01
  1928    9.18498E-01    7.12572E-01
  1929    9.17425E-01    7.10501E-01
  1930    9.16192E-01    7.08747E-01
  1931    9.14910E-01    7.07205E-01
  1932    9.13804E-01    7.05886E-01
  1933    9.12532E-01    7.04612E-01
  1934    9.11229E-01    7.03271E-01
  1935    9.09957E-01    7.02039E-01
  1936    9.08425E-01    7.01656E-01
  1937    9.06818E-01    7.01101E-01
  1938    9.04850E-01    7.00385E-01
  1939    9.03652E-01    7.00153E-01
  1940    9.02564E-01    7.00005E-01
  1941    9.01163E-01    6.99964E-01
  1942    8.99845E-01    7.00600E-01
  1943    8.99178E-01    7.01254E-01
  1944    8.98209E-01    7.01694E-01
  1945    8.96542E-01    7.02534E-01
  1946    8.94788E-01    7.03566E-01
  1947    8.93360E-01    7.04688E-01
  1948    8.92362E-01    7.06113E-01
  1949    8.91215E-01    7.07583E-01
  1950    8.89877E-01    7.08697E-01
  1951    8.88436E-01    7.10318E-01
  1952    8.87629E-01    7.12204E-01
  1953    8.86828E-01    7.14054E-01
  1954    8.85769E-01    7.15843E-01
  1955    8.84565E-01    7.17858E-01
  1956    8.83008E-01    7.20155E-01
  1957    8.82145E-01    7.22380E-01
  1958    8.81435E-01    7.24914E-01
  1959    8.80592E-01    7.27561E-01
  1960    8.79842E-01    7.30047E-01
  1961    8.78916E-01    7.32240E-01
  1962    8.77975E-01    7.34499E-01
  1963    8.77191E-01    7.37248E-01
  1964    8.76571E-01    7.40048E-01
  1965    8.76128E-01    7.42906E-01
  1966    8.75544E-01    7.46355E-01
  1967    8.74981E-01    7.49581E-01
  1968    8.74523E-01    7.52559E-01
  1969    8.74229E-01    7.55563E-01
  1970    8.74082E-01    7.58550E-01
  1971    8.73645E-01    7.61843E-01
  1972    8.73391E-01    7.65017E-01
  1973    8.73566E-01    7.68169E-01
  1974    8.73833E-01    7.71581E-01
  1975    8.74194E-01    7.74943E-01
  1976    8.74076E-01    7.77923E-01
  1977    8.73342E-01    7.81128E-01
  1978    8.73515E-01    7.84988E-01
  1979    8.74416E-01    7.88790E-01
  1980    8.74991E-01    7.91680E-01
  1981    8.74879E-01    7.94534E-01
  1982    8.75230E-01    7.98025E-01
  1983    8.75913E-01    8.01051E-01
  1984    8.76486E-01    8.04231E-01
  1985    8.77353E-01    8.08081E-01
  1986    8.77922E-01    8.11648E-01
  1987    8.78342E-01    8.14954E-01
  1988    8.79154E-01    8.18322E-01
  1989    8.80256E-01    8.21629E-01
  1990    8.81246E-01    8.24918E-01
  1991    8.82139E-01    8.28591E-01
  1992    8.83342E-01    8.31976E-01
  1993    8.84494E-01    8.34752E-01
  1994    8.85390E-01    8.37712E-01
  1995    8.86364E-01    8.41095E-01
  1996    8.87731E-01    8.44246E-01
  1997    8.88988E-01    8.47227E-01
  1998    8.90081E-01    8.50245E-01
  1999    8.91148E-01    8.53454E-01
  2000    8.92834E-01    8.56424E-01
  2001    8.94119E-01    8.58984E-01
  2002    8.95054E-01    8.61978E-01
  2003    8.96249E-01    8.64851E-01
  2004    8.97436E-01    8.67305E-01
  2005    8.98898E-01    8.70040E-01
  2006    9.00454E-01    8.73010E-01
  2007    9.01944E-01    8.75843E-01
  2008    9.03236E-01    8.78422E-01
  2009    9.04231E-01    8.80674E-01
  2010    9.05758E-01    8.82999E-01
  2011    9.07724E-01    8.85847E-01
  2012    9.09036E-01    8.88342E-01
  2013    9.10331E-01    8.90658E-01
  2014    9.11773E-01    8.93156E-01
  2015    9.13255E-01    8.95299E-01
  2016    9.14235E-01    8.97493E-01
  2017    9.15804E-01    8.99725E-01
  2018    9.17114E-01    9.01823E-01
  2019    9.18348E-01    9.03937E-01
  2020    9.19482E-01    9.06040E-01
  2021    9.21081E-01    9.08034E-01
  2022    9.22330E-01    9.09710E-01
  2023    9.23250E-01    9.11547E-01
  2024    9.24310E-01    9.13165E-01
  2025    9.25029E-01    9.15116E-01
  2026    9.26065E-01    9.16953E-01
  2027    9.27212E-01    9.18517E-01
  2028    9.28214E-01    9.19895E-01
  2029    9.28999E-01    9.21194E-01
  2030    9.29758E-01    9.22354E-01
  2031    9.30584E-01    9.23725E-01
  2032    9.31240E-01    9.24882E-01
  2033    9.31553E-01    9.26162E-01
  2034    9.32152E-01    9.27373E-01
  2035    9.32993E-01    9.28027E-01
  2036    9.33234E-01    9.28561E-01
  2037    9.33407E-01    9.29576E-01
  2038    9.33594E-01    9.30334E-01
  2039    9.33828E-01    9.30927E-01
  2040    9.33944E-01    9.31450E-01
  2041    9.33994E-01    9.31981E-01
  2042    9.34080E-01    9.32159E-01
  2043    9.33986E-01    9.32485E-01
  2044    9.33994E-01    9.32901E-01
  2045    9.33547E-01    9.32921E-01
  2046    9.32511E-01    9.33155E-01
  2047    9.32331E-01    9.33426E-01
  2048    9.31708E-01    9.33532E-01
  2049    9.31608E-01    9.33277E-01
  2050    9.31224E-01    9.32942E-01
  2051    9.30418E-01    9.32762E-01
  2052    9.29685E-01    9.32444E-01
  2053    9.28796E-01    9.31954E-01
  2054    9.28226E-01    9.31710E-01
  2055    9.27509E-01    9.31348E-01
  2056    9.26931E-01    9.30777E-01
  2057    9.25920E-01    9.29809E-01
  2058    9.24410E-01    9.28499E-01
  2059    9.23158E-01    9.27976E-01
  2060    9.22496E-01    9.27458E-01
  2061    9.21849E-01    9.26477E-01
  2062    9.20640E-01    9.25413E-01
  2063    9.19127E-01    9.24481E-01
  2064    9.18169E-01    9.23283E-01
  2065    9.17015E-01    9.22457E-01
  2066    9.16450E-01    9.21585E-01
  2067    9.15102E-01    9.20579E-01
  2068    9.14022E-01    9.19299E-01
  2069    9.12931E-01    9.17996E-01
  2070    9.11636E-01    9.17158E-01
  2071    9.10993E-01    9.15923E-01
  2072    9.10031E-01    9.14429E-01
  2073    9.08246E-01    9.12884E-01
  2074    9.07047E-01    9.11971E-01
  2075    9.06492E-01    9.10765E-01
  2076    9.05256E-01    9.08875E-01
  2077    9.03691E-01    9.07324E-01
  2078    9.02282E-01    9.05874E-01
  2079    9.01326E-01    9.04516E-01
  2080    9.00037E-01    9.03727E-01
  2081    8.99602E-01    9.02049E-01
  2082    8.98505E-01    9.00603E-01
  2083    8.98115E-01    8.99638E-01
  2084    8.96860E-01    8.98196E-01
  2085    8.95904E-01    8.96491E-01
  2086    8.95171E-01    8.95121E-01
  2087    8.94404E-01    8.93870E-01
  2088    8.93686E-01    8.92584E-01
  2089    8.93084E-01    8.91057E-01
  2090    8.92177E-01    8.89543E-01
  2091    8.91607E-01    8.88625E-01
  2092    8.90895E-01    8.86999E-01
  2093    8.90216E-01    8.85975E-01
  2094    8.90071E-01    8.84887E-01
  2095    8.89634E-01    8.83892E-01
  2096    8.89680E-01    8.82998E-01
  2097    8.89499E-01    8.82281E-01
  2098    8.88900E-01    8.81436E-01
  2099    8.88954E-01    8.79934E-01
  2100    8.88919E-01    8.78827E-01
  2101    8.88953E-01    8.78620E-01
  2102    8.89368E-01    8.78021E-01
  2103    8.89633E-01    8.77502E-01
  2104    8.89671E-01    8.76621E-01
  2105    8.89748E-01    8.76254E-01
  2106    8.89931E-01    8.75524E-01
  2107    8.90619E-01    8.74959E-01
  2108    8.90741E-01    8.74296E-01
  2109    8.91003E-01    8.73976E-01
  2110    8.91679E-01    8.74013E-01
  2111    8.92854E-01    8.74064E-01
  2112    8.93772E-01    8.73162E-01
  2113    8.94018E-01    8.73113E-01
  2114    8.94565E-01    8.73364E-01
  2115    8.95704E-01    8.74165E-01
  2116    8.96958E-01    8.73748E-01
  2117    8.97600E-01    8.73669E-01
  2118    8.98201E-01    8.74063E-01
  2119    8.99292E-01    8.74302E-01
  2120    8.99904E-01    8.74848E-01
  2121    9.01552E-01    8.75130E-01
  2122    9.02328E-01    8.75322E-01
  2123    9.03535E-01    8.75837E-01
  2124    9.04779E-01    8.75955E-01
  2125    9.05204E-01    8.76747E-01
  2126    9.06719E-01    8.77117E-01
  2127    9.08243E-01    8.78134E-01
  2128    9.09745E-01    8.79648E-01
  2129    9.11339E-01    8.80153E-01
  2130    9.11844E-01    8.80836E-01
  2131    9.13156E-01    8.81355E-01
  2132    9.14194E-01    8.81799E-01
  2133    9.15429E-01    8.82860E-01
  2134    9.16592E-01    8.84284E-01
  2135    9.17708E-01    8.86199E-01
  2136    9.18920E-01    8.86865E-01
  2137    9.20069E-01    8.87970E-01
  2138    9.21518E-01    8.88955E-01
  2139    9.22072E-01    8.89951E-01
  2140    9.22840E-01    8.91897E-01
  2141    9.24468E-01    8.93250E-01
  2142    9.25516E-01    8.94218E-01
  2143    9.26416E-01    8.95715E-01
  2144    9.27152E-01    8.96576E-01
  2145    9.27680E-01    8.97999E-01
  2146    9.27788E-01    8.99452E-01
  2147    9.28994E-01    9.01068E-01
  2148    9.29423E-01    9.02976E-01
  2149    9.29770E-01    9.04219E-01
  2150    9.30625E-01    9.05540E-01
  2151    9.30907E-01    9.06554E-01
  2152    9.30283E-01    9.08097E-01
  2153    9.30477E-01    9.09708E-01
  2154    9.30805E-01    9.10912E-01
  2155    9.30410E-01    9.12318E-01
  2156    9.30269E-01    9.13778E-01
  2157    9.29951E-01    9.15284E-01
  2158    9.29497E-01    9.16272E-01
  2159    9.28598E-01    9.17546E-01
  2160    9.27990E-01    9.19218E-01
  2161    9.27250E-01    9.20576E-01
  2162    9.26466E-01    9.21418E-01
  2163    9.25280E-01    9.22650E-01
  2164    9.23809E-01    9.23972E-01
  2165    9.22534E-01    9.24952E-01
  2166    9.20408E-01    9.25991E-01
  2167    9.19417E-01    9.27131E-01
  2168    9.17523E-01    9.28065E-01
  2169    9.15661E-01    9.28881E-01
  2170    9.13258E-01    9.30050E-01
  2171    9.11172E-01    9.30615E-01
  2172    9.08582E-01    9.31246E-01
  2173    9.06285E-01    9.32205E-01
  2174    9.04284E-01    9.32864E-01
  2175    9.01626E-01    9.33034E-01
  2176    8.98436E-01    9.33340E-01
  2177    8.95071E-01    9.34165E-01
  2178    8.91882E-01    9.34394E-01
  2179    8.88508E-01    9.34618E-01
  2180    8.85311E-01    9.34829E-01
  2181    8.81916E-01    9.34791E-01
  2182    8.78424E-01    9.35619E-01
  2183    8.75081E-01    9.35406E-01
  2184    8.71359E-01    9.35063E-01
  2185    8.67321E-01    9.35216E-01
  2186    8.63728E-01    9.35530E-01
  2187    8.60291E-01    9.34928E-01
  2188    8.55749E-01    9.34470E-01
  2189    8.51214E-01    9.34223E-01
  2190    8.47528E-01    9.34099E-01
  2191    8.43388E-01    9.33527E-01
  2192    8.38930E-01    9.32922E-01
  2193    8.34937E-01    9.32557E-01
  2194    8.30943E-01    9.32097E-01
  2195    8.26774E-01    9.31200E-01
  2196    8.22381E-01    9.29869E-01
  2197    8.17107E-01    9.28877E-01
  2198    8.12685E-01    9.28438E-01
  2199    8.08285E-01    9.28100E-01
  2200    8.04032E-01    9.26623E-01
  2201    7.99352E-01    9.25226E-01
  2202    7.94394E-01    9.24272E-01
  2203    7.89375E-01    9.23514E-01
  2204    7.85793E-01    9.22588E-01
  2205    7.81415E-01    9.21226E-01
  2206    7.77082E-01    9.20028E-01
  2207    7.72619E-01    9.18845E-01
  2208    7.67838E-01    9.17417E-01
  2209    7.63438E-01    9.16253E-01
  2210    7.59007E-01    9.15129E-01
  2211    7.54564E-01    9.13978E-01
  2212    7.49958E-01    9.12694E-01
  2213    7.45925E-01    9.11589E-01
  2214    7.42330E-01    9.10429E-01
  2215    7.38672E-01    9.09098E-01
  2216    7.34474E-01    9.07817E-01
  2217    7.30458E-01    9.06681E-01
  2218    7.26338E-01    9.05602E-01
  2219    7.22267E-01    9.04274E-01
  2220    7.18937E-01    9.02755E-01
  2221    7.15285E-01    9.01712E-01
  2222    7.11476E-01    9.00507E-01
  2223    7.08318E-01    8.99308E-01
  2224    7.05199E-01    8.98211E-01
  2225    7.01714E-01    8.97040E-01
  2226    6.97841E-01    8.96184E-01
  2227    6.95025E-01    8.95608E-01
  2228    6.92251E-01    8.94523E-01
  2229    6.88993E-01    8.93579E-01
  2230    6.86457E-01    8.92752E-01
  2231    6.83704E-01    8.91638E-01
  2232    6.81124E-01    8.90875E-01
  2233    6.78452E-01    8.89989E-01
  2234    6.75557E-01    8.89230E-01
  2235    6.73406E-01    8.88609E-01
  2236    6.71149E-01    8.87750E-01
  2237    6.68790E-01    8.87145E-01
  2238    6.66695E-01    8.87046E-01
  2239    6.65047E-01    8.86910E-01
  2240    6.63126E-01    8.86365E-01
  2241    6.61192E-01    8.85703E-01
  2242    6.59263E-01    8.85339E-01
  2243    6.57870E-01    8.85012E-01
  2244    6.56488E-01    8.84775E-01
  2245    6.54986E-01    8.84779E-01
  2246    6.54096E-01    8.84691E-01
  2247    6.53223E-01    8.84460E-01
  2248    6.52135E-01    8.84449E-01
  2249    6.51100E-01    8.84514E-01
  2250    6.50230E-01    8.84561E-01
  2251    6.49441E-01    8.84810E-01
  2252    6.48621E-01    8.85137E-01
  2253    6.48065E-01    8.85736E-01
  2254    6.47998E-01    8.86418E-01
  2255    6.47854E-01    8.86929E-01
  2256    6.47903E-01    8.87429E-01
  2257    6.48255E-01    8.87925E-01
  2258    6.48383E-01    8.88385E-01
  2259    6.48353E-01    8.89130E-01
  2260    6.48900E-01    8.90055E-01
  2261    6.49631E-01    8.90569E-01
  2262    6.49953E-01    8.91152E-01
  2263    6.50183E-01    8.92006E-01
  2264    6.50772E-01    8.92814E-01
  2265    6.51964E-01    8.93890E-01
  2266    6.53475E-01    8.95065E-01
  2267    6.54430E-01    8.95988E-01
  2268    6.55720E-01    8.96878E-01
  2269    6.57543E-01    8.98053E-01
  2270    6.58905E-01    8.99074E-01
  2271    6.60238E-01    9.00220E-01
  2272    6.62082E-01    9.01565E-01
  2273    6.63975E-01    9.02801E-01
  2274    6.65729E-01    9.04037E-01
  2275    6.67680E-01    9.05419E-01
  2276    6.70208E-01    9.06853E-01
  2277    6.72935E-01    9.08024E-01
  2278    6.75469E-01    9.09044E-01
  2279    6.77983E-01    9.10038E-01
  2280    6.80268E-01    9.11132E-01
  2281    6.82945E-01    9.12898E-01
  2282    6.86303E-01    9.14426E-01
  2283    6.89565E-01    9.15292E-01
  2284    6.92645E-01    9.16251E-01
  2285    6.95339E-01    9.17603E-01
  2286    6.98370E-01    9.19016E-01
  2287    7.01959E-01    9.20379E-01
  2288    7.05855E-01    9.21848E-01
  2289    7.09921E-01    9.22875E-01
  2290    7.13868E-01    9.24029E-01
  2291    7.17762E-01    9.25359E-01
  2292    7.22017E-01    9.26228E-01
  2293    7.26054E-01    9.27139E-01
  2294    7.30558E-01    9.28185E-01
  2295    7.35171E-01    9.28838E-01
  2296    7.39951E-01    9.29679E-01
  2297    7.44261E-01    9.30525E-01
  2298    7.48430E-01    9.30873E-01
  2299    7.53447E-01    9.31636E-01
  2300    7.58687E-01    9.32363E-01
  2301    7.63614E-01    9.32975E-01
  2302    7.68600E-01    9.33116E-01
  2303    7.73688E-01    9.33028E-01
  2304    7.78578E-01    9.32801E-01
  2305    7.83892E-01    9.32986E-01
  2306    7.88913E-01    9.33222E-01
  2307    7.93789E-01    9.33112E-01
  2308    7.99182E-01    9.32885E-01
  2309    8.04906E-01    9.32657E-01
  2310    8.10185E-01    9.32186E-01
  2311    8.15524E-01    9.31734E-01
  2312    8.20930E-01    9.31203E-01
  2313    8.26347E-01    9.30027E-01
  2314    8.31377E-01    9.28869E-01
  2315    8.36667E-01    9.28508E-01
  2316    8.42256E-01    9.27322E-01
  2317    8.47565E-01    9.25772E-01
  2318    8.52816E-01    9.24584E-01
  2319    8.58376E-01    9.22927E-01
  2320    8.63048E-01    9.21337E-01
  2321    8.67933E-01    9.19866E-01
  2322    8.72548E-01    9.17722E-01
  2323    8.76866E-01    9.15389E-01
  2324    8.81710E-01    9.13756E-01
  2325    8.86298E-01    9.12283E-01
  2326    8.90833E-01    9.10057E-01
  2327    8.95049E-01    9.07567E-01
  2328    8.99363E-01    9.05123E-01
  2329    9.03206E-01    9.02298E-01
  2330    9.06477E-01    8.99548E-01
  2331    9.09946E-01    8.96876E-01
  2332    9.12813E-01    8.94245E-01
  2333    9.16018E-01    8.91024E-01
  2334    9.18574E-01    8.87392E-01
  2335    9.20737E-01    8.84273E-01
  2336    9.22614E-01    8.81218E-01
  2337    9.24774E-01    8.78376E-01
  2338    9.26860E-01    8.75050E-01
  2339    9.28110E-01    8.71249E-01
  2340    9.28707E-01    8.67353E-01
  2341    9.29064E-01    8.64109E-01
  2342    9.29996E-01    8.60455E-01
  2343    9.30343E-01    8.57204E-01
  2344    9.30243E-01    8.53190E-01
  2345    9.28973E-01    8.49010E-01
  2346    9.27356E-01    8.45039E-01
  2347    9.25886E-01    8.41340E-01
  2348    9.24546E-01    8.36978E-01
  2349    9.22280E-01    8.32948E-01
  2350    9.19770E-01    8.29655E-01
  2351    9.17058E-01    8.25999E-01
  2352    9.13307E-01    8.22028E-01
  2353    9.10003E-01    8.17958E-01
  2354    9.06418E-01    8.13719E-01
  2355    9.02365E-01    8.09631E-01
  2356    8.97122E-01    8.05245E-01
  2357    8.92003E-01    8.01825E-01
  2358    8.87104E-01    7.98140E-01
  2359    8.81961E-01    7.93616E-01
  2360    8.76063E-01    7.89620E-01
  2361    8.70340E-01    7.85989E-01
  2362    8.64371E-01    7.82324E-01
  2363    8.57555E-01    7.78573E-01
  2364    8.51354E-01    7.74755E-01
  2365    8.44277E-01    7.70867E-01
  2366    8.36571E-01    7.67457E-01
  2367    8.30210E-01    7.63494E-01
  2368    8.22641E-01    7.59429E-01
  2369    8.14751E-01    7.56030E-01
  2370    8.07052E-01    7.52778E-01
  2371    7.99273E-01    7.49074E-01
  2372    7.91303E-01    7.45537E-01
  2373    7.82750E-01    7.41969E-01
  2374    7.74412E-01    7.38374E-01
  2375    7.66113E-01    7.35399E-01
  2376    7.58157E-01    7.32154E-01
  2377    7.49437E-01    7.28904E-01
  2378    7.40604E-01    7.25764E-01
  2379    7.31787E-01    7.23154E-01
  2380    7.23800E-01    7.20278E-01
  2381    7.14720E-01    7.16841E-01
  2382    7.06002E-01    7.15182E-01
  2383    6.98281E-01    7.12510E-01
  2384    6.89598E-01    7.10031E-01
  2385    6.80672E-01    7.06765E-01
  2386    6.71600E-01    7.04427E-01
  2387    6.63759E-01    7.01557E-01
  2388    6.55206E-01    6.99020E-01
  2389    6.46433E-01    6.97483E-01
  2390    6.38701E-01    6.95626E-01
  2391    6.30546E-01    6.94284E-01
  2392    6.22841E-01    6.91874E-01
  2393    6.15305E-01    6.88802E-01
  2394    6.06591E-01    6.87203E-01
  2395    5.99110E-01    6.85746E-01
  2396    5.91011E-01    6.84488E-01
  2397    5.84150E-01    6.83542E-01
  2398    5.76748E-01    6.82351E-01
  2399    5.69108E-01    6.81905E-01
  2400    5.62723E-01    6.79908E-01
  2401    5.54983E-01    6.78314E-01
  2402    5.48576E-01    6.77556E-01
  2403    5.42147E-01    6.76722E-01
  2404    5.34292E-01    6.75610E-01
  2405    5.26986E-01    6.75205E-01
  2406    5.21071E-01    6.74943E-01
  2407    5.14952E-01    6.74738E-01
  2408    5.09068E-01    6.73704E-01
  2409    5.03009E-01    6.74054E-01
  2410    4.96783E-01    6.73233E-01
  2411    4.89189E-01    6.73206E-01
  2412    4.84667E-01    6.73252E-01
  2413    4.79084E-01    6.73883E-01
  2414    4.73205E-01    6.74199E-01
  2415    4.67713E-01    6.74577E-01
  2416    4.62462E-01    6.75010E-01
  2417    4.57767E-01    6.75013E-01
  2418    4.52976E-01    6.75871E-01
  2419    4.48504E-01    6.76463E-01
  2420    4.42865E-01    6.77743E-01
  2421    4.36778E-01    6.78611E-01
  2422    4.31956E-01    6.79715E-01
  2423    4.28384E-01    6.81070E-01
  2424    4.24336E-01    6.82473E-01
  2425    4.19215E-01    6.83344E-01
  2426    4.15010E-01    6.84471E-01
  2427    4.10257E-01    6.86563E-01
  2428    4.06740E-01    6.88463E-01
  2429    4.03455E-01    6.89933E-01
  2430    3.98833E-01    6.91812E-01
  2431    3.95367E-01    6.93888E-01
  2432    3.92666E-01    6.96225E-01
  2433    3.88469E-01    6.98569E-01
  2434    3.84713E-01    7.01085E-01
  2435    3.81152E-01    7.03690E-01
  2436    3.78029E-01    7.06272E-01
  2437    3.75247E-01    7.09144E-01
  2438    3.71925E-01    7.10971E-01
  2439    3.68377E-01    7.13667E-01
  2440    3.66632E-01    7.16923E-01
  2441    3.63669E-01    7.20254E-01
  2442    3.60126E-01    7.23424E-01
  2443    3.56554E-01    7.26426E-01
  2444    3.55756E-01    7.30017E-01
  2445    3.53547E-01    7.33311E-01
  2446    3.50166E-01    7.36382E-01
  2447    3.47270E-01    7.40297E-01
  2448    3.46298E-01    7.45014E-01
  2449    3.45514E-01    7.48355E-01
  2450    3.41078E-01    7.51810E-01
  2451    3.38766E-01    7.55977E-01
  2452    3.37960E-01    7.60432E-01
  2453    3.35361E-01    7.63866E-01
  2454    3.32364E-01    7.67733E-01
  2455    3.31166E-01    7.71720E-01
  2456    3.29632E-01    7.76335E-01
  2457    3.28531E-01    7.81056E-01
  2458    3.26910E-01    7.85664E-01
  2459    3.25214E-01    7.89965E-01
  2460    3.23320E-01    7.94285E-01
  2461    3.22053E-01    7.98906E-01
  2462    3.20964E-01    8.03530E-01
  2463    3.19616E-01    8.08429E-01
  2464    3.17359E-01    8.13013E-01
  2465    3.16530E-01    8.17699E-01
  2466    3.16013E-01    8.22684E-01
  2467    3.14528E-01    8.27623E-01
  2468    3.13102E-01    8.32025E-01
  2469    3.12041E-01    8.36618E-01
  2470    3.10806E-01    8.41701E-01
  2471    3.10354E-01    8.46449E-01
  2472    3.09732E-01    8.50915E-01
  2473    3.09564E-01    8.55580E-01
  2474    3.08356E-01    8.59719E-01
  2475    3.07583E-01    8.64270E-01
  2476    3.06880E-01    8.68588E-01
  2477    3.06235E-01    8.72776E-01
  2478    3.06203E-01    8.76978E-01
  2479    3.06005E-01    8.81106E-01
  2480    3.05354E-01    8.85399E-01
  2481    3.04647E-01    8.89271E-01
  2482    3.04340E-01    8.93054E-01
  2483    3.04272E-01    8.96741E-01
  2484    3.04095E-01    9.00463E-01
  2485    3.03498E-01    9.03733E-01
  2486    3.03671E-01    9.06465E-01
  2487    3.03456E-01    9.09565E-01
  2488    3.03098E-01    9.12584E-01
  2489    3.03789E-01    9.15213E-01
  2490    3.04520E-01    9.17335E-01
  2491    3.03795E-01    9.19664E-01
  2492    3.03649E-01    9.21604E-01
  2493    3.04359E-01    9.23270E-01
  2494    3.04529E-01    9.24989E-01
  2495    3.05054E-01    9.26414E-01
  2496    3.05472E-01    9.27454E-01
  2497    3.05957E-01    9.28110E-01
  2498    3.05813E-01    9.28180E-01
  2499    3.06012E-01    9.28520E-01
  2500    3.06370E-01    9.28466E-01
  2501    3.06658E-01    9.28159E-01
  2502    3.08806E-01    9.27462E-01
  2503    3.09648E-01    9.26548E-01
  2504    3.10402E-01    9.25294E-01
  2505    3.10932E-01    9.23949E-01
  2506    3.11320E-01    9.22125E-01
  2507    3.11430E-01    9.20212E-01
  2508    3.12658E-01    9.18174E-01
  2509    3.14247E-01    9.15499E-01
  2510    3.15215E-01    9.12360E-01
  2511    3.15967E-01    9.09077E-01
  2512    3.16757E-01    9.05533E-01
  2513    3.19254E-01    9.01612E-01
  2514    3.20295E-01    8.97358E-01
  2515    3.20812E-01    8.92977E-01
  2516    3.22380E-01    8.88490E-01
  2517    3.23920E-01    8.84029E-01
  2518    3.24882E-01    8.78865E-01
  2519    3.26473E-01    8.73032E-01
  2520    3.28501E-01    8.67717E-01
  2521    3.29854E-01    8.62718E-01
  2522    3.30919E-01    8.57159E-01
  2523    3.32089E-01    8.51236E-01
  2524    3.33621E-01    8.45267E-01
  2525    3.35963E-01    8.38891E-01
  2526    3.37846E-01    8.32121E-01
  2527    3.39611E-01    8.25165E-01
  2528    3.42190E-01    8.18021E-01
  2529    3.44613E-01    8.10399E-01
  2530    3.45752E-01    8.02821E-01
  2531    3.47519E-01    7.95291E-01
  2532    3.50143E-01    7.87579E-01
  2533    3.52591E-01    7.80033E-01
  2534    3.54894E-01    7.72715E-01
  2535    3.57453E-01    7.65299E-01
  2536    3.60011E-01    7.57798E-01
  2537    3.61942E-01    7.50473E-01
  2538    3.64375E-01    7.43378E-01
  2539    3.66979E-01    7.36161E-01
  2540    3.68795E-01    7.28385E-01
  2541    3.70952E-01    7.20145E-01
  2542    3.74028E-01    7.12030E-01
  2543    3.77712E-01    7.03757E-01
  2544    3.81416E-01    6.94793E-01
  2545    3.84555E-01    6.85665E-01
  2546    3.87384E-01    6.76873E-01
  2547    3.90011E-01    6.68727E-01
  2548    3.93945E-01    6.61142E-01
  2549    3.98179E-01    6.54004E-01
  2550    4.01457E-01    6.47278E-01
  2551    4.04104E-01    6.40630E-01
  2552    4.06137E-01    6.34164E-01
  2553    4.08721E-01    6.28457E-01
  2554    4.12219E-01    6.22731E-01
  2555    4.14628E-01    6.16718E-01
  2556    4.17185E-01    6.10725E-01
  2557    4.21080E-01    6.04267E-01
  2558    4.24995E-01    5.97292E-01
  2559    4.29348E-01    5.89977E-01
  2560    4.34197E-01    5.82827E-01
  2561    4.38498E-01    5.75567E-01
  2562    4.42299E-01    5.67921E-01
  2563    4.46815E-01    5.60271E-01
  2564    4.52099E-01    5.53179E-01
  2565    4.57144E-01    5.45854E-01
  2566    4.61302E-01    5.38616E-01
  2567    4.65917E-01    5.32109E-01
  2568    4.71226E-01    5.25916E-01
  2569    4.75662E-01    5.20004E-01
  2570    4.79388E-01    5.14695E-01
  2571    4.83939E-01    5.09834E-01
  2572    4.88346E-01    5.04900E-01
  2573    4.92388E-01    4.99806E-01
  2574    4.97018E-01    4.94994E-01
  2575    5.01619E-01    4.90102E-01
  2576    5.05489E-01    4.85285E-01
  2577    5.09982E-01    4.81418E-01
  2578    5.14654E-01    4.77398E-01
  2579    5.19934E-01    4.72845E-01
  2580    5.25199E-01    4.67342E-01
  2581    5.30151E-01    4.61941E-01
  2582    5.35668E-01    4.57400E-01
  2583    5.41678E-01    4.52670E-01
  2584    5.47473E-01    4.48133E-01
  2585    5.54134E-01    4.43702E-01
  2586    5.60399E-01    4.38214E-01
  2587    5.66840E-01    4.33009E-01
  2588    5.72883E-01    4.28270E-01
  2589    5.78353E-01    4.24207E-01
  2590    5.84436E-01    4.21228E-01
  2591    5.91115E-01    4.17244E-01
  2592    5.97586E-01    4.12003E-01
  2593    6.03963E-01    4.07112E-01
  2594    6.09803E-01    4.03217E-01
  2595    6.15431E-01    3.99918E-01
  2596    6.21748E-01    3.96960E-01
  2597    6.28078E-01    3.93669E-01
  2598    6.33918E-01    3.90011E-01
  2599    6.40023E-01    3.86588E-01
  2600    6.46339E-01    3.83999E-01
  2601    6.52955E-01    3.81597E-01
  2602    6.59364E-01    3.78751E-01
  2603    6.65409E-01    3.76228E-01
  2604    6.72242E-01    3.73504E-01
  2605    6.78501E-01    3.70174E-01
  2606    6.84314E-01    3.67605E-01
  2607    6.90837E-01    3.64891E-01
  2608    6.97366E-01    3.62148E-01
  2609    7.03720E-01    3.59462E-01
  2610    7.10829E-01    3.56694E-01
  2611    7.17796E-01    3.52971E-01
  2612    7.23902E-01    3.51108E-01
  2613    7.30200E-01    3.49074E-01
  2614    7.36183E-01    3.47234E-01
  2615    7.42124E-01    3.45530E-01
  2616    7.47511E-01    3.42827E-01
  2617    7.52481E-01    3.41044E-01
  2618    7.58058E-01    3.39415E-01
  2619    7.63515E-01    3.37438E-01
  2620    7.69141E-01    3.36098E-01
  2621    7.75213E-01    3.34714E-01
  2622    7.81101E-01    3.32761E-01
  2623    7.86420E-01    3.30351E-01
  2624    7.91850E-01    3.28070E-01
  2625    7.97926E-01    3.26548E-01
  2626    8.03091E-01    3.25367E-01
  2627    8.08392E-01    3.24383E-01
  2628    8.14135E-01    3.23186E-01
  2629    8.19192E-01    3.21417E-01
  2630    8.22975E-01    3.19793E-01
  2631    8.27548E-01    3.18549E-01
  2632    8.32037E-01    3.17492E-01
  2633    8.36510E-01    3.16228E-01
  2634    8.40679E-01    3.14861E-01
  2635    8.44859E-01    3.14423E-01
  2636    8.48142E-01    3.12745E-01
  2637    8.51762E-01    3.12295E-01
  2638    8.54233E-01    3.12268E-01
  2639    8.57180E-01    3.11881E-01
  2640    8.59928E-01    3.12024E-01
  2641    8.62271E-01    3.11464E-01
  2642    8.64650E-01    3.09777E-01
  2643    8.67246E-01    3.09769E-01
  2644    8.70145E-01    3.09568E-01
  2645    8.72874E-01    3.08728E-01
  2646    8.75398E-01    3.08829E-01
  2647    8.77523E-01    3.08215E-01
  2648    8.79336E-01    3.08062E-01
  2649    8.81583E-01    3.07771E-01
  2650    8.83873E-01    3.06835E-01
  2651    8.85185E-01    3.06288E-01
  2652    8.87198E-01    3.05479E-01
  2653    8.88850E-01    3.04258E-01
  2654    8.89921E-01    3.04840E-01
  2655    8.91506E-01    3.04768E-01
  2656    8.92391E-01    3.05560E-01
  2657    8.93281E-01    3.05365E-01
  2658    8.94811E-01    3.04187E-01
  2659    8.96289E-01    3.04362E-01
  2660    8.97136E-01    3.04418E-01
  2661    8.98431E-01    3.05649E-01
  2662    8.99180E-01    3.04888E-01
  2663    9.00074E-01    3.06292E-01
  2664    9.01852E-01    3.08234E-01
  2665    9.02704E-01    3.11176E-01
  2666    9.02622E-01    3.10442E-01
  2667    9.03371E-01    3.10438E-01
  2668    9.03070E-01    3.10762E-01
  2669    9.01745E-01    3.06802E-01
  2670    9.01186E-01    3.06861E-01
  2671    9.01261E-01    3.07834E-01
  2672    9.00742E-01    3.10105E-01
  2673    8.98050E-01    3.13472E-01
  2674    8.96337E-01    3.16076E-01
  2675    8.96356E-01    3.10664E-01
  2676    8.93272E-01    3.09895E-01
  2677    8.92164E-01    3.10641E-01
  2678    8.91966E-01    3.16294E-01
  2679    8.89153E-01    3.14468E-01
  2680    8.89084E-01    3.13227E-01
  2681    8.89530E-01    3.16637E-01
  2682    8.85871E-01    3.11576E-01
  2683    8.82341E-01    3.08835E-01
  2684    8.81744E-01    3.09235E-01
  2685    8.86068E-01    3.11869E-01
  2686    8.81716E-01    3.22865E-01
  2687    8.80564E-01    3.22309E-01
  2688    8.71990E-01    3.24149E-01
  2689    8.71871E-01    3.29619E-01
  2690    8.73658E-01    3.18033E-01
  2691    8.73450E-01    3.22503E-01
  2692    8.74748E-01    3.26495E-01
  2693    8.79656E-01    3.23695E-01
  2694    8.68086E-01    3.21494E-01
  2695    8.65974E-01    2.97876E-01
  2696    8.74706E-01    2.67517E-01
  2697    8.89824E-01    2.37691E-01
  2698    9.04942E-01    2.07865E-01
  2699    9.20060E-01    1.78039E-01
  2700    9.35178E-01    1.48213E-01
  
