   400    8.98640E-08
   401    7.90414E-09
   402    1.00000E-10
   403    1.29063E-08
   404    1.21339E-09
   405    6.28143E-08
   406    5.55242E-09
   407    1.00000E-10
   408    7.11560E-08
   409    6.27766E-09
   410    1.00000E-10
   411    1.00000E-10
   412    1.00000E-10
   413    1.00000E-10
   414    1.00000E-10
   415    1.00000E-10
   416    1.00000E-10
   417    1.00000E-10
   418    1.00000E-10
   419    1.00000E-10
   420    7.88667E-09
   421    7.76978E-10
   422    1.00000E-10
   423    1.00000E-10
   424    1.00000E-10
   425    5.25847E-08
   426    4.66306E-09
   427    1.00000E-10
   428    1.00000E-10
   429    4.34063E-08
   430    3.86508E-09
   431    1.00000E-10
   432    1.00000E-10
   433    3.02621E-08
   434    2.72231E-09
   435    1.00000E-10
   436    5.03274E-09
   437    5.28856E-10
   438    1.00000E-10
   439    1.00000E-10
   440    3.71190E-08
   441    8.11514E-08
   442    6.86685E-09
   443    8.75225E-08
   444    7.70057E-09
   445    1.20383E-07
   446    5.52960E-08
   447    5.38747E-08
   448    4.43704E-09
   449    1.22155E-07
   450    1.08690E-07
   451    8.61833E-09
   452    1.12635E-07
   453    9.88388E-09
   454    3.90765E-09
   455    4.31040E-10
   456    1.00000E-10
   457    1.00000E-10
   458    1.00000E-10
   459    1.00000E-10
   460    1.00000E-10
   461    2.76432E-08
   462    2.49462E-09
   463    4.52652E-08
   464    5.55474E-08
   465    1.62276E-08
   466    1.83114E-08
   467    1.59527E-09
   468    5.43815E-08
   469    4.81927E-09
   470    1.00000E-10
   471    1.00000E-10
   472    1.00000E-10
   473    5.52895E-08
   474    4.89821E-09
   475    8.51616E-09
   476    8.31707E-10
   477    1.00000E-10
   478    1.00000E-10
   479    5.89733E-08
   480    5.21849E-09
   481    5.63251E-08
   482    4.98824E-09
   483    1.00000E-10
   484    1.05692E-08
   485    4.57070E-08
   486    3.98597E-09
   487    1.92600E-08
   488    1.76578E-09
   489    1.00000E-10
   490    5.35359E-08
   491    4.74575E-09
   492    1.03319E-08
   493    9.89571E-10
   494    5.07621E-08
   495    4.50460E-09
   496    2.46783E-08
   497    2.79532E-08
   498    2.33579E-09
   499    1.89853E-08
   500    1.74190E-09
   501    5.46760E-08
   502    8.12815E-08
   503    6.74545E-09
   504    1.00000E-10
   505    1.67902E-08
   506    1.55106E-09
   507    1.00000E-10
   508    1.00000E-10
   509    1.98346E-09
   510    2.63749E-10
   511    1.00000E-10
   512    3.44783E-08
   513    4.68756E-08
   514    2.89390E-08
   515    5.06825E-08
   516    4.31015E-09
   517    2.23807E-08
   518    2.03790E-09
   519    1.00000E-10
   520    1.00000E-10
   521    5.58032E-09
   522    1.43992E-08
   523    4.96032E-08
   524    4.30106E-09
   525    1.00000E-10
   526    1.36710E-08
   527    1.28036E-09
   528    1.20563E-07
   529    1.05774E-08
   530    1.00000E-10
   531    2.08499E-08
   532    2.83908E-08
   533    2.02160E-08
   534    3.78936E-08
   535    2.94765E-08
   536    2.38089E-09
   537    1.00000E-10
   538    1.00000E-10
   539    7.06233E-08
   540    1.63082E-08
   541    9.76227E-10
   542    1.00000E-10
   543    3.66197E-08
   544    3.27637E-09
   545    5.40222E-08
   546    4.78997E-09
   547    1.00000E-10
   548    9.00949E-09
   549    5.48844E-08
   550    8.95725E-08
   551    7.47345E-09
   552    1.00000E-10
   553    1.00000E-10
   554    4.86847E-08
   555    4.32573E-09
   556    6.48131E-08
   557    5.72853E-09
   558    1.00000E-10
   559    3.46478E-09
   560    3.92658E-10
   561    1.58065E-08
   562    1.46610E-09
   563    1.00000E-10
   564    8.42978E-08
   565    7.42325E-09
   566    1.82011E-08
   567    1.67438E-09
   568    1.00000E-10
   569    4.64749E-08
   570    4.13353E-09
   571    4.51027E-08
   572    4.01419E-09
   573    2.09764E-08
   574    1.91576E-09
   575    2.73705E-08
   576    2.47190E-09
   577    1.00000E-10
   578    4.51000E-08
   579    1.47446E-08
   580    1.03332E-09
   581    4.97424E-08
   582    4.41773E-09
   583    1.01788E-09
   584    1.79834E-10
   585    1.00000E-10
   586    1.00000E-10
   587    1.00000E-10
   588    4.87090E-08
   589    4.21218E-08
   590    3.38720E-09
   591    1.69409E-08
   592    1.56477E-09
   593    1.00000E-10
   594    1.00000E-10
   595    5.36266E-08
   596    4.55190E-08
   597    3.64547E-09
   598    1.00000E-10
   599    1.21540E-08
   600    1.14842E-09
   601    6.34023E-08
   602    8.76093E-09
   603    3.74420E-10
   604    1.00000E-10
   605    1.12219E-08
   606    1.06734E-09
   607    1.00000E-10
   608    1.00000E-10
   609    4.38258E-08
   610    1.91005E-08
   611    1.42182E-09
   612    2.78928E-08
   613    9.49020E-08
   614    8.13532E-09
   615    1.00000E-10
   616    1.66153E-08
   617    1.53645E-09
   618    8.29834E-08
   619    7.30893E-09
   620    6.21957E-08
   621    5.50089E-09
   622    1.00000E-10
   623    1.00000E-10
   624    3.38499E-09
   625    3.85718E-10
   626    1.56421E-08
   627    1.45180E-09
   628    6.21808E-08
   629    5.20009E-08
   630    4.14452E-09
   631    1.00000E-10
   632    3.77009E-08
   633    2.32762E-08
   634    1.83134E-09
   635    1.00000E-10
   636    4.35809E-09
   637    4.70354E-10
   638    1.00000E-10
   639    4.62516E-08
   640    4.11411E-09
   641    1.00000E-10
   642    1.00000E-10
   643    1.00000E-10
   644    7.52886E-08
   645    4.04751E-08
   646    3.04289E-09
   647    1.00000E-10
   648    1.00000E-10
   649    1.00000E-10
   650    1.00000E-10
   651    1.00000E-10
   652    1.00000E-10
   653    7.39463E-08
   654    6.52291E-09
   655    1.00000E-10
   656    6.04975E-08
   657    5.35318E-09
   658    1.00000E-10
   659    2.60191E-08
   660    2.35436E-09
   661    1.00000E-10
   662    2.85220E-08
   663    2.57205E-09
   664    5.69469E-08
   665    9.72533E-08
   666    3.23883E-08
   667    2.21077E-09
   668    1.00000E-10
   669    1.00000E-10
   670    1.61334E-08
   671    9.10041E-08
   672    2.31608E-08
   673    1.42862E-09
   674    2.02554E-08
   675    1.85305E-09
   676    1.00000E-10
   677    1.00000E-10
   678    2.38031E-08
   679    5.70009E-08
   680    4.51183E-08
   681    3.60068E-09
   682    1.00000E-10
   683    1.01321E-08
   684    9.72562E-10
   685    1.00000E-10
   686    1.27461E-08
   687    1.19991E-09
   688    1.00000E-10
   689    1.00000E-10
   690    1.00000E-10
   691    1.00000E-10
   692    1.00000E-10
   693    1.00000E-10
   694    1.00000E-10
   695    5.92406E-08
   696    5.24386E-09
   697    8.37868E-08
   698    7.37880E-09
   699    8.34853E-10
   700    1.63915E-10
   701    2.61477E-08
   702    2.64744E-08
   703    2.19691E-09
   704    5.69995E-08
   705    1.97500E-08
   706    1.37865E-09
   707    1.00000E-10
   708    1.00000E-10
   709    1.00000E-10
   710    1.00000E-10
   711    1.82857E-08
   712    1.68173E-09
   713    1.00000E-10
   714    1.00000E-10
   715    1.00000E-10
   716    1.00000E-10
   717    6.98086E-08
   718    2.22638E-08
   719    7.63987E-08
   720    8.04376E-08
   721    6.52090E-09
   722    1.56036E-08
   723    3.08352E-08
   724    1.03777E-08
   725    2.31129E-08
   726    2.04317E-09
   727    8.97702E-09
   728    3.32372E-08
   729    2.91501E-09
   730    1.00000E-10
   731    1.00000E-10
   732    1.00000E-10
   733    1.26362E-07
   734    1.10819E-08
   735    1.22495E-07
   736    1.07456E-08
   737    1.00000E-10
   738    8.24061E-08
   739    7.25871E-09
   740    8.80349E-09
   741    8.57001E-10
   742    8.84814E-08
   743    8.98089E-08
   744    1.68349E-07
   745    1.41132E-08
   746    1.00000E-10
   747    1.25894E-08
   748    1.18629E-09
   749    6.89491E-09
   750    6.90999E-10
   751    1.00000E-10
   752    1.00000E-10
   753    1.44226E-07
   754    1.26356E-08
   755    1.00000E-10
   756    1.00000E-10
   757    4.54818E-08
   758    4.04716E-09
   759    1.13913E-08
   760    1.08208E-09
   761    1.00000E-10
   762    1.00000E-10
   763    5.58794E-08
   764    5.55043E-08
   765    4.49691E-09
   766    7.86018E-10
   767    1.59668E-10
   768    3.44647E-08
   769    3.08892E-09
   770    3.58892E-09
   771    1.22104E-07
   772    1.06851E-08
   773    1.00000E-10
   774    1.00000E-10
   775    3.02776E-08
   776    2.72475E-09
   777    1.00000E-10
   778    1.00000E-10
   779    1.75505E-08
   780    1.61779E-09
   781    1.00000E-10
   782    3.97717E-08
   783    3.55051E-09
   784    1.00000E-10
   785    1.00000E-10
   786    9.46246E-08
   787    8.53030E-08
   788    1.62603E-08
   789    9.23208E-10
   790    1.00000E-10
   791    1.00000E-10
   792    1.07963E-07
   793    1.87779E-07
   794    8.46887E-08
   795    6.10844E-09
   796    1.73559E-07
   797    1.51869E-08
   798    1.00000E-10
   799    9.61978E-10
   800    1.74972E-10
   801    1.00000E-10
   802    1.00000E-10
   803    3.30563E-08
   804    2.96643E-09
   805    1.00000E-10
   806    2.56483E-08
   807    2.32211E-09
   808    1.00000E-10
   809    1.00000E-10
   810    7.27301E-08
   811    6.41712E-09
   812    6.05751E-08
   813    6.73957E-08
   814    5.49566E-09
   815    2.66590E-08
   816    8.42663E-08
   817    6.46929E-08
   818    6.39817E-08
   819    7.64769E-08
   820    2.94587E-07
   821    5.34699E-08
   822    1.55160E-07
   823    1.33726E-08
   824    1.00000E-10
   825    1.00000E-10
   826    8.62362E-08
   827    1.37685E-08
   828    6.37221E-10
   829    1.00000E-10
   830    1.09180E-08
   831    1.04091E-09
   832    2.54854E-08
   833    2.30794E-09
   834    1.47259E-07
   835    1.18343E-07
   836    9.27116E-09
   837    1.00000E-10
   838    1.32172E-07
   839    1.15872E-08
   840    1.00000E-10
   841    3.75370E-08
   842    3.75728E-08
   843    3.07605E-09
   844    1.82842E-07
   845    1.59943E-08
   846    4.87892E-07
   847    4.25266E-08
   848    1.00000E-10
   849    1.00000E-10
   850    3.62603E-07
   851    8.46394E-08
   852    3.59009E-08
   853    2.97470E-07
   854    2.57283E-08
   855    1.00000E-10
   856    1.00000E-10
   857    1.00000E-10
   858    1.00000E-10
   859    1.00000E-10
   860    1.00000E-10
   861    1.84592E-07
   862    5.79055E-07
   863    4.90599E-08
   864    3.86496E-07
   865    3.37075E-08
   866    1.00000E-10
   867    2.10518E-07
   868    1.84014E-08
   869    1.00000E-10
   870    8.43016E-07
   871    6.71052E-07
   872    4.99384E-07
   873    7.27570E-08
   874    3.03563E-09
   875    1.00000E-10
   876    1.00000E-10
   877    2.05416E-06
   878    2.37324E-07
   879    1.20285E-06
   880    1.29737E-06
   881    1.03872E-07
   882    9.71887E-07
   883    8.46229E-08
   884    8.79449E-07
   885    7.65829E-08
   886    1.07487E-06
   887    3.64811E-06
   888    3.09261E-07
   889    1.00000E-10
   890    8.17940E-07
   891    7.12330E-08
   892    1.00000E-10
   893    1.00000E-10
   894    5.21820E-06
   895    1.75138E-06
   896    8.48485E-07
   897    6.40748E-08
   898    3.14643E-06
   899    9.26977E-06
   900    7.82544E-07
   901    1.00000E-10
   902    1.00000E-10
   903    7.26739E-06
   904    1.21333E-06
   905    6.29224E-06
   906    5.42974E-07
   907    1.00000E-10
   908    2.14513E-06
   909    5.83087E-06
   910    4.91014E-07
   911    5.28026E-06
   912    4.59351E-07
   913    1.00000E-10
   914    7.18163E-07
   915    4.08032E-07
   916    3.01485E-08
   917    1.00000E-10
   918    1.00000E-10
   919    3.84357E-08
   920    3.43431E-09
   921    1.00000E-10
   922    1.00000E-10
   923    1.00000E-10
   924    1.00000E-10
   925    1.00000E-10
   926    8.18340E-06
   927    7.11857E-07
   928    1.00000E-10
   929    9.22054E-06
   930    8.02063E-07
   931    5.61583E-06
   932    4.44679E-06
   933    3.44376E-07
   934    1.00000E-10
   935    1.70533E-06
   936    1.48415E-07
   937    1.01352E-05
   938    5.97282E-06
   939    4.42916E-07
   940    5.62854E-06
   941    4.89643E-07
   942    8.60454E-06
   943    7.48486E-07
   944    1.00000E-10
   945    1.00000E-10
   946    6.73520E-07
   947    5.68541E-06
   948    4.56612E-06
   949    7.43157E-07
   950    3.38891E-08
   951    1.00000E-10
   952    4.27907E-06
   953    2.53883E-06
   954    1.18446E-05
   955    1.01391E-06
   956    5.92940E-06
   957    5.15811E-07
   958    7.74440E-06
   959    6.73674E-07
   960    1.00000E-10
   961    1.00000E-10
   962    5.88450E-06
   963    2.02226E-06
   964    1.31466E-07
   965    1.00000E-10
   966    1.00000E-10
   967    1.69244E-05
   968    1.47212E-06
   969    1.46130E-06
   970    1.27190E-07
   971    1.00000E-10
   972    1.00000E-10
   973    4.35602E-06
   974    9.54173E-06
   975    2.56651E-06
   976    1.54002E-07
   977    6.72506E-06
   978    6.83943E-06
   979    7.81036E-06
   980    6.32097E-07
   981    3.29227E-06
   982    4.12593E-06
   983    7.19485E-06
   984    5.96830E-07
   985    9.74557E-06
   986    8.47729E-07
   987    1.00000E-10
   988    1.00000E-10
   989    1.00000E-10
   990    6.98445E-06
   991    6.07576E-07
   992    1.00000E-10
   993    1.00000E-10
   994    1.00000E-10
   995    1.00000E-10
   996    1.00000E-10
   997    1.00000E-10
   998    2.44729E-06
   999    2.12949E-07
  1000    1.00000E-10
  1001    2.60745E-06
  1002    7.46047E-06
  1003    6.29254E-07
  1004    4.00510E-06
  1005    6.05418E-06
  1006    4.96366E-07
  1007    1.00000E-10
  1008    1.00000E-10
  1009    1.00000E-10
  1010    6.31191E-06
  1011    8.19808E-07
  1012    2.36469E-08
  1013    6.49376E-06
  1014    5.64898E-07
  1015    1.00000E-10
  1016    2.12923E-06
  1017    7.35128E-06
  1018    4.15144E-06
  1019    7.10745E-06
  1020    5.91584E-07
  1021    1.00000E-10
  1022    1.00000E-10
  1023    8.50358E-07
  1024    1.70716E-06
  1025    5.16296E-06
  1026    8.78991E-06
  1027    2.63723E-06
  1028    9.97689E-06
  1029    8.93819E-06
  1030    4.91269E-06
  1031    1.03949E-05
  1032    8.16660E-06
  1033    7.81032E-06
  1034    1.29790E-05
  1035    5.41767E-06
  1036    3.77600E-07
  1037    1.96682E-05
  1038    1.64638E-05
  1039    1.78077E-05
  1040    2.23001E-05
  1041    1.72752E-05
  1042    2.82678E-05
  1043    3.99811E-05
  1044    3.40149E-05
  1045    3.22624E-05
  1046    4.67267E-05
  1047    5.52895E-05
  1048    5.92131E-05
  1049    6.06457E-05
  1050    7.74279E-05
  1051    8.21281E-05
  1052    1.02390E-04
  1053    1.21575E-04
  1054    1.24882E-04
  1055    1.68883E-04
  1056    2.07360E-04
  1057    2.40285E-04
  1058    3.03450E-04
  1059    3.78845E-04
  1060    4.85234E-04
  1061    6.39521E-04
  1062    8.22649E-04
  1063    1.09088E-03
  1064    1.45747E-03
  1065    1.96875E-03
  1066    2.76882E-03
  1067    3.93918E-03
  1068    5.71160E-03
  1069    8.47375E-03
  1070    1.30256E-02
  1071    2.05342E-02
  1072    3.44658E-02
  1073    5.37929E-02
  1074    7.87209E-02
  1075    1.23151E-01
  1076    2.00267E-01
  1077    3.23100E-01
  1078    5.01443E-01
  1079    6.79755E-01
  1080    7.86105E-01
  1081    8.19166E-01
  1082    8.08395E-01
  1083    7.83176E-01
  1084    7.56954E-01
  1085    7.33013E-01
  1086    7.12727E-01
  1087    6.98308E-01
  1088    6.89838E-01
  1089    6.85007E-01
  1090    6.73060E-01
  1091    6.28646E-01
  1092    5.32068E-01
  1093    4.01042E-01
  1094    2.74257E-01
  1095    1.77149E-01
  1096    1.15570E-01
  1097    7.73050E-02
  1098    5.07967E-02
  1099    3.15648E-02
  1100    1.98875E-02
  1101    1.29428E-02
  1102    8.63315E-03
  1103    5.95638E-03
  1104    4.19868E-03
  1105    3.07173E-03
  1106    2.30662E-03
  1107    1.75295E-03
  1108    1.35064E-03
  1109    1.05285E-03
  1110    8.16865E-04
  1111    6.34516E-04
  1112    5.11028E-04
  1113    4.01257E-04
  1114    3.19982E-04
  1115    2.66568E-04
  1116    2.11101E-04
  1117    1.80581E-04
  1118    1.53843E-04
  1119    1.32383E-04
  1120    9.31202E-05
  1121    9.59876E-05
  1122    7.68103E-05
  1123    6.74558E-05
  1124    5.53706E-05
  1125    4.76116E-05
  1126    4.41394E-05
  1127    3.33193E-05
  1128    4.00362E-05
  1129    2.71310E-05
  1130    2.52963E-05
  1131    1.91349E-05
  1132    2.63146E-05
  1133    1.98742E-05
  1134    1.49550E-05
  1135    2.46446E-05
  1136    1.02941E-05
  1137    1.72180E-05
  1138    1.68068E-05
  1139    1.32234E-05
  1140    1.66474E-05
  1141    7.06929E-06
  1142    5.83106E-06
  1143    4.99282E-06
  1144    2.91157E-06
  1145    2.18914E-07
  1146    1.00000E-10
  1147    7.18320E-06
  1148    7.07729E-06
  1149    3.94492E-06
  1150    2.84943E-06
  1151    1.18091E-05
  1152    3.71610E-06
  1153    2.35528E-07
  1154    9.51851E-06
  1155    7.72624E-06
  1156    7.48721E-06
  1157    7.22632E-06
  1158    6.27553E-06
  1159    8.77196E-07
  1160    6.81670E-06
  1161    4.68370E-06
  1162    5.86583E-06
  1163    4.78939E-07
  1164    1.17806E-06
  1165    1.02470E-07
  1166    1.00000E-10
  1167    6.71560E-06
  1168    5.83708E-07
  1169    1.00000E-10
  1170    1.00000E-10
  1171    3.29049E-06
  1172    1.26161E-05
  1173    1.32872E-05
  1174    1.06169E-06
  1175    2.19906E-06
  1176    4.70208E-06
  1177    7.81106E-07
  1178    3.39050E-08
  1179    5.08818E-06
  1180    9.24345E-06
  1181    2.84668E-06
  1182    6.75749E-06
  1183    5.71627E-07
  1184    1.00000E-10
  1185    1.00000E-10
  1186    1.00000E-10
  1187    5.73565E-06
  1188    7.20764E-06
  1189    1.21808E-05
  1190    2.73882E-06
  1191    1.50517E-07
  1192    3.20459E-06
  1193    1.33628E-05
  1194    9.00931E-06
  1195    9.33609E-07
  1196    2.17726E-08
  1197    4.62120E-06
  1198    3.06831E-06
  1199    4.06147E-06
  1200    3.32912E-07
  1201    1.63943E-06
  1202    5.35074E-06
  1203    4.52715E-07
  1204    1.00000E-10
  1205    3.07577E-06
  1206    2.67390E-07
  1207    1.00000E-10
  1208    2.71831E-06
  1209    2.36325E-07
  1210    1.27165E-06
  1211    1.10603E-07
  1212    1.00000E-10
  1213    1.00000E-10
  1214    4.24410E-06
  1215    8.25213E-07
  1216    4.00938E-07
  1217    3.14886E-08
  1218    4.14847E-06
  1219    3.98871E-06
  1220    3.15399E-07
  1221    3.60304E-06
  1222    1.40103E-05
  1223    5.88594E-06
  1224    1.71199E-06
  1225    1.13409E-07
  1226    5.80211E-06
  1227    5.04321E-07
  1228    1.74084E-06
  1229    1.51378E-07
  1230    3.02549E-06
  1231    9.70841E-07
  1232    7.63488E-06
  1233    1.64486E-06
  1234    8.58410E-08
  1235    1.00000E-10
  1236    1.00000E-10
  1237    1.00000E-10
  1238    1.00000E-10
  1239    3.54202E-06
  1240    3.07909E-07
  1241    1.00000E-10
  1242    1.00000E-10
  1243    6.41144E-06
  1244    5.57276E-07
  1245    1.79997E-06
  1246    1.66645E-06
  1247    8.92452E-06
  1248    2.72767E-06
  1249    3.19158E-06
  1250    8.71135E-06
  1251    3.70873E-06
  1252    2.58589E-07
  1253    1.60254E-06
  1254    3.52433E-06
  1255    2.94270E-07
  1256    4.38672E-06
  1257    1.33303E-06
  1258    8.28082E-08
  1259    2.32800E-06
  1260    2.02405E-07
  1261    4.83331E-06
  1262    4.20128E-07
  1263    1.11867E-06
  1264    9.73090E-08
  1265    1.00000E-10
  1266    8.54074E-06
  1267    2.62310E-06
  1268    6.03978E-06
  1269    5.10771E-07
  1270    6.30864E-06
  1271    1.38553E-05
  1272    1.33596E-06
  1273    6.40610E-06
  1274    3.80382E-06
  1275    1.92036E-06
  1276    1.42447E-07
  1277    1.00000E-10
  1278    3.58468E-06
  1279    1.38347E-06
  1280    9.32489E-08
  1281    4.70842E-06
  1282    4.09274E-07
  1283    1.00000E-10
  1284    1.00000E-10
  1285    9.52771E-06
  1286    8.28093E-07
  1287    1.00000E-10
  1288    4.17054E-06
  1289    3.62530E-07
  1290    1.00000E-10
  1291    8.81881E-06
  1292    3.55096E-06
  1293    2.42084E-07
  1294    1.76927E-06
  1295    1.53849E-07
  1296    1.00000E-10
  1297    1.00000E-10
  1298    1.00000E-10
  1299    1.00000E-10
  1300    1.00000E-10
  1301    2.69302E-06
  1302    3.60799E-06
  1303    2.93305E-07
  1304    8.75032E-06
  1305    2.17833E-06
  1306    3.08251E-06
  1307    5.31327E-06
  1308    6.09405E-06
  1309    5.80642E-07
  1310    7.84623E-09
  1311    4.49065E-06
  1312    3.90350E-07
  1313    1.00000E-10
  1314    7.94493E-06
  1315    5.19510E-06
  1316    3.91567E-07
  1317    3.53293E-06
  1318    3.07119E-07
  1319    3.30466E-06
  1320    2.87281E-07
  1321    1.00000E-10
  1322    1.00000E-10
  1323    1.00000E-10
  1324    1.00000E-10
  1325    1.00000E-10
  1326    5.88689E-06
  1327    1.25041E-06
  1328    5.32065E-06
  1329    6.54307E-06
  1330    6.45511E-07
  1331    7.80934E-06
  1332    6.77879E-07
  1333    2.35216E-06
  1334    2.04504E-07
  1335    6.96954E-06
  1336    5.87423E-06
  1337    2.44877E-06
  1338    2.91478E-06
  1339    5.91824E-06
  1340    4.93707E-07
  1341    1.00000E-10
  1342    1.00000E-10
  1343    1.00000E-10
  1344    3.88557E-06
  1345    3.37766E-07
  1346    1.00000E-10
  1347    1.25300E-06
  1348    1.08983E-07
  1349    4.73413E-06
  1350    4.11509E-07
  1351    4.93833E-06
  1352    3.72169E-06
  1353    6.46165E-06
  1354    6.66466E-06
  1355    8.01926E-06
  1356    6.98196E-06
  1357    5.50313E-07
  1358    1.00000E-10
  1359    1.43117E-06
  1360    1.24467E-07
  1361    5.22201E-06
  1362    4.53908E-07
  1363    1.00000E-10
  1364    1.00000E-10
  1365    1.00000E-10
  1366    1.00000E-10
  1367    1.00000E-10
  1368    1.00000E-10
  1369    5.26503E-06
  1370    4.57647E-07
  1371    1.25777E-07
  1372    1.10219E-08
  1373    1.00000E-10
  1374    5.67663E-06
  1375    4.93417E-07
  1376    1.00000E-10
  1377    1.00000E-10
  1378    1.00000E-10
  1379    1.00000E-10
  1380    1.00000E-10
  1381    1.28997E-06
  1382    2.27270E-06
  1383    2.18552E-06
  1384    7.33787E-06
  1385    6.22699E-07
  1386    1.00000E-10
  1387    3.28269E-06
  1388    2.85372E-07
  1389    7.65877E-07
  1390    6.66495E-08
  1391    1.00000E-10
  1392    1.00000E-10
  1393    1.49962E-06
  1394    1.30415E-07
  1395    1.00000E-10
  1396    1.00000E-10
  1397    1.00000E-10
  1398    1.00000E-10
  1399    5.54118E-06
  1400    5.88927E-06
  1401    4.70047E-07
  1402    1.00000E-10
  1403    1.00000E-10
  1404    1.00000E-10
  1405    1.00000E-10
  1406    1.00000E-10
  1407    1.00000E-10
  1408    2.20999E-06
  1409    1.04986E-05
  1410    8.95776E-07
  1411    1.00000E-10
  1412    1.07912E-05
  1413    9.37896E-07
  1414    1.00000E-10
  1415    8.08155E-06
  1416    7.02415E-07
  1417    1.10735E-06
  1418    1.07478E-05
  1419    9.25759E-07
  1420    1.00000E-10
  1421    1.00000E-10
  1422    2.01313E-06
  1423    1.75042E-07
  1424    2.56609E-06
  1425    1.59077E-06
  1426    1.18957E-07
  1427    1.91994E-06
  1428    2.18644E-07
  1429    4.59308E-09
  1430    1.00000E-10
  1431    1.00000E-10
  1432    2.73024E-06
  1433    2.37362E-07
  1434    1.00000E-10
  1435    3.97561E-06
  1436    2.60591E-06
  1437    1.96532E-07
  1438    1.00000E-10
  1439    1.00000E-10
  1440    1.00000E-10
  1441    1.13124E-06
  1442    9.84012E-08
  1443    1.00000E-10
  1444    1.00000E-10
  1445    1.00000E-10
  1446    3.19785E-06
  1447    2.77999E-07
  1448    2.28824E-06
  1449    5.13216E-07
  1450    2.61514E-07
  1451    2.04446E-08
  1452    1.88252E-06
  1453    7.29876E-06
  1454    6.20170E-07
  1455    8.17714E-06
  1456    7.10722E-07
  1457    6.73840E-06
  1458    5.85690E-07
  1459    1.00000E-10
  1460    1.00000E-10
  1461    1.05577E-05
  1462    9.17604E-07
  1463    1.00000E-10
  1464    1.00000E-10
  1465    1.00000E-10
  1466    1.00000E-10
  1467    3.13661E-07
  1468    4.46962E-07
  1469    3.65662E-08
  1470    4.15067E-06
  1471    2.67882E-06
  1472    2.01546E-07
  1473    3.36024E-06
  1474    2.92112E-07
  1475    5.18788E-07
  1476    4.51763E-08
  1477    1.00000E-10
  1478    1.00000E-10
  1479    2.35251E-06
  1480    3.62265E-06
  1481    2.97150E-07
  1482    4.23325E-06
  1483    3.67980E-07
  1484    1.00000E-10
  1485    5.56491E-06
  1486    7.53585E-06
  1487    6.12964E-07
  1488    1.00000E-10
  1489    1.01944E-05
  1490    8.86029E-07
  1491    1.37134E-05
  1492    1.19184E-06
  1493    3.49924E-07
  1494    3.05013E-08
  1495    1.00000E-10
  1496    1.00000E-10
  1497    1.00000E-10
  1498    2.54052E-06
  1499    4.38532E-07
  1500    3.88870E-06
  1501    3.36393E-07
  1502    1.00000E-10
  1503    1.00000E-10
  1504    1.00000E-10
  1505    3.73601E-07
  1506    2.54489E-06
  1507    2.18433E-07
  1508    3.04792E-06
  1509    4.95917E-06
  1510    4.08048E-07
  1511    1.00000E-10
  1512    1.00000E-10
  1513    1.00000E-10
  1514    1.00000E-10
  1515    2.05631E-06
  1516    1.78794E-07
  1517    1.00000E-10
  1518    5.62927E-06
  1519    4.89301E-07
  1520    3.98774E-07
  1521    3.47466E-08
  1522    3.78038E-06
  1523    1.62453E-06
  1524    1.12720E-07
  1525    1.00000E-10
  1526    1.00000E-10
  1527    1.00000E-10
  1528    6.01588E-06
  1529    5.22899E-07
  1530    1.00000E-10
  1531    1.00000E-10
  1532    1.00000E-10
  1533    2.19857E-06
  1534    3.77215E-06
  1535    1.41278E-06
  1536    9.58235E-08
  1537    1.00000E-10
  1538    4.16178E-06
  1539    3.61769E-07
  1540    2.77743E-06
  1541    3.95943E-06
  1542    2.27502E-06
  1543    1.69721E-07
  1544    3.91264E-06
  1545    3.40118E-07
  1546    1.00000E-10
  1547    8.06185E-07
  1548    7.01525E-08
  1549    1.43390E-05
  1550    1.55160E-06
  1551    9.34981E-06
  1552    2.34081E-06
  1553    1.33106E-07
  1554    1.78507E-06
  1555    3.56041E-06
  1556    2.96026E-07
  1557    5.89285E-06
  1558    5.12207E-07
  1559    3.92366E-06
  1560    3.41075E-07
  1561    2.31352E-06
  1562    2.01147E-07
  1563    1.00000E-10
  1564    1.03691E-05
  1565    9.39614E-06
  1566    4.26437E-06
  1567    3.06528E-07
  1568    7.28366E-06
  1569    2.71191E-06
  1570    1.80761E-07
  1571    5.93793E-06
  1572    1.60068E-06
  1573    2.26186E-06
  1574    1.88466E-07
  1575    1.00000E-10
  1576    1.49396E-06
  1577    9.91468E-06
  1578    7.40097E-06
  1579    5.69371E-07
  1580    4.93523E-06
  1581    1.02530E-06
  1582    5.19222E-08
  1583    1.00000E-10
  1584    6.16947E-06
  1585    1.04441E-05
  1586    7.25939E-06
  1587    5.56138E-07
  1588    5.70959E-06
  1589    3.37196E-06
  1590    2.50010E-07
  1591    6.24266E-06
  1592    5.42607E-07
  1593    1.51415E-06
  1594    1.31678E-07
  1595    3.55763E-06
  1596    1.48871E-06
  1597    4.70327E-06
  1598    3.99919E-07
  1599    1.28207E-07
  1600    5.55916E-06
  1601    8.38522E-06
  1602    3.10424E-06
  1603    2.10177E-07
  1604    1.00000E-10
  1605    1.90988E-06
  1606    1.66069E-07
  1607    8.78155E-09
  1608    8.54467E-10
  1609    3.24564E-07
  1610    8.89449E-07
  1611    7.49380E-08
  1612    1.00000E-10
  1613    1.00000E-10
  1614    1.00000E-10
  1615    2.66444E-06
  1616    2.31643E-07
  1617    1.00000E-10
  1618    1.81838E-06
  1619    1.58117E-07
  1620    1.00000E-10
  1621    1.00000E-10
  1622    4.13960E-06
  1623    3.59842E-07
  1624    2.42625E-06
  1625    5.09419E-06
  1626    4.24476E-07
  1627    4.22570E-06
  1628    9.13059E-06
  1629    7.61668E-07
  1630    1.00000E-10
  1631    5.60214E-06
  1632    4.86943E-07
  1633    7.48650E-06
  1634    6.50703E-07
  1635    1.00000E-10
  1636    4.62724E-06
  1637    5.80757E-06
  1638    4.69850E-07
  1639    2.32695E-06
  1640    2.02314E-07
  1641    1.99012E-07
  1642    5.59337E-07
  1643    2.62472E-06
  1644    2.24099E-07
  1645    1.00000E-10
  1646    1.56698E-06
  1647    1.36269E-07
  1648    1.00000E-10
  1649    5.62187E-06
  1650    7.26608E-06
  1651    7.76925E-06
  1652    6.24089E-07
  1653    1.00000E-10
  1654    1.00000E-10
  1655    1.00000E-10
  1656    6.00325E-06
  1657    5.21801E-07
  1658    1.09775E-05
  1659    4.04153E-06
  1660    2.68413E-07
  1661    4.55778E-06
  1662    2.80912E-06
  1663    7.24096E-06
  1664    6.11140E-07
  1665    8.56895E-07
  1666    7.45595E-08
  1667    1.00000E-10
  1668    1.00000E-10
  1669    1.00000E-10
  1670    1.00000E-10
  1671    1.00000E-10
  1672    2.47009E-06
  1673    5.64520E-06
  1674    3.41269E-06
  1675    2.55657E-07
  1676    1.00000E-10
  1677    2.68964E-06
  1678    2.33833E-07
  1679    5.30513E-06
  1680    4.61132E-07
  1681    8.71330E-06
  1682    2.15445E-06
  1683    1.68040E-06
  1684    6.73951E-06
  1685    4.51982E-06
  1686    5.89425E-06
  1687    4.82528E-07
  1688    1.00000E-10
  1689    4.58071E-06
  1690    4.94681E-06
  1691    3.95397E-07
  1692    1.00000E-10
  1693    1.11458E-05
  1694    2.15431E-06
  1695    1.03134E-07
  1696    5.32905E-06
  1697    4.63210E-07
  1698    4.17336E-06
  1699    2.97129E-06
  1700    2.26792E-07
  1701    9.60000E-07
  1702    2.60233E-06
  1703    1.10059E-05
  1704    9.37529E-07
  1705    1.45218E-06
  1706    3.25940E-06
  1707    9.08739E-06
  1708    1.02562E-06
  1709    5.59227E-06
  1710    4.84126E-07
  1711    4.30720E-06
  1712    3.74407E-07
  1713    1.00000E-10
  1714    4.74418E-06
  1715    4.12382E-07
  1716    7.17740E-06
  1717    6.23841E-07
  1718    3.55084E-06
  1719    8.31051E-07
  1720    4.54968E-08
  1721    1.00000E-10
  1722    1.00000E-10
  1723    1.00000E-10
  1724    1.44828E-06
  1725    1.25953E-07
  1726    1.00000E-10
  1727    1.00000E-10
  1728    3.68761E-06
  1729    3.20561E-07
  1730    1.00000E-10
  1731    3.83770E-06
  1732    6.17204E-06
  1733    5.07487E-07
  1734    1.00000E-10
  1735    1.00000E-10
  1736    1.00000E-10
  1737    1.00000E-10
  1738    6.90511E-06
  1739    3.32745E-06
  1740    3.07399E-06
  1741    2.46638E-07
  1742    4.89056E-06
  1743    4.25103E-07
  1744    1.00000E-10
  1745    1.23157E-05
  1746    5.13722E-06
  1747    3.53527E-07
  1748    1.00000E-10
  1749    1.30533E-06
  1750    1.70561E-06
  1751    1.38459E-07
  1752    6.29980E-07
  1753    5.48394E-08
  1754    1.00000E-10
  1755    3.18078E-06
  1756    2.76516E-07
  1757    1.00000E-10
  1758    1.00000E-10
  1759    1.00000E-10
  1760    2.77624E-06
  1761    3.72526E-06
  1762    3.02867E-07
  1763    1.00000E-10
  1764    5.40561E-06
  1765    1.19660E-06
  1766    1.14168E-05
  1767    6.10950E-06
  1768    4.45289E-07
  1769    6.36036E-06
  1770    2.51451E-06
  1771    2.95244E-06
  1772    1.79089E-06
  1773    1.34718E-07
  1774    1.00000E-10
  1775    1.93691E-07
  1776    1.69239E-08
  1777    1.27756E-06
  1778    6.82876E-07
  1779    4.97884E-08
  1780    8.10430E-06
  1781    7.04392E-07
  1782    1.00000E-10
  1783    2.03205E-07
  1784    1.77508E-08
  1785    1.00000E-10
  1786    1.55554E-06
  1787    1.35274E-07
  1788    1.01535E-05
  1789    8.82479E-07
  1790    1.00000E-10
  1791    1.00000E-10
  1792    1.00000E-10
  1793    2.35831E-06
  1794    2.05039E-07
  1795    1.00000E-10
  1796    2.56632E-07
  1797    2.23938E-08
  1798    1.00000E-10
  1799    1.00000E-10
  1800    2.91767E-06
  1801    2.53650E-07
  1802    1.00000E-10
  1803    3.90755E-07
  1804    2.15014E-06
  1805    1.83998E-07
  1806    1.00000E-10
  1807    4.49977E-06
  1808    2.45346E-06
  1809    1.79325E-07
  1810    1.00000E-10
  1811    1.00000E-10
  1812    1.00000E-10
  1813    7.95865E-06
  1814    2.53477E-06
  1815    4.39199E-06
  1816    3.67857E-07
  1817    1.49176E-06
  1818    1.29732E-07
  1819    1.00000E-10
  1820    4.78682E-07
  1821    4.16910E-08
  1822    1.00000E-10
  1823    3.33821E-07
  1824    3.33665E-06
  1825    2.87541E-07
  1826    5.25689E-06
  1827    4.56939E-07
  1828    1.00000E-10
  1829    7.23234E-06
  1830    6.28615E-07
  1831    1.00000E-10
  1832    1.00000E-10
  1833    1.00000E-10
  1834    1.00000E-10
  1835    1.00000E-10
  1836    2.05040E-06
  1837    5.21958E-06
  1838    4.38212E-07
  1839    4.54088E-06
  1840    2.25758E-06
  1841    3.39407E-06
  1842    6.67818E-06
  1843    5.56046E-07
  1844    1.00000E-10
  1845    7.75365E-06
  1846    6.73919E-07
  1847    2.58651E-06
  1848    3.78769E-06
  1849    3.09725E-07
  1850    4.54321E-06
  1851    3.94918E-07
  1852    4.43798E-06
  1853    5.38185E-06
  1854    2.06892E-06
  1855    3.04309E-06
  1856    4.50595E-06
  1857    2.16495E-06
  1858    1.98812E-06
  1859    5.36662E-06
  1860    1.82174E-06
  1861    5.15648E-06
  1862    4.38091E-06
  1863    3.42769E-07
  1864    1.55334E-06
  1865    1.35083E-07
  1866    1.00000E-10
  1867    4.06945E-06
  1868    2.15110E-06
  1869    1.56298E-07
  1870    1.00000E-10
  1871    1.00000E-10
  1872    7.58117E-06
  1873    3.65317E-06
  1874    2.43096E-06
  1875    1.88739E-07
  1876    6.26593E-07
  1877    5.45451E-08
  1878    2.34874E-06
  1879    2.61431E-06
  1880    2.09549E-07
  1881    1.00000E-10
  1882    4.68963E-06
  1883    7.31886E-06
  1884    6.00716E-07
  1885    1.00000E-10
  1886    1.00000E-10
  1887    1.00000E-10
  1888    1.00000E-10
  1889    1.19125E-06
  1890    7.18190E-06
  1891    6.15235E-07
  1892    1.00000E-10
  1893    1.00000E-10
  1894    7.06554E-07
  1895    6.14941E-08
  1896    4.36234E-06
  1897    1.31209E-05
  1898    1.10741E-06
  1899    1.00000E-10
  1900    5.10407E-06
  1901    4.43659E-07
  1902    1.00000E-10
  1903    4.71741E-06
  1904    4.10056E-07
  1905    1.00000E-10
  1906    4.68472E-06
  1907    8.58958E-07
  1908    3.93586E-08
  1909    3.89334E-06
  1910    3.38441E-07
  1911    1.52333E-06
  1912    1.32476E-07
  1913    1.00000E-10
  1914    6.10050E-06
  1915    5.30253E-07
  1916    1.00000E-10
  1917    1.00000E-10
  1918    1.00000E-10
  1919    9.64455E-06
  1920    8.57861E-06
  1921    6.72773E-07
  1922    2.30161E-06
  1923    1.65730E-06
  1924    2.20970E-06
  1925    3.02075E-07
  1926    1.06117E-08
  1927    4.53879E-06
  1928    3.94533E-07
  1929    1.00000E-10
  1930    1.00000E-10
  1931    7.53039E-07
  1932    5.15737E-06
  1933    8.38245E-06
  1934    5.33726E-06
  1935    3.21131E-06
  1936    2.44072E-07
  1937    1.00000E-10
  1938    4.24957E-06
  1939    4.55961E-06
  1940    1.53992E-05
  1941    1.30671E-06
  1942    1.32212E-06
  1943    1.14990E-07
  1944    1.00000E-10
  1945    2.20149E-07
  1946    3.73899E-06
  1947    9.88943E-07
  1948    5.79418E-08
  1949    1.00000E-10
  1950    1.50269E-06
  1951    1.30682E-07
  1952    1.07543E-05
  1953    2.89982E-06
  1954    3.50765E-06
  1955    1.00472E-06
  1956    4.49033E-07
  1957    2.85857E-06
  1958    2.45593E-07
  1959    1.00000E-10
  1960    1.00000E-10
  1961    1.52338E-06
  1962    1.32480E-07
  1963    2.50216E-06
  1964    2.17540E-07
  1965    1.10818E-08
  1966    1.05437E-09
  1967    1.14263E-07
  1968    1.00213E-08
  1969    7.00111E-06
  1970    2.83851E-06
  1971    1.93897E-07
  1972    1.00000E-10
  1973    1.00000E-10
  1974    1.00000E-10
  1975    1.00000E-10
  1976    1.00000E-10
  1977    1.00000E-10
  1978    1.00000E-10
  1979    3.26728E-06
  1980    2.84033E-07
  1981    1.00000E-10
  1982    6.01620E-06
  1983    1.06855E-05
  1984    5.32070E-06
  1985    3.85733E-07
  1986    1.00000E-10
  1987    4.20025E-06
  1988    3.65112E-07
  1989    3.21383E-06
  1990    1.80573E-06
  1991    4.85270E-06
  1992    4.10286E-07
  1993    4.63733E-06
  1994    4.03097E-07
  1995    3.29505E-06
  1996    5.58758E-06
  1997    1.95643E-06
  1998    7.68337E-06
  1999    1.45041E-06
  2000    6.90926E-08
  2001    1.00000E-10
  2002    4.07105E-06
  2003    3.53884E-07
  2004    2.66952E-06
  2005    4.13514E-06
  2006    3.39294E-07
  2007    3.01444E-06
  2008    2.62060E-07
  2009    6.55700E-06
  2010    5.69925E-07
  2011    7.59419E-06
  2012    1.09287E-06
  2013    3.77131E-08
  2014    1.31401E-06
  2015    1.14285E-07
  2016    1.00000E-10
  2017    1.00000E-10
  2018    1.00000E-10
  2019    1.00000E-10
  2020    1.19803E-05
  2021    1.04123E-06
  2022    1.00000E-10
  2023    1.00000E-10
  2024    1.00000E-10
  2025    2.60727E-06
  2026    4.98984E-06
  2027    6.09662E-07
  2028    1.71003E-08
  2029    3.00242E-06
  2030    2.61015E-07
  2031    1.00000E-10
  2032    1.02432E-08
  2033    1.76893E-06
  2034    1.53743E-07
  2035    3.48821E-06
  2036    3.03233E-07
  2037    2.24101E-06
  2038    5.42237E-06
  2039    2.40380E-06
  2040    1.69513E-07
  2041    4.25233E-06
  2042    5.38645E-06
  2043    4.36084E-07
  2044    8.56547E-06
  2045    7.44471E-07
  2046    1.00000E-10
  2047    1.00000E-10
  2048    4.69625E-06
  2049    4.08894E-07
  2050    4.83578E-07
  2051    4.21862E-08
  2052    1.00000E-10
  2053    4.77910E-06
  2054    1.92428E-06
  2055    6.59269E-06
  2056    5.62549E-07
  2057    1.00000E-10
  2058    1.01414E-06
  2059    2.88596E-06
  2060    2.50895E-07
  2061    7.32639E-10
  2062    1.00000E-10
  2063    8.39398E-08
  2064    7.39816E-09
  2065    1.00000E-10
  2066    1.00000E-10
  2067    6.72797E-07
  2068    9.50616E-06
  2069    8.22494E-07
  2070    1.00000E-10
  2071    1.26077E-07
  2072    4.07965E-07
  2073    3.46495E-08
  2074    1.00000E-10
  2075    1.00000E-10
  2076    3.58991E-07
  2077    3.13410E-08
  2078    1.00000E-10
  2079    1.31750E-06
  2080    5.41391E-06
  2081    4.61383E-07
  2082    4.33660E-06
  2083    3.77588E-07
  2084    1.00000E-10
  2085    5.32445E-06
  2086    4.63579E-07
  2087    1.00000E-10
  2088    5.97836E-06
  2089    5.20501E-07
  2090    1.00000E-10
  2091    1.00000E-10
  2092    1.00000E-10
  2093    1.00000E-10
  2094    1.00000E-10
  2095    1.00000E-10
  2096    1.00000E-10
  2097    3.55262E-06
  2098    3.09343E-07
  2099    4.22116E-06
  2100    3.39613E-06
  2101    2.63736E-07
  2102    1.00000E-10
  2103    1.56020E-06
  2104    1.35905E-07
  2105    1.00000E-10
  2106    1.51088E-06
  2107    1.31612E-07
  2108    4.34609E-06
  2109    3.78413E-07
  2110    3.62120E-06
  2111    6.30645E-06
  2112    1.19974E-06
  2113    5.91291E-08
  2114    6.79764E-06
  2115    8.82583E-06
  2116    3.20783E-06
  2117    6.41828E-06
  2118    5.39920E-07
  2119    1.00000E-10
  2120    4.14012E-07
  2121    3.61306E-08
  2122    2.48378E-06
  2123    4.74644E-06
  2124    3.01373E-06
  2125    2.28106E-07
  2126    1.00000E-10
  2127    1.00000E-10
  2128    1.00000E-10
  2129    1.00000E-10
  2130    2.35101E-06
  2131    2.04744E-07
  2132    2.53738E-06
  2133    2.20967E-07
  2134    1.00000E-10
  2135    1.00000E-10
  2136    1.00000E-10
  2137    4.44895E-07
  2138    5.87902E-06
  2139    5.08483E-07
  2140    1.00000E-10
  2141    6.27934E-06
  2142    5.21699E-06
  2143    4.06643E-07
  2144    9.00933E-07
  2145    7.85165E-08
  2146    1.00000E-10
  2147    1.00000E-10
  2148    1.00000E-10
  2149    4.17972E-06
  2150    3.25280E-06
  2151    7.00300E-06
  2152    5.87804E-07
  2153    5.01299E-06
  2154    3.19505E-06
  2155    3.01527E-06
  2156    6.48389E-06
  2157    4.55708E-06
  2158    3.49479E-07
  2159    1.00000E-10
  2160    1.00000E-10
  2161    3.82705E-06
  2162    3.33232E-07
  2163    1.00000E-10
  2164    1.00000E-10
  2165    1.55395E-06
  2166    8.91428E-06
  2167    1.81695E-06
  2168    4.25261E-06
  2169    3.62300E-07
  2170    4.41641E-06
  2171    3.84534E-07
  2172    1.23536E-06
  2173    1.43672E-06
  2174    5.24932E-06
  2175    3.65761E-06
  2176    2.79582E-07
  2177    1.00000E-10
  2178    1.00000E-10
  2179    1.71661E-06
  2180    3.45002E-06
  2181    1.29590E-06
  2182    3.56763E-06
  2183    3.03007E-07
  2184    6.13727E-08
  2185    5.43372E-09
  2186    1.00000E-10
  2187    3.13987E-07
  2188    3.23297E-06
  2189    2.79393E-06
  2190    1.29330E-05
  2191    4.92598E-06
  2192    3.23424E-06
  2193    2.52689E-07
  2194    5.51335E-06
  2195    1.72948E-06
  2196    1.08864E-07
  2197    1.00000E-10
  2198    8.07724E-06
  2199    2.04507E-06
  2200    1.16908E-07
  2201    1.00000E-10
  2202    1.00000E-10
  2203    6.86756E-06
  2204    5.97905E-07
  2205    1.00000E-10
  2206    1.00000E-10
  2207    1.00000E-10
  2208    1.00000E-10
  2209    1.00000E-10
  2210    2.51347E-07
  2211    2.19708E-08
  2212    1.00000E-10
  2213    1.00000E-10
  2214    5.48632E-06
  2215    4.77669E-07
  2216    2.31485E-06
  2217    2.01597E-07
  2218    1.00000E-10
  2219    5.38617E-06
  2220    4.68951E-07
  2221    1.00000E-10
  2222    1.00000E-10
  2223    1.49988E-06
  2224    1.31509E-05
  2225    1.31898E-05
  2226    5.86657E-06
  2227    4.19412E-07
  2228    5.65779E-06
  2229    4.92596E-07
  2230    3.28121E-07
  2231    2.86539E-08
  2232    1.22890E-06
  2233    1.07066E-07
  2234    1.00000E-10
  2235    1.00000E-10
  2236    1.00000E-10
  2237    1.00000E-10
  2238    1.00000E-10
  2239    1.00000E-10
  2240    3.08911E-06
  2241    7.19755E-06
  2242    1.09819E-05
  2243    9.03549E-07
  2244    9.61676E-07
  2245    8.38041E-08
  2246    2.89274E-06
  2247    2.51901E-07
  2248    1.00000E-10
  2249    1.00000E-10
  2250    8.04695E-06
  2251    7.00569E-07
  2252    1.00000E-10
  2253    4.77584E-06
  2254    4.67458E-06
  2255    8.51693E-06
  2256    7.09209E-07
  2257    4.51499E-06
  2258    3.93116E-07
  2259    2.58822E-06
  2260    2.25393E-07
  2261    3.69020E-06
  2262    5.47837E-06
  2263    2.67073E-06
  2264    1.93497E-07
  2265    1.00000E-10
  2266    4.73360E-06
  2267    4.83909E-07
  2268    6.99698E-06
  2269    6.08627E-07
  2270    4.05798E-06
  2271    2.62882E-06
  2272    1.98178E-07
  2273    1.99381E-06
  2274    1.73650E-07
  2275    1.00000E-10
  2276    1.00000E-10
  2277    3.69765E-07
  2278    1.50292E-06
  2279    5.05280E-06
  2280    3.17206E-06
  2281    4.99575E-06
  2282    2.82090E-06
  2283    2.35066E-06
  2284    1.86476E-07
  2285    1.23885E-05
  2286    1.07850E-06
  2287    1.00000E-10
  2288    1.00000E-10
  2289    5.77999E-06
  2290    2.83316E-06
  2291    2.02917E-07
  2292    1.00000E-10
  2293    1.00000E-10
  2294    3.56126E-06
  2295    3.10094E-07
  2296    1.37808E-06
  2297    1.20051E-07
  2298    4.79021E-06
  2299    1.46527E-06
  2300    9.13443E-08
  2301    1.28099E-06
  2302    5.38024E-06
  2303    5.14993E-06
  2304    4.08463E-07
  2305    1.65353E-06
  2306    4.86135E-06
  2307    4.10737E-07
  2308    6.22946E-06
  2309    9.17508E-07
  2310    3.01854E-06
  2311    2.60009E-07
  2312    3.46979E-06
  2313    5.62601E-07
  2314    2.27735E-08
  2315    5.17734E-06
  2316    5.58823E-06
  2317    6.59090E-06
  2318    5.34892E-07
  2319    1.83313E-06
  2320    2.16779E-06
  2321    5.21634E-06
  2322    1.71122E-06
  2323    1.10850E-07
  2324    1.00000E-10
  2325    1.00000E-10
  2326    1.00000E-10
  2327    1.00000E-10
  2328    1.00000E-10
  2329    1.70080E-06
  2330    1.48144E-07
  2331    6.80595E-06
  2332    5.92541E-07
  2333    1.02081E-05
  2334    8.88695E-07
  2335    2.99260E-06
  2336    2.60593E-07
  2337    1.00000E-10
  2338    1.00000E-10
  2339    1.02316E-05
  2340    5.10977E-06
  2341    3.67362E-07
  2342    1.18071E-05
  2343    1.02789E-06
  2344    5.04142E-06
  2345    4.38941E-07
  2346    1.00000E-10
  2347    5.95597E-07
  2348    9.80138E-07
  2349    2.69848E-07
  2350    9.30279E-06
  2351    8.08457E-07
  2352    1.00000E-10
  2353    1.00000E-10
  2354    1.00000E-10
  2355    1.00000E-10
  2356    1.00000E-10
  2357    1.00000E-10
  2358    1.00000E-10
  2359    4.43651E-06
  2360    3.86284E-07
  2361    2.31534E-06
  2362    2.01639E-07
  2363    1.70593E-06
  2364    2.22473E-06
  2365    1.80826E-07
  2366    1.00000E-10
  2367    4.74724E-06
  2368    4.13333E-07
  2369    1.00000E-10
  2370    1.58305E-06
  2371    2.47829E-06
  2372    1.47591E-06
  2373    1.20392E-06
  2374    5.07047E-06
  2375    2.38812E-06
  2376    5.19478E-06
  2377    4.37477E-07
  2378    1.00000E-10
  2379    1.00000E-10
  2380    7.28734E-06
  2381    4.87266E-06
  2382    3.67492E-06
  2383    1.55528E-06
  2384    1.10426E-07
  2385    1.00000E-10
  2386    5.90949E-06
  2387    2.35115E-06
  2388    1.59978E-07
  2389    1.00000E-10
  2390    6.74092E-06
  2391    5.86881E-07
  2392    1.00000E-10
  2393    2.04218E-06
  2394    8.10107E-07
  2395    5.51363E-08
  2396    1.00000E-10
  2397    1.00000E-10
  2398    2.18515E-06
  2399    1.90306E-07
  2400    1.02828E-05
  2401    5.74179E-06
  2402    4.91275E-06
  2403    3.91016E-07
  2404    4.82602E-06
  2405    4.20191E-07
  2406    9.32084E-06
  2407    5.00480E-06
  2408    5.16426E-06
  2409    4.17859E-07
  2410    1.00000E-10
  2411    1.00000E-10
  2412    1.37134E-05
  2413    1.19382E-06
  2414    1.00000E-10
  2415    1.00000E-10
  2416    1.79763E-06
  2417    1.56573E-07
  2418    9.74446E-06
  2419    8.48336E-07
  2420    4.69274E-06
  2421    4.08589E-07
  2422    1.00000E-10
  2423    1.00000E-10
  2424    9.76746E-06
  2425    3.02030E-06
  2426    1.88992E-07
  2427    1.00000E-10
  2428    5.43616E-06
  2429    7.99211E-06
  2430    6.54603E-07
  2431    1.00000E-10
  2432    1.00000E-10
  2433    1.00000E-10
  2434    2.75511E-06
  2435    6.37167E-06
  2436    1.78971E-06
  2437    6.84377E-06
  2438    1.05525E-06
  2439    4.09201E-08
  2440    1.00000E-10
  2441    1.00000E-10
  2442    5.47055E-06
  2443    2.99927E-06
  2444    2.19722E-07
  2445    1.00000E-10
  2446    3.62892E-06
  2447    3.15984E-07
  2448    1.00000E-10
  2449    6.72193E-07
  2450    3.08310E-06
  2451    7.53673E-06
  2452    6.33237E-07
  2453    1.29394E-06
  2454    1.12728E-07
  2455    1.22405E-06
  2456    1.06643E-07
  2457    1.00000E-10
  2458    3.53491E-06
  2459    3.07801E-07
  2460    1.00000E-10
  2461    1.00000E-10
  2462    1.00000E-10
  2463    1.00000E-10
  2464    1.00000E-10
  2465    3.62521E-06
  2466    3.15662E-07
  2467    1.00000E-10
  2468    7.49999E-06
  2469    6.52957E-07
  2470    4.60742E-06
  2471    8.78737E-06
  2472    7.30110E-07
  2473    1.00000E-10
  2474    1.00000E-10
  2475    1.00000E-10
  2476    1.00000E-10
  2477    2.25650E-06
  2478    4.26302E-06
  2479    3.54084E-07
  2480    1.00000E-10
  2481    1.04701E-06
  2482    9.12321E-08
  2483    6.56801E-07
  2484    4.20538E-06
  2485    3.61189E-07
  2486    4.84021E-07
  2487    5.42636E-06
  2488    3.16839E-06
  2489    2.35097E-07
  2490    1.00000E-10
  2491    1.00000E-10
  2492    5.56634E-06
  2493    3.23603E-06
  2494    1.03143E-06
  2495    6.90270E-08
  2496    8.10598E-06
  2497    3.31833E-06
  2498    2.27526E-07
  2499    1.00000E-10
  2500    1.57568E-05
  2501    1.37170E-06
  2502    6.79967E-06
  2503    5.91995E-07
  2504    1.58780E-06
  2505    7.04762E-06
  2506    4.23275E-06
  2507    3.16192E-07
  2508    9.13840E-06
  2509    7.95579E-07
  2510    1.07925E-06
  2511    9.40389E-08
  2512    5.33524E-07
  2513    3.09729E-07
  2514    2.30108E-08
  2515    1.00000E-10
  2516    1.00000E-10
  2517    8.60051E-06
  2518    8.79824E-06
  2519    1.33177E-05
  2520    1.50667E-06
  2521    3.56401E-08
  2522    5.15939E-06
  2523    3.50744E-06
  2524    7.52325E-06
  2525    6.31807E-07
  2526    1.00000E-10
  2527    1.00000E-10
  2528    5.81792E-06
  2529    5.06534E-07
  2530    6.01866E-06
  2531    2.85065E-06
  2532    1.54017E-06
  2533    6.35058E-06
  2534    2.46278E-06
  2535    1.67235E-07
  2536    5.97297E-06
  2537    5.20031E-07
  2538    1.00000E-10
  2539    1.00503E-06
  2540    8.75782E-08
  2541    4.53600E-07
  2542    4.03581E-06
  2543    3.47967E-07
  2544    1.85922E-06
  2545    6.72769E-06
  2546    5.71642E-07
  2547    1.00000E-10
  2548    5.17545E-06
  2549    4.50608E-07
  2550    1.12348E-06
  2551    4.40606E-06
  2552    7.38675E-06
  2553    9.29534E-06
  2554    4.35848E-06
  2555    4.34913E-06
  2556    6.70673E-06
  2557    5.53325E-07
  2558    1.00000E-10
  2559    7.04410E-06
  2560    3.12379E-06
  2561    2.18638E-07
  2562    1.00000E-10
  2563    2.91207E-06
  2564    2.53583E-07
  2565    5.87457E-07
  2566    7.03216E-06
  2567    1.19696E-05
  2568    1.27825E-05
  2569    1.02670E-06
  2570    1.00000E-10
  2571    1.00000E-10
  2572    1.00000E-10
  2573    7.35775E-06
  2574    6.40574E-07
  2575    7.77972E-06
  2576    6.77307E-07
  2577    5.40144E-06
  2578    4.70280E-07
  2579    3.97885E-06
  2580    3.46446E-07
  2581    1.38711E-06
  2582    1.20838E-07
  2583    7.02042E-06
  2584    1.56660E-05
  2585    1.15828E-05
  2586    8.94284E-07
  2587    1.00000E-10
  2588    3.45303E-07
  2589    3.01495E-08
  2590    6.67845E-06
  2591    5.81442E-07
  2592    1.00000E-10
  2593    1.00000E-10
  2594    7.39470E-06
  2595    6.43791E-07
  2596    2.19671E-05
  2597    4.59963E-06
  2598    2.34029E-07
  2599    9.55770E-07
  2600    2.65863E-05
  2601    2.28675E-05
  2602    1.37178E-05
  2603    1.03842E-06
  2604    1.60923E-05
  2605    1.40091E-06
  2606    1.00000E-10
  2607    1.42714E-05
  2608    9.19269E-06
  2609    6.92163E-07
  2610    1.20240E-05
  2611    1.04677E-06
  2612    2.73397E-05
  2613    4.71263E-06
  2614    1.27742E-05
  2615    1.09439E-06
  2616    1.00000E-10
  2617    8.78563E-06
  2618    3.16559E-05
  2619    9.67757E-06
  2620    1.26025E-05
  2621    1.04417E-06
  2622    2.30131E-05
  2623    8.67845E-06
  2624    8.10450E-06
  2625    2.53609E-06
  2626    8.50519E-06
  2627    7.26204E-07
  2628    3.40699E-06
  2629    5.00887E-06
  2630    1.26737E-05
  2631    3.60163E-06
  2632    1.32732E-05
  2633    1.15575E-05
  2634    1.96470E-05
  2635    1.47704E-05
  2636    8.24143E-06
  2637    1.07971E-05
  2638    8.86189E-07
  2639    1.11562E-05
  2640    1.49505E-05
  2641    2.21695E-06
  2642    1.68191E-05
  2643    2.58956E-05
  2644    1.35793E-05
  2645    3.01304E-05
  2646    1.45906E-05
  2647    1.64383E-05
  2648    2.36890E-05
  2649    1.34797E-05
  2650    1.00414E-06
  2651    8.07965E-06
  2652    7.03323E-07
  2653    0.00000E+00
  2654    0.00000E+00
  2655    0.00000E+00
  2656    0.00000E+00
  2657    0.00000E+00
  2658    0.00000E+00
  2659    0.00000E+00
  2660    0.00000E+00
  2661    0.00000E+00
  2662    0.00000E+00
  2663    0.00000E+00
  2664    0.00000E+00
  2665    0.00000E+00
  2666    0.00000E+00
  2667    0.00000E+00
  2668    0.00000E+00
  2669    0.00000E+00
  2670    0.00000E+00
  2671    0.00000E+00
  2672    0.00000E+00
  2673    0.00000E+00
  2674    0.00000E+00
  2675    0.00000E+00
  2676    0.00000E+00
  2677    0.00000E+00
  2678    0.00000E+00
  2679    0.00000E+00
  2680    0.00000E+00
  2681    0.00000E+00
  2682    0.00000E+00
  2683    0.00000E+00
  2684    0.00000E+00
  2685    0.00000E+00
  2686    0.00000E+00
  2687    0.00000E+00
  2688    0.00000E+00
  2689    0.00000E+00
  2690    0.00000E+00
  2691    0.00000E+00
  2692    0.00000E+00
  2693    0.00000E+00
  2694    0.00000E+00
  2695    0.00000E+00
  2696    0.00000E+00
  2697    0.00000E+00
  2698    0.00000E+00
  2699    0.00000E+00
  2700    0.00000E+00
