   400    2.31135E-06
   401    2.31135E-06
   402    2.31135E-06
   403    2.31135E-06
   404    2.31135E-06
   405    2.31135E-06
   406    2.31135E-06
   407    2.31135E-06
   408    2.31135E-06
   409    2.31135E-06
   410    2.31135E-06
   411    2.31135E-06
   412    2.31135E-06
   413    2.31135E-06
   414    2.31135E-06
   415    2.31135E-06
   416    2.31135E-06
   417    2.31135E-06
   418    2.31135E-06
   419    2.31135E-06
   420    2.31135E-06
   421    2.31135E-06
   422    2.31135E-06
   423    2.31135E-06
   424    2.31135E-06
   425    2.31135E-06
   426    2.31135E-06
   427    2.31135E-06
   428    2.31135E-06
   429    2.31135E-06
   430    2.31135E-06
   431    2.31135E-06
   432    2.31135E-06
   433    2.31135E-06
   434    2.31135E-06
   435    2.31135E-06
   436    2.31135E-06
   437    2.31135E-06
   438    2.31135E-06
   439    2.31135E-06
   440    2.31135E-06
   441    2.31135E-06
   442    2.31135E-06
   443    2.31135E-06
   444    2.31135E-06
   445    2.31135E-06
   446    2.31135E-06
   447    2.31135E-06
   448    2.31135E-06
   449    2.31135E-06
   450    2.31135E-06
   451    2.45061E-06
   452    2.46960E-06
   453    2.46960E-06
   454    2.46960E-06
   455    2.46960E-06
   456    2.46960E-06
   457    2.46960E-06
   458    2.46960E-06
   459    2.46960E-06
   460    2.46960E-06
   461    2.77101E-06
   462    2.81211E-06
   463    2.81211E-06
   464    2.81211E-06
   465    2.81211E-06
   466    2.81211E-06
   467    2.81211E-06
   468    2.81211E-06
   469    2.81211E-06
   470    2.81211E-06
   471    2.81211E-06
   472    2.81211E-06
   473    2.81211E-06
   474    2.81211E-06
   475    2.81211E-06
   476    2.81211E-06
   477    2.81211E-06
   478    2.81211E-06
   479    2.81211E-06
   480    2.81211E-06
   481    2.81211E-06
   482    2.81211E-06
   483    2.81211E-06
   484    2.81211E-06
   485    2.81211E-06
   486    2.81211E-06
   487    2.81211E-06
   488    2.81211E-06
   489    2.81211E-06
   490    2.81211E-06
   491    2.81211E-06
   492    2.81211E-06
   493    2.81211E-06
   494    2.81211E-06
   495    2.81211E-06
   496    2.81211E-06
   497    2.81211E-06
   498    2.81211E-06
   499    2.81211E-06
   500    2.81211E-06
   501    2.65749E-06
   502    2.63641E-06
   503    2.63641E-06
   504    2.63641E-06
   505    2.63641E-06
   506    2.63641E-06
   507    2.63641E-06
   508    2.63641E-06
   509    2.63641E-06
   510    2.63641E-06
   511    2.63641E-06
   512    2.63641E-06
   513    2.63641E-06
   514    2.63641E-06
   515    2.63641E-06
   516    2.63641E-06
   517    2.63641E-06
   518    2.63641E-06
   519    2.63641E-06
   520    2.63641E-06
   521    2.79103E-06
   522    2.81211E-06
   523    2.81211E-06
   524    2.81211E-06
   525    2.81211E-06
   526    2.81211E-06
   527    2.81211E-06
   528    2.81211E-06
   529    2.81211E-06
   530    2.81211E-06
   531    2.81211E-06
   532    2.81211E-06
   533    2.81211E-06
   534    2.81211E-06
   535    2.81211E-06
   536    2.81211E-06
   537    2.81211E-06
   538    2.81211E-06
   539    2.81211E-06
   540    2.81211E-06
   541    2.81211E-06
   542    2.81211E-06
   543    2.81211E-06
   544    2.81211E-06
   545    2.81211E-06
   546    2.81211E-06
   547    2.81211E-06
   548    2.81211E-06
   549    2.81211E-06
   550    2.81211E-06
   551    2.81211E-06
   552    2.81211E-06
   553    2.81211E-06
   554    2.81211E-06
   555    2.81211E-06
   556    2.81211E-06
   557    2.81211E-06
   558    2.81211E-06
   559    2.81211E-06
   560    2.81211E-06
   561    2.81211E-06
   562    2.81211E-06
   563    2.81211E-06
   564    2.81211E-06
   565    2.81211E-06
   566    2.81211E-06
   567    2.81211E-06
   568    2.81211E-06
   569    2.81211E-06
   570    2.81211E-06
   571    2.81211E-06
   572    2.81211E-06
   573    2.81211E-06
   574    2.81211E-06
   575    2.81211E-06
   576    2.81211E-06
   577    2.81211E-06
   578    2.81211E-06
   579    2.81211E-06
   580    2.81211E-06
   581    2.65749E-06
   582    2.63641E-06
   583    2.63641E-06
   584    2.63641E-06
   585    2.63641E-06
   586    2.63641E-06
   587    2.63641E-06
   588    2.63641E-06
   589    2.63641E-06
   590    2.63641E-06
   591    2.63641E-06
   592    2.63641E-06
   593    2.63641E-06
   594    2.63641E-06
   595    2.63641E-06
   596    2.63641E-06
   597    2.63641E-06
   598    2.63641E-06
   599    2.63641E-06
   600    2.63641E-06
   601    2.63641E-06
   602    2.63641E-06
   603    2.63641E-06
   604    2.63641E-06
   605    2.63641E-06
   606    2.63641E-06
   607    2.63641E-06
   608    2.63641E-06
   609    2.63641E-06
   610    2.63641E-06
   611    2.63641E-06
   612    2.63641E-06
   613    2.63641E-06
   614    2.63641E-06
   615    2.63641E-06
   616    2.63641E-06
   617    2.63641E-06
   618    2.63641E-06
   619    2.63641E-06
   620    2.63641E-06
   621    2.63641E-06
   622    2.63641E-06
   623    2.63641E-06
   624    2.63641E-06
   625    2.63641E-06
   626    2.63641E-06
   627    2.63641E-06
   628    2.63641E-06
   629    2.63641E-06
   630    2.63641E-06
   631    2.63641E-06
   632    2.63641E-06
   633    2.63641E-06
   634    2.63641E-06
   635    2.63641E-06
   636    2.63641E-06
   637    2.63641E-06
   638    2.63641E-06
   639    2.63641E-06
   640    2.63641E-06
   641    2.63641E-06
   642    2.63641E-06
   643    2.63641E-06
   644    2.63641E-06
   645    2.63641E-06
   646    2.63641E-06
   647    2.63641E-06
   648    2.63641E-06
   649    2.63641E-06
   650    2.63641E-06
   651    2.63641E-06
   652    2.63641E-06
   653    2.63641E-06
   654    2.63641E-06
   655    2.63641E-06
   656    2.63641E-06
   657    2.63641E-06
   658    2.63641E-06
   659    2.63641E-06
   660    2.63641E-06
   661    2.63641E-06
   662    2.63641E-06
   663    2.63641E-06
   664    2.63641E-06
   665    2.63641E-06
   666    2.63641E-06
   667    2.63641E-06
   668    2.63641E-06
   669    2.63641E-06
   670    2.63641E-06
   671    2.63641E-06
   672    2.63641E-06
   673    2.63641E-06
   674    2.63641E-06
   675    2.63641E-06
   676    2.63641E-06
   677    2.63641E-06
   678    2.63641E-06
   679    2.63641E-06
   680    2.63641E-06
   681    2.79103E-06
   682    2.81211E-06
   683    2.81211E-06
   684    2.81211E-06
   685    2.81211E-06
   686    2.81211E-06
   687    2.81211E-06
   688    2.81211E-06
   689    2.81211E-06
   690    2.81211E-06
   691    2.97486E-06
   692    2.99705E-06
   693    2.99705E-06
   694    2.99705E-06
   695    2.99705E-06
   696    2.99705E-06
   697    2.99705E-06
   698    2.99705E-06
   699    2.99705E-06
   700    2.99705E-06
   701    2.99705E-06
   702    2.99705E-06
   703    2.99705E-06
   704    2.99705E-06
   705    2.99705E-06
   706    2.99705E-06
   707    2.99705E-06
   708    2.99705E-06
   709    2.99705E-06
   710    2.99705E-06
   711    2.99705E-06
   712    2.99705E-06
   713    2.99705E-06
   714    2.99705E-06
   715    2.99705E-06
   716    2.99705E-06
   717    2.99705E-06
   718    2.99705E-06
   719    2.99705E-06
   720    2.99705E-06
   721    2.99705E-06
   722    2.99705E-06
   723    2.99705E-06
   724    2.99705E-06
   725    2.99705E-06
   726    2.99705E-06
   727    2.99705E-06
   728    2.99705E-06
   729    2.99705E-06
   730    2.99705E-06
   731    2.99705E-06
   732    2.99705E-06
   733    2.99705E-06
   734    2.99705E-06
   735    2.99705E-06
   736    2.99705E-06
   737    2.99705E-06
   738    2.99705E-06
   739    2.99705E-06
   740    2.99705E-06
   741    2.83430E-06
   742    2.81211E-06
   743    2.81211E-06
   744    2.81211E-06
   745    2.81211E-06
   746    2.81211E-06
   747    2.81211E-06
   748    2.81211E-06
   749    2.81211E-06
   750    2.81211E-06
   751    2.81211E-06
   752    2.81211E-06
   753    2.81211E-06
   754    2.81211E-06
   755    2.81211E-06
   756    2.81211E-06
   757    2.81211E-06
   758    2.81211E-06
   759    2.81211E-06
   760    2.81211E-06
   761    2.65749E-06
   762    2.63641E-06
   763    2.63641E-06
   764    2.63641E-06
   765    2.63641E-06
   766    2.63641E-06
   767    2.63641E-06
   768    2.63641E-06
   769    2.63641E-06
   770    2.63641E-06
   771    2.63641E-06
   772    2.63641E-06
   773    2.63641E-06
   774    2.63641E-06
   775    2.63641E-06
   776    2.63641E-06
   777    2.63641E-06
   778    2.63641E-06
   779    2.63641E-06
   780    2.63641E-06
   781    2.48962E-06
   782    2.46960E-06
   783    2.46960E-06
   784    2.46960E-06
   785    2.46960E-06
   786    2.46960E-06
   787    2.46960E-06
   788    2.46960E-06
   789    2.46960E-06
   790    2.46960E-06
   791    2.33034E-06
   792    2.31135E-06
   793    2.31135E-06
   794    2.31135E-06
   795    2.31135E-06
   796    2.31135E-06
   797    2.31135E-06
   798    2.31135E-06
   799    2.31135E-06
   800    2.31135E-06
   801    2.17931E-06
   802    2.16131E-06
   803    2.16131E-06
   804    2.16131E-06
   805    2.16131E-06
   806    2.16131E-06
   807    2.16131E-06
   808    2.16131E-06
   809    2.16131E-06
   810    2.16131E-06
   811    2.16131E-06
   812    2.16131E-06
   813    2.16131E-06
   814    2.16131E-06
   815    2.16131E-06
   816    2.16131E-06
   817    2.16131E-06
   818    2.16131E-06
   819    2.16131E-06
   820    2.16131E-06
   821    2.03623E-06
   822    2.01917E-06
   823    2.01917E-06
   824    2.01917E-06
   825    2.01917E-06
   826    2.01917E-06
   827    2.01917E-06
   828    2.01917E-06
   829    2.01917E-06
   830    2.01917E-06
   831    1.90076E-06
   832    1.88461E-06
   833    1.88461E-06
   834    1.88461E-06
   835    1.88461E-06
   836    1.88461E-06
   837    1.88461E-06
   838    1.88461E-06
   839    1.88461E-06
   840    1.88461E-06
   841    1.88461E-06
   842    1.88461E-06
   843    1.88461E-06
   844    1.88461E-06
   845    1.88461E-06
   846    1.88461E-06
   847    1.88461E-06
   848    1.88461E-06
   849    1.88461E-06
   850    1.88461E-06
   851    1.77259E-06
   852    1.75732E-06
   853    1.75732E-06
   854    1.75732E-06
   855    1.75732E-06
   856    1.75732E-06
   857    1.75732E-06
   858    1.75732E-06
   859    1.75732E-06
   860    1.75732E-06
   861    1.65144E-06
   862    1.63700E-06
   863    1.63700E-06
   864    1.63700E-06
   865    1.63700E-06
   866    1.63700E-06
   867    1.63700E-06
   868    1.63700E-06
   869    1.63700E-06
   870    1.63700E-06
   871    1.53701E-06
   872    1.52337E-06
   873    1.52337E-06
   874    1.52337E-06
   875    1.52337E-06
   876    1.52337E-06
   877    1.52337E-06
   878    1.52337E-06
   879    1.52337E-06
   880    1.52337E-06
   881    1.52337E-06
   882    1.52337E-06
   883    1.52337E-06
   884    1.52337E-06
   885    1.52337E-06
   886    1.52337E-06
   887    1.52337E-06
   888    1.52337E-06
   889    1.52337E-06
   890    1.52337E-06
   891    1.42900E-06
   892    1.41613E-06
   893    1.41613E-06
   894    1.41613E-06
   895    1.41613E-06
   896    1.41613E-06
   897    1.41613E-06
   898    1.41613E-06
   899    1.41613E-06
   900    1.41613E-06
   901    1.41613E-06
   902    1.41613E-06
   903    1.41613E-06
   904    1.41613E-06
   905    1.41613E-06
   906    1.41613E-06
   907    1.41613E-06
   908    1.41613E-06
   909    1.41613E-06
   910    1.41613E-06
   911    1.32715E-06
   912    1.31502E-06
   913    1.31502E-06
   914    1.31502E-06
   915    1.31502E-06
   916    1.31502E-06
   917    1.31502E-06
   918    1.31502E-06
   919    1.31502E-06
   920    1.31502E-06
   921    1.23120E-06
   922    1.21977E-06
   923    1.21977E-06
   924    1.21977E-06
   925    1.21977E-06
   926    1.21977E-06
   927    1.21977E-06
   928    1.21977E-06
   929    1.21977E-06
   930    1.21977E-06
   931    1.21977E-06
   932    1.21977E-06
   933    1.21977E-06
   934    1.21977E-06
   935    1.21977E-06
   936    1.21977E-06
   937    1.21977E-06
   938    1.21977E-06
   939    1.21977E-06
   940    1.21977E-06
   941    1.21977E-06
   942    1.21977E-06
   943    1.21977E-06
   944    1.21977E-06
   945    1.21977E-06
   946    1.21977E-06
   947    1.21977E-06
   948    1.21977E-06
   949    1.21977E-06
   950    1.21977E-06
   951    1.14088E-06
   952    1.13012E-06
   953    1.13012E-06
   954    1.13012E-06
   955    1.13012E-06
   956    1.13012E-06
   957    1.13012E-06
   958    1.13012E-06
   959    1.13012E-06
   960    1.13012E-06
   961    1.13012E-06
   962    1.13012E-06
   963    1.13012E-06
   964    1.13012E-06
   965    1.13012E-06
   966    1.13012E-06
   967    1.13012E-06
   968    1.13012E-06
   969    1.13012E-06
   970    1.13012E-06
   971    1.05594E-06
   972    1.04582E-06
   973    1.04582E-06
   974    1.04582E-06
   975    1.04582E-06
   976    1.04582E-06
   977    1.04582E-06
   978    1.04582E-06
   979    1.04582E-06
   980    1.04582E-06
   981    1.04582E-06
   982    1.04582E-06
   983    1.04582E-06
   984    1.04582E-06
   985    1.04582E-06
   986    1.04582E-06
   987    1.04582E-06
   988    1.04582E-06
   989    1.04582E-06
   990    1.04582E-06
   991    1.04582E-06
   992    1.04582E-06
   993    1.04582E-06
   994    1.04582E-06
   995    1.04582E-06
   996    1.04582E-06
   997    1.04582E-06
   998    1.04582E-06
   999    1.04582E-06
  1000    1.04582E-06
  1001    9.76135E-07
  1002    9.66633E-07
  1003    9.66633E-07
  1004    9.66633E-07
  1005    9.66633E-07
  1006    9.66633E-07
  1007    9.66633E-07
  1008    9.66633E-07
  1009    9.66633E-07
  1010    9.66633E-07
  1011    9.66633E-07
  1012    9.66633E-07
  1013    9.66633E-07
  1014    9.66633E-07
  1015    9.66633E-07
  1016    9.66633E-07
  1017    9.66633E-07
  1018    9.66633E-07
  1019    9.66633E-07
  1020    9.66633E-07
  1021    9.66633E-07
  1022    9.66633E-07
  1023    9.66633E-07
  1024    9.66633E-07
  1025    9.66633E-07
  1026    9.66633E-07
  1027    9.66633E-07
  1028    9.66633E-07
  1029    9.66633E-07
  1030    9.66633E-07
  1031    9.66633E-07
  1032    9.66633E-07
  1033    9.66633E-07
  1034    9.66633E-07
  1035    9.66633E-07
  1036    9.66633E-07
  1037    9.66633E-07
  1038    9.66633E-07
  1039    9.66633E-07
  1040    9.66633E-07
  1041    9.01231E-07
  1042    8.92313E-07
  1043    8.92313E-07
  1044    8.92313E-07
  1045    8.92313E-07
  1046    8.92313E-07
  1047    8.92313E-07
  1048    8.92313E-07
  1049    8.92313E-07
  1050    8.92313E-07
  1051    8.92313E-07
  1052    8.92313E-07
  1053    8.92313E-07
  1054    8.92313E-07
  1055    8.92313E-07
  1056    8.92313E-07
  1057    8.92313E-07
  1058    8.92313E-07
  1059    8.92313E-07
  1060    8.92313E-07
  1061    8.92313E-07
  1062    8.92313E-07
  1063    8.92313E-07
  1064    8.92313E-07
  1065    8.92313E-07
  1066    8.92313E-07
  1067    8.92313E-07
  1068    8.92313E-07
  1069    8.92313E-07
  1070    8.92313E-07
  1071    8.92313E-07
  1072    8.92313E-07
  1073    8.92313E-07
  1074    8.92313E-07
  1075    8.92313E-07
  1076    8.92313E-07
  1077    8.92313E-07
  1078    8.92313E-07
  1079    8.92313E-07
  1080    8.92313E-07
  1081    8.92313E-07
  1082    8.92313E-07
  1083    8.92313E-07
  1084    8.92313E-07
  1085    8.92313E-07
  1086    8.92313E-07
  1087    8.92313E-07
  1088    8.92313E-07
  1089    8.92313E-07
  1090    8.92313E-07
  1091    8.92313E-07
  1092    8.92313E-07
  1093    8.92313E-07
  1094    8.92313E-07
  1095    8.92313E-07
  1096    8.92313E-07
  1097    8.92313E-07
  1098    8.92313E-07
  1099    8.92313E-07
  1100    8.92313E-07
  1101    8.92313E-07
  1102    6.56903E-07
  1103    1.53175E-07
  1104    1.67873E-07
  1105    9.96382E-08
  1106    6.38694E-07
  1107    9.49078E-07
  1108    4.31349E-07
  1109    9.06205E-07
  1110    1.53101E-06
  1111    2.23372E-06
  1112    1.72370E-06
  1113    2.49313E-06
  1114    3.20386E-06
  1115    3.62557E-06
  1116    4.52179E-06
  1117    4.46822E-06
  1118    5.03987E-06
  1119    6.05633E-06
  1120    5.75943E-06
  1121    6.12687E-06
  1122    6.77961E-06
  1123    7.03102E-06
  1124    6.79922E-06
  1125    7.95569E-06
  1126    7.52251E-06
  1127    6.93126E-06
  1128    7.28615E-06
  1129    6.91871E-06
  1130    6.43627E-06
  1131    6.80371E-06
  1132    6.01106E-06
  1133    5.21473E-06
  1134    4.95166E-06
  1135    4.41841E-06
  1136    4.51916E-06
  1137    2.92668E-06
  1138    2.79109E-06
  1139    1.95200E-06
  1140    2.00631E-06
  1141    1.68892E-06
  1142    1.13245E-06
  1143    8.07882E-07
  1144    9.43411E-07
  1145    4.56597E-07
  1146    1.31159E-07
  1147    9.62663E-08
  1148    9.62663E-08
  1149    6.07176E-07
  1150    6.76842E-07
  1151    1.65933E-07
  1152    9.62663E-08
  1153    1.03250E-06
  1154    3.09517E-07
  1155    1.07937E-07
  1156    1.81854E-07
  1157    1.07937E-07
  1158    1.03250E-06
  1159    2.23928E-07
  1160    2.66569E-07
  1161    1.19488E-07
  1162    6.91890E-07
  1163    6.02805E-07
  1164    1.54262E-07
  1165    6.07176E-07
  1166    2.51521E-07
  1167    1.07937E-07
  1168    1.81854E-07
  1169    4.48543E-07
  1170    3.98602E-07
  1171    3.01462E-07
  1172    5.44809E-07
  1173    4.10153E-07
  1174    4.71765E-07
  1175    7.38335E-07
  1176    4.33375E-07
  1177    3.87050E-07
  1178    8.12371E-07
  1179    5.29761E-07
  1180    4.83317E-07
  1181    2.42251E-07
  1182    4.85290E-07
  1183    3.38657E-07
  1184    7.73698E-07
  1185    7.44790E-07
  1186    9.16547E-07
  1187    3.88907E-07
  1188    4.06132E-07
  1189    4.18759E-07
  1190    3.26160E-07
  1191    5.90388E-07
  1192    1.67029E-07
  1193    5.65263E-07
  1194    1.67029E-07
  1195    2.88408E-07
  1196    1.29278E-07
  1197    4.72663E-07
  1198    3.38657E-07
  1199    1.29278E-07
  1200    3.80064E-07
  1201    1.41775E-07
  1202    1.04153E-07
  1203    7.48574E-07
  1204    3.76280E-07
  1205    1.29278E-07
  1206    9.31883E-07
  1207    5.85530E-07
  1208    1.54402E-07
  1209    3.80064E-07
  1210    4.17686E-07
  1211    1.41775E-07
  1212    6.55973E-07
  1213    7.31218E-07
  1214    1.79398E-07
  1215    2.88408E-07
  1216    1.29278E-07
  1217    3.80064E-07
  1218    2.34376E-07
  1219    3.01035E-07
  1220    4.06132E-07
  1221    4.18759E-07
  1222    1.41904E-07
  1223    3.81008E-07
  1224    4.18759E-07
  1225    2.34504E-07
  1226    6.69545E-07
  1227    7.32292E-07
  1228    2.72127E-07
  1229    3.01035E-07
  1230    6.82043E-07
  1231    6.40637E-07
  1232    1.67029E-07
  1233    1.05098E-07
  1234    1.05227E-07
  1235    3.81137E-07
  1236    3.27104E-07
  1237    4.98861E-07
  1238    4.31386E-07
  1239    6.95615E-07
  1240    4.56510E-07
  1241    6.94670E-07
  1242    4.56381E-07
  1243    3.27104E-07
  1244    2.22007E-07
  1245    1.16780E-07
  1246    1.04153E-07
  1247    1.04153E-07
  1248    2.88408E-07
  1249    4.97788E-07
  1250    3.38657E-07
  1251    1.44522E-07
  1252    2.29478E-07
  1253    1.36203E-07
  1254    7.66181E-07
  1255    3.17388E-07
  1256    5.66006E-07
  1257    1.80083E-07
  1258    2.29478E-07
  1259    1.36203E-07
  1260    4.44380E-07
  1261    4.88410E-07
  1262    1.65506E-07
  1263    3.36378E-07
  1264    1.50779E-07
  1265    4.44380E-07
  1266    1.65506E-07
  1267    1.21476E-07
  1268    3.36378E-07
  1269    5.80583E-07
  1270    1.80083E-07
  1271    2.29478E-07
  1272    1.36203E-07
  1273    2.29478E-07
  1274    2.44205E-07
  1275    4.59107E-07
  1276    1.65506E-07
  1277    1.21476E-07
  1278    6.59281E-07
  1279    1.94810E-07
  1280    4.44380E-07
  1281    1.65506E-07
  1282    4.44380E-07
  1283    4.88410E-07
  1284    1.65506E-07
  1285    1.21476E-07
  1286    1.21476E-07
  1287    1.21476E-07
  1288    6.59281E-07
  1289    5.17713E-07
  1290    1.65506E-07
  1291    1.21476E-07
  1292    4.44380E-07
  1293    4.88410E-07
  1294    5.95309E-07
  1295    5.02987E-07
  1296    2.73508E-07
  1297    2.44205E-07
  1298    3.51104E-07
  1299    2.58782E-07
  1300    8.87807E-07
  1301    7.40165E-07
  1302    4.58570E-07
  1303    4.24549E-07
  1304    9.23542E-07
  1305    1.23980E-06
  1306    1.02543E-06
  1307    9.91583E-07
  1308    8.66195E-07
  1309    1.34809E-06
  1310    1.29075E-06
  1311    7.75933E-07
  1312    7.08066E-07
  1313    8.32174E-07
  1314    3.51384E-07
  1315    7.81230E-07
  1316    1.09859E-06
  1317    8.83117E-07
  1318    1.22271E-06
  1319    1.52314E-06
  1320    1.80538E-06
  1321    2.21283E-06
  1322    1.01885E-06
  1323    1.59630E-06
  1324    1.69819E-06
  1325    1.69819E-06
  1326    1.32459E-06
  1327    1.89675E-06
  1328    2.35532E-06
  1329    2.40626E-06
  1330    2.53037E-06
  1331    1.92419E-06
  1332    1.34152E-06
  1333    2.51985E-06
  1334    3.06339E-06
  1335    2.24173E-06
  1336    2.37224E-06
  1337    3.02936E-06
  1338    2.61533E-06
  1339    3.29450E-06
  1340    2.89868E-06
  1341    2.83081E-06
  1342    3.32852E-06
  1343    2.89868E-06
  1344    2.95492E-06
  1345    3.96854E-06
  1346    3.85496E-06
  1347    3.57144E-06
  1348    3.66153E-06
  1349    3.30484E-06
  1350    3.37929E-06
  1351    4.00601E-06
  1352    4.08914E-06
  1353    4.08914E-06
  1354    5.24130E-06
  1355    5.39841E-06
  1356    4.53466E-06
  1357    6.14586E-06
  1358    5.51787E-06
  1359    4.96970E-06
  1360    5.48635E-06
  1361    5.42133E-06
  1362    5.40325E-06
  1363    5.83532E-06
  1364    7.33479E-06
  1365    7.53122E-06
  1366    8.68338E-06
  1367    7.68833E-06
  1368    8.82684E-06
  1369    1.05875E-05
  1370    9.50644E-06
  1371    9.75996E-06
  1372    1.09693E-05
  1373    1.09828E-05
  1374    9.81104E-06
  1375    1.31075E-05
  1376    1.27146E-05
  1377    1.36041E-05
  1378    1.57558E-05
  1379    1.61739E-05
  1380    1.74906E-05
  1381    1.85298E-05
  1382    1.92242E-05
  1383    2.07434E-05
  1384    2.28123E-05
  1385    2.39328E-05
  1386    2.57798E-05
  1387    2.77460E-05
  1388    3.17254E-05
  1389    3.29591E-05
  1390    3.57954E-05
  1391    3.81846E-05
  1392    4.16305E-05
  1393    4.53788E-05
  1394    4.87106E-05
  1395    5.25643E-05
  1396    5.80752E-05
  1397    6.20753E-05
  1398    6.67113E-05
  1399    7.20413E-05
  1400    7.73004E-05
  1401    9.99846E-05
  1402    1.11001E-04
  1403    1.17076E-04
  1404    1.24528E-04
  1405    1.37186E-04
  1406    1.44835E-04
  1407    1.54196E-04
  1408    1.64617E-04
  1409    1.76013E-04
  1410    1.86633E-04
  1411    1.96798E-04
  1412    2.10637E-04
  1413    2.24088E-04
  1414    2.37970E-04
  1415    2.52270E-04
  1416    2.65535E-04
  1417    2.82216E-04
  1418    2.97780E-04
  1419    3.15095E-04
  1420    3.33556E-04
  1421    3.52124E-04
  1422    3.70720E-04
  1423    3.92118E-04
  1424    4.15540E-04
  1425    4.39681E-04
  1426    4.63896E-04
  1427    4.91353E-04
  1428    5.20607E-04
  1429    5.53802E-04
  1430    5.86628E-04
  1431    6.22676E-04
  1432    6.63655E-04
  1433    7.06138E-04
  1434    7.52977E-04
  1435    8.05262E-04
  1436    8.60449E-04
  1437    9.23029E-04
  1438    9.93879E-04
  1439    1.06966E-03
  1440    1.15232E-03
  1441    1.24647E-03
  1442    1.34928E-03
  1443    1.46631E-03
  1444    1.59639E-03
  1445    1.74326E-03
  1446    1.91048E-03
  1447    2.10044E-03
  1448    2.31426E-03
  1449    2.56041E-03
  1450    2.83563E-03
  1451    3.55550E-03
  1452    4.01811E-03
  1453    4.50062E-03
  1454    5.03902E-03
  1455    5.66929E-03
  1456    6.39856E-03
  1457    7.25393E-03
  1458    8.23536E-03
  1459    9.38570E-03
  1460    1.07215E-02
  1461    1.22950E-02
  1462    1.40881E-02
  1463    1.61811E-02
  1464    1.86302E-02
  1465    2.14701E-02
  1466    2.46963E-02
  1467    2.83946E-02
  1468    3.25949E-02
  1469    3.73335E-02
  1470    4.25919E-02
  1471    4.83951E-02
  1472    5.47973E-02
  1473    6.17598E-02
  1474    6.91239E-02
  1475    7.70024E-02
  1476    8.53395E-02
  1477    9.40757E-02
  1478    1.03070E-01
  1479    1.12248E-01
  1480    1.21562E-01
  1481    1.30927E-01
  1482    1.40092E-01
  1483    1.49032E-01
  1484    1.57771E-01
  1485    1.66074E-01
  1486    1.73812E-01
  1487    1.80977E-01
  1488    1.87575E-01
  1489    1.96496E-01
  1490    2.02033E-01
  1491    2.03692E-01
  1492    2.07240E-01
  1493    2.10533E-01
  1494    2.13214E-01
  1495    2.15399E-01
  1496    2.17124E-01
  1497    2.18432E-01
  1498    2.19386E-01
  1499    2.20082E-01
  1500    2.20591E-01
  1501    2.48315E-01
  1502    2.52350E-01
  1503    2.52604E-01
  1504    2.52870E-01
  1505    2.53169E-01
  1506    2.53490E-01
  1507    2.53854E-01
  1508    2.54286E-01
  1509    2.54754E-01
  1510    2.55237E-01
  1511    2.55744E-01
  1512    2.56266E-01
  1513    2.56791E-01
  1514    2.57286E-01
  1515    2.57757E-01
  1516    2.58169E-01
  1517    2.58525E-01
  1518    2.58835E-01
  1519    2.59063E-01
  1520    2.59235E-01
  1521    2.59348E-01
  1522    2.59402E-01
  1523    2.59415E-01
  1524    2.59379E-01
  1525    2.59310E-01
  1526    2.59233E-01
  1527    2.59140E-01
  1528    2.59043E-01
  1529    2.58949E-01
  1530    2.58883E-01
  1531    2.58848E-01
  1532    2.58869E-01
  1533    2.58930E-01
  1534    2.59030E-01
  1535    2.59178E-01
  1536    2.59363E-01
  1537    2.59600E-01
  1538    2.59881E-01
  1539    2.60175E-01
  1540    2.60493E-01
  1541    2.60811E-01
  1542    2.61139E-01
  1543    2.61435E-01
  1544    2.61734E-01
  1545    2.61966E-01
  1546    2.62161E-01
  1547    2.62282E-01
  1548    2.62303E-01
  1549    2.62248E-01
  1550    2.62119E-01
  1551    2.77299E-01
  1552    2.79052E-01
  1553    2.78641E-01
  1554    2.78151E-01
  1555    2.77567E-01
  1556    2.76883E-01
  1557    2.76193E-01
  1558    2.75398E-01
  1559    2.74608E-01
  1560    2.73757E-01
  1561    2.72919E-01
  1562    2.72094E-01
  1563    2.71307E-01
  1564    2.70549E-01
  1565    2.69817E-01
  1566    2.69132E-01
  1567    2.68542E-01
  1568    2.68016E-01
  1569    2.67595E-01
  1570    2.67236E-01
  1571    2.66960E-01
  1572    2.66779E-01
  1573    2.66705E-01
  1574    2.66694E-01
  1575    2.66797E-01
  1576    2.66979E-01
  1577    2.67208E-01
  1578    2.67516E-01
  1579    2.67875E-01
  1580    2.68296E-01
  1581    2.68772E-01
  1582    2.69261E-01
  1583    2.69777E-01
  1584    2.70290E-01
  1585    2.70871E-01
  1586    2.71428E-01
  1587    2.72002E-01
  1588    2.72557E-01
  1589    2.73056E-01
  1590    2.73590E-01
  1591    2.74069E-01
  1592    2.74565E-01
  1593    2.74997E-01
  1594    2.75394E-01
  1595    2.75741E-01
  1596    2.76096E-01
  1597    2.76364E-01
  1598    2.76610E-01
  1599    2.76809E-01
  1600    2.76953E-01
  1601    2.77056E-01
  1602    2.77085E-01
  1603    2.77105E-01
  1604    2.77082E-01
  1605    2.76973E-01
  1606    2.76857E-01
  1607    2.76660E-01
  1608    2.76441E-01
  1609    2.76173E-01
  1610    2.75865E-01
  1611    2.75511E-01
  1612    2.75125E-01
  1613    2.74740E-01
  1614    2.74285E-01
  1615    2.73888E-01
  1616    2.73385E-01
  1617    2.72906E-01
  1618    2.72391E-01
  1619    2.71914E-01
  1620    2.71382E-01
  1621    2.70884E-01
  1622    2.70428E-01
  1623    2.69954E-01
  1624    2.69522E-01
  1625    2.69101E-01
  1626    2.68712E-01
  1627    2.68360E-01
  1628    2.68054E-01
  1629    2.67775E-01
  1630    2.67546E-01
  1631    2.67363E-01
  1632    2.67221E-01
  1633    2.67143E-01
  1634    2.67105E-01
  1635    2.67092E-01
  1636    2.67153E-01
  1637    2.67256E-01
  1638    2.67399E-01
  1639    2.67575E-01
  1640    2.67788E-01
  1641    2.68052E-01
  1642    2.68329E-01
  1643    2.68661E-01
  1644    2.69002E-01
  1645    2.69368E-01
  1646    2.69760E-01
  1647    2.70150E-01
  1648    2.70571E-01
  1649    2.70959E-01
  1650    2.71366E-01
  1651    2.71749E-01
  1652    2.72113E-01
  1653    2.72475E-01
  1654    2.72829E-01
  1655    2.73162E-01
  1656    2.73480E-01
  1657    2.73757E-01
  1658    2.73989E-01
  1659    2.74210E-01
  1660    2.74382E-01
  1661    2.74501E-01
  1662    2.74589E-01
  1663    2.74674E-01
  1664    2.74697E-01
  1665    2.74698E-01
  1666    2.74649E-01
  1667    2.74562E-01
  1668    2.74431E-01
  1669    2.74295E-01
  1670    2.74134E-01
  1671    2.73947E-01
  1672    2.73728E-01
  1673    2.73484E-01
  1674    2.73223E-01
  1675    2.72916E-01
  1676    2.72625E-01
  1677    2.72354E-01
  1678    2.72070E-01
  1679    2.71768E-01
  1680    2.71463E-01
  1681    2.71197E-01
  1682    2.70942E-01
  1683    2.70679E-01
  1684    2.70430E-01
  1685    2.70197E-01
  1686    2.69960E-01
  1687    2.69763E-01
  1688    2.69575E-01
  1689    2.69403E-01
  1690    2.69269E-01
  1691    2.69147E-01
  1692    2.69034E-01
  1693    2.68919E-01
  1694    2.68810E-01
  1695    2.68745E-01
  1696    2.68687E-01
  1697    2.68612E-01
  1698    2.68531E-01
  1699    2.68435E-01
  1700    2.68350E-01
  1701    2.68263E-01
  1702    2.68151E-01
  1703    2.68015E-01
  1704    2.67867E-01
  1705    2.67714E-01
  1706    2.67537E-01
  1707    2.67327E-01
  1708    2.67085E-01
  1709    2.66830E-01
  1710    2.66532E-01
  1711    2.66204E-01
  1712    2.65869E-01
  1713    2.65503E-01
  1714    2.65135E-01
  1715    2.64740E-01
  1716    2.64309E-01
  1717    2.63880E-01
  1718    2.63442E-01
  1719    2.63015E-01
  1720    2.62623E-01
  1721    2.62224E-01
  1722    2.61838E-01
  1723    2.61501E-01
  1724    2.61223E-01
  1725    2.60960E-01
  1726    2.60699E-01
  1727    2.60514E-01
  1728    2.60399E-01
  1729    2.60341E-01
  1730    2.60344E-01
  1731    2.60408E-01
  1732    2.60552E-01
  1733    2.60761E-01
  1734    2.61035E-01
  1735    2.61381E-01
  1736    2.61772E-01
  1737    2.62210E-01
  1738    2.62727E-01
  1739    2.63290E-01
  1740    2.63869E-01
  1741    2.64478E-01
  1742    2.65099E-01
  1743    2.65769E-01
  1744    2.66405E-01
  1745    2.67046E-01
  1746    2.67625E-01
  1747    2.68167E-01
  1748    2.68669E-01
  1749    2.69114E-01
  1750    2.69419E-01
  1751    2.69558E-01
  1752    2.69567E-01
  1753    2.69390E-01
  1754    2.68967E-01
  1755    2.68218E-01
  1756    2.67184E-01
  1757    2.65764E-01
  1758    2.63971E-01
  1759    2.61633E-01
  1760    2.58812E-01
  1761    2.55426E-01
  1762    2.51443E-01
  1763    2.46705E-01
  1764    2.41386E-01
  1765    2.35258E-01
  1766    2.28518E-01
  1767    2.20960E-01
  1768    2.12928E-01
  1769    2.04233E-01
  1770    1.95066E-01
  1771    1.85187E-01
  1772    1.75318E-01
  1773    1.64964E-01
  1774    1.54540E-01
  1775    1.43824E-01
  1776    1.33459E-01
  1777    1.23034E-01
  1778    1.13213E-01
  1779    1.03373E-01
  1780    9.42905E-02
  1781    8.55345E-02
  1782    7.72556E-02
  1783    6.93116E-02
  1784    6.22551E-02
  1785    5.56566E-02
  1786    4.96201E-02
  1787    4.40815E-02
  1788    3.92629E-02
  1789    3.48515E-02
  1790    3.09227E-02
  1791    2.73164E-02
  1792    2.42291E-02
  1793    2.14628E-02
  1794    1.90701E-02
  1795    1.69393E-02
  1796    1.50874E-02
  1797    1.34729E-02
  1798    1.20879E-02
  1799    1.08604E-02
  1800    9.81830E-03
  1801    8.89289E-03
  1802    6.13660E-03
  1803    5.43919E-03
  1804    5.11049E-03
  1805    4.80910E-03
  1806    4.53767E-03
  1807    4.30294E-03
  1808    4.09738E-03
  1809    3.91981E-03
  1810    3.75826E-03
  1811    3.62342E-03
  1812    3.50226E-03
  1813    3.39786E-03
  1814    3.30847E-03
  1815    3.25343E-03
  1816    3.19393E-03
  1817    3.13197E-03
  1818    3.10121E-03
  1819    3.05495E-03
  1820    3.03449E-03
  1821    3.04218E-03
  1822    3.01764E-03
  1823    3.01491E-03
  1824    2.99654E-03
  1825    3.00134E-03
  1826    3.00111E-03
  1827    2.97201E-03
  1828    2.95263E-03
  1829    2.91925E-03
  1830    2.88171E-03
  1831    2.81377E-03
  1832    2.71012E-03
  1833    2.61806E-03
  1834    2.50244E-03
  1835    2.35094E-03
  1836    2.21549E-03
  1837    2.09242E-03
  1838    1.93227E-03
  1839    1.75089E-03
  1840    1.62044E-03
  1841    1.48446E-03
  1842    1.38070E-03
  1843    1.20807E-03
  1844    1.12114E-03
  1845    9.94546E-04
  1846    9.01483E-04
  1847    8.02412E-04
  1848    7.29455E-04
  1849    6.74436E-04
  1850    6.01733E-04
  1851    5.48596E-04
  1852    5.04699E-04
  1853    4.60528E-04
  1854    4.19263E-04
  1855    3.99976E-04
  1856    3.61931E-04
  1857    3.30963E-04
  1858    3.20185E-04
  1859    2.96644E-04
  1860    2.72986E-04
  1861    2.57750E-04
  1862    2.35018E-04
  1863    2.14341E-04
  1864    2.11403E-04
  1865    2.04798E-04
  1866    1.97077E-04
  1867    1.97406E-04
  1868    1.80281E-04
  1869    1.85534E-04
  1870    1.66350E-04
  1871    1.61868E-04
  1872    1.77485E-04
  1873    1.40541E-04
  1874    1.42809E-04
  1875    1.51175E-04
  1876    1.50436E-04
  1877    1.68241E-04
  1878    1.48452E-04
  1879    1.38589E-04
  1880    1.66744E-04
  1881    1.55349E-04
  1882    1.53506E-04
  1883    1.53532E-04
  1884    1.61077E-04
  1885    1.72117E-04
  1886    1.93482E-04
  1887    1.88940E-04
  1888    1.82123E-04
  1889    1.98454E-04
  1890    2.24997E-04
  1891    2.24380E-04
  1892    2.51400E-04
  1893    2.66133E-04
  1894    2.98571E-04
  1895    3.15493E-04
  1896    3.27208E-04
  1897    3.74622E-04
  1898    3.96035E-04
  1899    4.28045E-04
  1900    4.38438E-04
  1901    4.74338E-04
  1902    4.86530E-04
  1903    4.89326E-04
  1904    4.66970E-04
  1905    4.38488E-04
  1906    4.14221E-04
  1907    3.96491E-04
  1908    3.42906E-04
  1909    2.89050E-04
  1910    2.43639E-04
  1911    2.20384E-04
  1912    1.99956E-04
  1913    1.83169E-04
  1914    1.55646E-04
  1915    1.33869E-04
  1916    1.10287E-04
  1917    9.46976E-05
  1918    8.75159E-05
  1919    8.18258E-05
  1920    6.81130E-05
  1921    5.69499E-05
  1922    5.85296E-05
  1923    4.71946E-05
  1924    3.64786E-05
  1925    3.73204E-05
  1926    4.56822E-05
  1927    4.33879E-05
  1928    2.91177E-05
  1929    2.72323E-05
  1930    1.86346E-05
  1931    2.13697E-05
  1932    3.12743E-05
  1933    3.93217E-05
  1934    2.69630E-05
  1935    2.07246E-05
  1936    3.23603E-05
  1937    3.01245E-05
  1938    3.14144E-05
  1939    2.20258E-05
  1940    1.08173E-05
  1941    2.11821E-05
  1942    2.66868E-05
  1943    2.17498E-05
  1944    2.36089E-05
  1945    2.00594E-05
  1946    1.82245E-05
  1947    1.49221E-05
  1948    2.59501E-05
  1949    2.85545E-05
  1950    3.39038E-05
  1951    2.13401E-05
  1952    1.25005E-05
  1953    2.58610E-05
  1954    2.26063E-05
  1955    1.90314E-05
  1956    1.91634E-05
  1957    1.81949E-05
  1958    2.30003E-05
  1959    3.87791E-05
  1960    3.51144E-05
  1961    1.34970E-05
  1962    1.32608E-05
  1963    1.41359E-05
  1964    2.35840E-05
  1965    1.41857E-05
  1966    1.48148E-05
  1967    2.13542E-05
  1968    7.87730E-06
  1969    6.18328E-06
  1970    1.29964E-05
  1971    1.99157E-05
  1972    3.29834E-05
  1973    3.54391E-05
  1974    1.49558E-05
  1975    1.65782E-05
  1976    2.31828E-05
  1977    1.93084E-05
  1978    1.50211E-05
  1979    1.19161E-05
  1980    4.51745E-06
  1981    1.45129E-05
  1982    2.07022E-05
  1983    1.37795E-05
  1984    1.61411E-05
  1985    2.33896E-05
  1986    1.75291E-05
  1987    1.79089E-05
  1988    2.48754E-05
  1989    1.56224E-05
  1990    1.24094E-05
  1991    1.21605E-05
  1992    2.76437E-06
  1993    1.14046E-05
  1994    2.21590E-05
  1995    1.50846E-05
  1996    3.50114E-06
  1997    4.95001E-06
  1998    8.73738E-06
  1999    1.28559E-05
  2000    3.17030E-06
  2001    3.55299E-06
  2002    1.07498E-05
  2003    9.47204E-06
  2004    7.77859E-06
  2005    2.12198E-05
  2006    1.97421E-05
  2007    2.56888E-05
  2008    1.34847E-05
  2009    1.17015E-05
  2010    1.83799E-05
  2011    1.45614E-05
  2012    1.33600E-05
  2013    1.02246E-05
  2014    1.11974E-05
  2015    1.63986E-05
  2016    1.73617E-05
  2017    1.04417E-05
  2018    1.58974E-05
  2019    1.39880E-05
  2020    9.43022E-06
  2021    2.61274E-05
  2022    6.75978E-06
  2023    1.56878E-06
  2024    4.05040E-06
  2025    6.93897E-06
  2026    2.82301E-06
  2027    1.02950E-05
  2028    5.26906E-06
  2029    1.13974E-05
  2030    4.54685E-06
  2031    1.32327E-05
  2032    5.64889E-06
  2033    8.33502E-06
  2034    9.14673E-06
  2035    1.11342E-05
  2036    4.15350E-06
  2037    2.05232E-06
  2038    7.75425E-06
  2039    8.27274E-06
  2040    1.99420E-05
  2041    4.25699E-06
  2042    2.11342E-05
  2043    2.59859E-05
  2044    3.43436E-06
  2045    7.28752E-06
  2046    9.07412E-06
  2047    2.42463E-05
  2048    1.01284E-05
  2049    9.03925E-06
  2050    1.47676E-05
  2051    3.94228E-06
  2052    8.75659E-07
  2053    4.53244E-06
  2054    2.22737E-05
  2055    1.66102E-05
  2056    1.70011E-05
  2057    1.77990E-05
  2058    1.19437E-05
  2059    4.37887E-05
  2060    3.39990E-05
  2061    1.60239E-05
  2062    1.20561E-05
  2063    2.07196E-05
  2064    1.95639E-05
  2065    6.17056E-06
  2066    1.62686E-05
  2067    2.85825E-05
  2068    1.01433E-05
  2069    2.37698E-06
  2070    7.63025E-06
  2071    1.43811E-05
  2072    2.12240E-06
  2073    2.71589E-06
  2074    6.90304E-06
  2075    2.31782E-05
  2076    5.12241E-06
  2077    3.11937E-05
  2078    1.96760E-05
  2079    9.83822E-06
  2080    2.27547E-05
  2081    4.15270E-06
  2082    2.57278E-05
  2083    1.09237E-05
  2084    6.36840E-06
  2085    1.20301E-05
  2086    6.30093E-06
  2087    2.35458E-05
  2088    8.18168E-06
  2089    1.28854E-05
  2090    3.15279E-06
  2091    1.29965E-05
  2092    6.21037E-06
  2093    1.25100E-05
  2094    1.44211E-05
  2095    1.60283E-05
  2096    3.13999E-06
  2097    1.83156E-05
  2098    3.96614E-06
  2099    1.38954E-05
  2100    4.84513E-06
  2101    3.97737E-06
  2102    1.44805E-05
  2103    2.80302E-06
  2104    8.15994E-06
  2105    1.80693E-05
  2106    5.89110E-06
  2107    5.55006E-06
  2108    9.88649E-07
  2109    3.01962E-06
  2110    1.20220E-05
  2111    1.55848E-05
  2112    4.59249E-06
  2113    2.15468E-06
  2114    2.03280E-06
  2115    1.13695E-06
  2116    6.37745E-06
  2117    1.21778E-05
  2118    8.10211E-06
  2119    1.49003E-05
  2120    1.74082E-05
  2121    8.67170E-06
  2122    1.04302E-05
  2123    3.09032E-06
  2124    4.11901E-06
  2125    3.21037E-06
  2126    3.34811E-06
  2127    5.77296E-06
  2128    7.88701E-06
  2129    7.23841E-06
  2130    2.53003E-05
  2131    7.21202E-06
  2132    8.28171E-06
  2133    1.14955E-05
  2134    3.51104E-06
  2135    6.84411E-06
  2136    4.47576E-06
  2137    6.75048E-06
  2138    5.03031E-06
  2139    1.19031E-05
  2140    2.42163E-05
  2141    3.88886E-05
  2142    2.39784E-05
  2143    7.67768E-06
  2144    1.91890E-05
  2145    2.22122E-05
  2146    2.32705E-05
  2147    2.04139E-05
  2148    8.96865E-06
  2149    3.81935E-05
  2150    4.86597E-05
  2151    3.16112E-05
  2152    2.61849E-05
  2153    4.90544E-05
  2154    5.73095E-05
  2155    5.94998E-05
  2156    5.97042E-05
  2157    6.44872E-05
  2158    5.70836E-05
  2159    4.76267E-05
  2160    3.36495E-05
  2161    2.65221E-05
  2162    3.74312E-05
  2163    3.99164E-05
  2164    3.73543E-05
  2165    4.32587E-05
  2166    1.51533E-05
  2167    8.51202E-06
  2168    1.87421E-06
  2169    5.19977E-06
  2170    1.98066E-05
  2171    1.84369E-05
  2172    1.35091E-05
  2173    4.23675E-06
  2174    9.62598E-06
  2175    4.54980E-06
  2176    9.11248E-06
  2177    8.35259E-06
  2178    6.35692E-06
  2179    1.23863E-05
  2180    5.47473E-06
  2181    2.62258E-06
  2182    2.67558E-06
  2183    9.24516E-07
  2184    4.56396E-06
  2185    5.39485E-06
  2186    1.25120E-06
  2187    6.79923E-07
  2188    8.74867E-06
  2189    5.96613E-06
  2190    3.94180E-06
  2191    1.47978E-05
  2192    1.60101E-05
  2193    7.29942E-06
  2194    1.77772E-05
  2195    2.92481E-06
  2196    1.41360E-05
  2197    1.17883E-05
  2198    4.93687E-06
  2199    5.57363E-06
  2200    1.26591E-05
  2201    1.41967E-05
  2202    7.99826E-06
  2203    1.55165E-05
  2204    7.98367E-06
  2205    1.41496E-06
  2206    1.57884E-06
  2207    1.54675E-05
  2208    7.76858E-06
  2209    7.06233E-06
  2210    4.45075E-06
  2211    1.68695E-06
  2212    1.24352E-05
  2213    9.15805E-06
  2214    3.11692E-06
  2215    1.40582E-05
  2216    2.94243E-05
  2217    6.15628E-06
  2218    1.79893E-05
  2219    1.64839E-05
  2220    8.50806E-06
  2221    7.48613E-06
  2222    9.58154E-06
  2223    8.37044E-06
  2224    3.37696E-06
  2225    4.51794E-06
  2226    1.55468E-05
  2227    1.07297E-05
  2228    9.27283E-06
  2229    6.49442E-06
  2230    1.33145E-05
  2231    2.31542E-06
  2232    4.27557E-06
  2233    6.56426E-06
  2234    9.20577E-06
  2235    6.23788E-06
  2236    9.95906E-07
  2237    1.53195E-05
  2238    1.67660E-05
  2239    1.60860E-05
  2240    5.21739E-06
  2241    7.64112E-06
  2242    7.87236E-06
  2243    6.03349E-06
  2244    1.02857E-05
  2245    3.36732E-05
  2246    9.51405E-06
  2247    3.27620E-05
  2248    2.41567E-05
  2249    8.39429E-06
  2250    1.36659E-05
  2251    9.25144E-06
  2252    1.60067E-05
  2253    8.63859E-06
  2254    1.61847E-05
  2255    5.08398E-06
  2256    6.40399E-06
  2257    8.31341E-06
  2258    7.31864E-06
  2259    3.26312E-05
  2260    1.18293E-05
  2261    1.03156E-05
  2262    1.38596E-05
  2263    1.25089E-05
  2264    1.85616E-05
  2265    4.73199E-06
  2266    2.16130E-05
  2267    1.42971E-05
  2268    3.05532E-06
  2269    4.40178E-06
  2270    1.47186E-06
  2271    1.54103E-05
  2272    5.38504E-06
  2273    3.07280E-05
  2274    7.43142E-06
  2275    5.24853E-06
  2276    1.56451E-05
  2277    6.24333E-06
  2278    1.58636E-05
  2279    1.79764E-05
  2280    6.06540E-06
  2281    1.43224E-05
  2282    1.47742E-05
  2283    1.13534E-05
  2284    7.00687E-06
  2285    1.06719E-05
  2286    7.34857E-06
  2287    5.91468E-06
  2288    5.19330E-06
  2289    3.31380E-06
  2290    1.38615E-05
  2291    1.86330E-05
  2292    1.42848E-05
  2293    9.13220E-06
  2294    1.45161E-05
  2295    1.32364E-05
  2296    9.05053E-06
  2297    1.69152E-05
  2298    1.89574E-05
  2299    5.89052E-06
  2300    4.68825E-06
  2301    8.54220E-06
  2302    1.40760E-06
  2303    3.87006E-06
  2304    8.49161E-06
  2305    1.03327E-05
  2306    6.68036E-06
  2307    2.24162E-05
  2308    4.23464E-06
  2309    1.77046E-05
  2310    2.11991E-05
  2311    1.49991E-05
  2312    3.99483E-05
  2313    1.89291E-05
  2314    1.14324E-05
  2315    2.23424E-05
  2316    1.02050E-05
  2317    2.29940E-05
  2318    6.18942E-06
  2319    1.38227E-05
  2320    1.99974E-05
  2321    4.10480E-05
  2322    2.53463E-05
  2323    2.18670E-05
  2324    6.57223E-05
  2325    6.43971E-05
  2326    7.90153E-05
  2327    9.67631E-05
  2328    1.03681E-04
  2329    1.40990E-04
  2330    1.55865E-04
  2331    1.83667E-04
  2332    2.08952E-04
  2333    2.37094E-04
  2334    2.60933E-04
  2335    2.63715E-04
  2336    2.66266E-04
  2337    2.70456E-04
  2338    2.65559E-04
  2339    2.49817E-04
  2340    2.41085E-04
  2341    1.96823E-04
  2342    1.73372E-04
  2343    1.43890E-04
  2344    1.11821E-04
  2345    1.02214E-04
  2346    8.58152E-05
  2347    5.91428E-05
  2348    5.13301E-05
  2349    4.53026E-05
  2350    4.20119E-05
  2351    4.29392E-05
  2352    1.60185E-05
  2353    1.26361E-05
  2354    2.86178E-05
  2355    3.01543E-05
  2356    1.82746E-05
  2357    5.18878E-06
  2358    1.54178E-05
  2359    1.16098E-05
  2360    2.04345E-05
  2361    8.34936E-06
  2362    2.69490E-06
  2363    3.13159E-06
  2364    1.18678E-05
  2365    1.39984E-05
  2366    1.09419E-05
  2367    3.17363E-06
  2368    1.85612E-06
  2369    3.72449E-06
  2370    7.95143E-07
  2371    2.59414E-06
  2372    1.94340E-06
  2373    2.60436E-05
  2374    2.04232E-05
  2375    2.62645E-06
  2376    1.05639E-05
  2377    7.81353E-06
  2378    6.92828E-06
  2379    7.84043E-06
  2380    1.78550E-05
  2381    2.94287E-06
  2382    4.86904E-06
  2383    1.02173E-05
  2384    2.90084E-06
  2385    4.99997E-06
  2386    5.43505E-06
  2387    8.30568E-06
  2388    9.01724E-06
  2389    5.23446E-06
  2390    8.85688E-07
  2391    1.12032E-05
  2392    7.26143E-06
  2393    2.69289E-05
  2394    1.28173E-05
  2395    4.44954E-06
  2396    2.24345E-05
  2397    2.37305E-05
  2398    7.29536E-06
  2399    1.88512E-06
  2400    5.91211E-06
  2401    1.73911E-06
  2402    1.54361E-05
  2403    1.93066E-05
  2404    1.73364E-05
  2405    2.81914E-05
  2406    2.97148E-05
  2407    1.53682E-05
  2408    1.94673E-05
  2409    2.73078E-05
  2410    2.31633E-05
  2411    1.70452E-05
  2412    5.14557E-06
  2413    1.41456E-05
  2414    4.42264E-06
  2415    1.85213E-05
  2416    1.01337E-05
  2417    8.06145E-06
  2418    2.71034E-05
  2419    1.88749E-05
  2420    1.83509E-05
  2421    7.32182E-06
  2422    1.79137E-05
  2423    2.40334E-05
  2424    3.22959E-05
  2425    2.53682E-05
  2426    1.21612E-05
  2427    1.56086E-05
  2428    2.87401E-05
  2429    3.10739E-05
  2430    1.55386E-05
  2431    1.08550E-05
  2432    3.44178E-05
  2433    3.80017E-05
  2434    4.09159E-05
  2435    4.13045E-05
  2436    6.45758E-05
  2437    4.63927E-05
  2438    5.27214E-05
  2439    5.43031E-05
  2440    4.63710E-05
  2441    3.63604E-05
  2442    7.59380E-05
  2443    7.09870E-05
  2444    6.85950E-05
  2445    6.14478E-05
  2446    6.46360E-05
  2447    5.81918E-05
  2448    5.65987E-05
  2449    4.72704E-05
  2450    5.81209E-05
  2451    6.13663E-05
  2452    5.90261E-05
  2453    2.74459E-05
  2454    5.79235E-05
  2455    6.04316E-05
  2456    7.03141E-05
  2457    4.68510E-05
  2458    5.04716E-05
  2459    4.56910E-05
  2460    5.54214E-05
  2461    4.50675E-05
  2462    4.75977E-05
  2463    3.86016E-05
  2464    2.80550E-05
  2465    2.20144E-05
  2466    3.53791E-05
  2467    4.49391E-05
  2468    2.81426E-05
  2469    3.08058E-05
  2470    3.27739E-05
  2471    3.29476E-05
  2472    3.13525E-05
  2473    2.69951E-05
  2474    4.04406E-05
  2475    1.43256E-05
  2476    8.58778E-06
  2477    2.32933E-05
  2478    4.50817E-05
  2479    6.05528E-06
  2480    3.79420E-05
  2481    2.04599E-05
  2482    3.67868E-06
  2483    2.50580E-05
  2484    7.53070E-06
  2485    2.73174E-05
  2486    3.97177E-06
  2487    1.50100E-05
  2488    2.62445E-05
  2489    4.24651E-05
  2490    1.13972E-05
  2491    4.32955E-06
  2492    1.57611E-05
  2493    3.58357E-05
  2494    3.19892E-05
  2495    6.92182E-06
  2496    8.39410E-06
  2497    2.20977E-05
  2498    1.11442E-05
  2499    9.40567E-06
  2500    3.23217E-05
  2501    1.06257E-05
  2502    2.91971E-05
  2503    2.64669E-05
  2504    1.07250E-05
  2505    1.34584E-05
  2506    1.53825E-05
  2507    1.68252E-05
  2508    2.52711E-05
  2509    1.62162E-05
  2510    7.50905E-06
  2511    6.51019E-06
  2512    2.37388E-06
  2513    5.33739E-07
  2514    9.90774E-06
  2515    1.50310E-05
  2516    9.50464E-06
  2517    1.18628E-05
  2518    1.29336E-05
  2519    5.70029E-06
  2520    3.81046E-05
  2521    2.51637E-05
  2522    1.06853E-05
  2523    1.12629E-05
  2524    1.91938E-05
  2525    9.74415E-06
  2526    3.12020E-05
  2527    1.62027E-05
  2528    1.72287E-05
  2529    2.43905E-05
  2530    2.21225E-05
  2531    1.59666E-05
  2532    1.61413E-05
  2533    1.24551E-05
  2534    5.56980E-06
  2535    8.19792E-06
  2536    2.23532E-05
  2537    1.30870E-05
  2538    1.63330E-05
  2539    1.25276E-05
  2540    3.34003E-06
  2541    2.40998E-05
  2542    3.50466E-05
  2543    1.38784E-05
  2544    2.57433E-06
  2545    1.54434E-05
  2546    1.76773E-05
  2547    2.31331E-05
  2548    3.82322E-06
  2549    9.67862E-06
  2550    1.56207E-05
  2551    2.51708E-05
  2552    1.52488E-05
  2553    1.53106E-05
  2554    2.66405E-05
  2555    1.67176E-05
  2556    2.27695E-05
  2557    1.80938E-05
  2558    2.04909E-05
  2559    3.77503E-05
  2560    4.86299E-05
  2561    5.90364E-05
  2562    5.20637E-05
  2563    5.00034E-05
  2564    3.74830E-05
  2565    4.66148E-05
  2566    5.25549E-05
  2567    5.50756E-05
  2568    4.70608E-05
  2569    4.78263E-05
  2570    5.37936E-05
  2571    6.44178E-05
  2572    6.32076E-05
  2573    5.71274E-05
  2574    7.12756E-05
  2575    6.88643E-05
  2576    8.03331E-05
  2577    7.88077E-05
  2578    7.55136E-05
  2579    8.56073E-05
  2580    8.44876E-05
  2581    9.78010E-05
  2582    9.77740E-05
  2583    9.68698E-05
  2584    1.15532E-04
  2585    1.11770E-04
  2586    1.13810E-04
  2587    1.25696E-04
  2588    1.20596E-04
  2589    1.22227E-04
  2590    1.53424E-04
  2591    1.66234E-04
  2592    1.67111E-04
  2593    1.67400E-04
  2594    1.46133E-04
  2595    1.47347E-04
  2596    1.52986E-04
  2597    1.48280E-04
  2598    1.54547E-04
  2599    1.73650E-04
  2600    1.84732E-04
  2601    1.82407E-04
  2602    1.68894E-04
  2603    1.81139E-04
  2604    1.99918E-04
  2605    1.98368E-04
  2606    1.99730E-04
  2607    1.82506E-04
  2608    1.75697E-04
  2609    1.83092E-04
  2610    1.91220E-04
  2611    1.92206E-04
  2612    1.87118E-04
  2613    1.96281E-04
  2614    1.97281E-04
  2615    1.90513E-04
  2616    1.87659E-04
  2617    1.87065E-04
  2618    1.77475E-04
  2619    1.70437E-04
  2620    1.77604E-04
  2621    1.96493E-04
  2622    1.89690E-04
  2623    1.77625E-04
  2624    1.65356E-04
  2625    1.58170E-04
  2626    1.72976E-04
  2627    1.71275E-04
  2628    1.78121E-04
  2629    1.84914E-04
  2630    1.98165E-04
  2631    1.83340E-04
  2632    1.91307E-04
  2633    2.06068E-04
  2634    2.06229E-04
  2635    1.94131E-04
  2636    1.75548E-04
  2637    1.98265E-04
  2638    2.05715E-04
  2639    1.92525E-04
  2640    1.94368E-04
  2641    2.04036E-04
  2642    2.00164E-04
  2643    2.00718E-04
  2644    1.98671E-04
  2645    2.07867E-04
  2646    2.13597E-04
  2647    2.13217E-04
  2648    2.26062E-04
  2649    2.28731E-04
  2650    2.24682E-04
  2651    2.04276E-04
  2652    1.88670E-04
  2653    1.84121E-04
  2654    2.09152E-04
  2655    2.13876E-04
  2656    2.26994E-04
  2657    2.06721E-04
  2658    2.14667E-04
  2659    2.12298E-04
  2660    2.28352E-04
  2661    2.42139E-04
  2662    2.52057E-04
  2663    2.53598E-04
  2664    2.67717E-04
  2665    2.78951E-04
  2666    2.48567E-04
  2667    2.75226E-04
  2668    2.77808E-04
  2669    2.81322E-04
  2670    3.28101E-04
  2671    3.33362E-04
  2672    3.23699E-04
  2673    3.59916E-04
  2674    3.08300E-04
  2675    3.87018E-04
  2676    3.48436E-04
  2677    3.65292E-04
  2678    3.89854E-04
  2679    3.90400E-04
  2680    4.51761E-04
  2681    4.30478E-04
  2682    3.94802E-04
  2683    3.97317E-04
  2684    4.15146E-04
  2685    4.92423E-04
  2686    5.39870E-04
  2687    4.75558E-04
  2688    5.60689E-04
  2689    5.79157E-04
  2690    6.33644E-04
  2691    6.54745E-04
  2692    4.76593E-04
  2693    5.14133E-04
  2694    2.40582E-04
  2695    1.35444E-04
  2696    6.73917E-04
  2697    1.12344E-03
  2698    4.36599E-04
  2699    3.77427E-04
  2700    1.06707E-03
