   400    8.90370E-09
   401    1.00000E-10
   402    6.86553E-08
   403    3.70724E-09
   404    1.00000E-10
   405    8.51696E-08
   406    1.21261E-07
   407    5.83867E-08
   408    2.84387E-09
   409    1.00000E-10
   410    1.00000E-10
   411    1.00000E-10
   412    1.00000E-10
   413    1.00000E-10
   414    1.00000E-10
   415    1.00000E-10
   416    1.00000E-10
   417    1.00000E-10
   418    1.18176E-08
   419    7.16559E-10
   420    1.00000E-10
   421    1.93637E-07
   422    1.02836E-08
   423    1.00000E-10
   424    1.00000E-10
   425    4.43839E-08
   426    2.43013E-09
   427    1.00000E-10
   428    1.00000E-10
   429    1.00000E-10
   430    1.00000E-10
   431    8.67149E-08
   432    4.65751E-09
   433    2.15579E-08
   434    1.22907E-09
   435    6.13856E-08
   436    3.32473E-09
   437    1.00000E-10
   438    1.00000E-10
   439    2.61843E-08
   440    2.29829E-07
   441    4.34862E-07
   442    3.74959E-07
   443    2.64206E-07
   444    2.87610E-07
   445    4.73803E-07
   446    6.10574E-07
   447    4.88249E-07
   448    5.54205E-07
   449    6.01423E-07
   450    2.76151E-07
   451    9.37663E-08
   452    4.34778E-09
   453    1.00000E-10
   454    8.51676E-08
   455    4.57609E-09
   456    1.00000E-10
   457    1.00000E-10
   458    1.00000E-10
   459    1.98982E-08
   460    1.14174E-09
   461    1.00000E-10
   462    1.82737E-08
   463    8.59314E-08
   464    1.16038E-07
   465    1.57192E-07
   466    7.41491E-07
   467    1.62197E-06
   468    2.26567E-06
   469    3.55802E-06
   470    5.14961E-06
   471    5.26234E-06
   472    3.72375E-06
   473    2.77347E-06
   474    2.38066E-06
   475    1.35568E-06
   476    9.14481E-07
   477    9.05704E-07
   478    6.52730E-07
   479    5.01253E-07
   480    1.45122E-06
   481    2.61938E-06
   482    2.27676E-06
   483    1.15455E-06
   484    1.04498E-06
   485    1.81985E-06
   486    2.21447E-06
   487    1.27163E-06
   488    4.77844E-07
   489    6.83289E-08
   490    4.83241E-08
   491    7.28799E-08
   492    2.46137E-07
   493    3.28664E-07
   494    2.80846E-07
   495    7.71406E-08
   496    5.17753E-08
   497    4.41784E-08
   498    2.42352E-07
   499    6.41410E-07
   500    9.58081E-07
   501    6.24849E-07
   502    1.53981E-07
   503    6.60197E-09
   504    1.00000E-10
   505    1.00000E-10
   506    1.00000E-10
   507    1.00000E-10
   508    1.00000E-10
   509    3.83805E-08
   510    2.11424E-09
   511    1.00000E-10
   512    1.21774E-08
   513    7.35490E-10
   514    1.00000E-10
   515    1.00000E-10
   516    1.00000E-10
   517    1.00000E-10
   518    1.00000E-10
   519    1.00000E-10
   520    1.00000E-10
   521    1.00000E-10
   522    2.63681E-08
   523    1.48218E-09
   524    1.00000E-10
   525    1.00000E-10
   526    1.00000E-10
   527    1.00000E-10
   528    1.00000E-10
   529    1.00000E-10
   530    1.00000E-10
   531    4.22411E-09
   532    3.17002E-10
   533    1.00000E-10
   534    1.00000E-10
   535    1.00000E-10
   536    1.00000E-10
   537    6.68572E-09
   538    4.46528E-10
   539    1.00000E-10
   540    2.83938E-09
   541    2.44141E-10
   542    1.00000E-10
   543    1.00000E-10
   544    1.00000E-10
   545    1.00000E-10
   546    1.00000E-10
   547    1.00000E-10
   548    1.00000E-10
   549    1.00000E-10
   550    1.00000E-10
   551    1.00000E-10
   552    2.39930E-08
   553    1.35720E-09
   554    5.82558E-09
   555    4.01269E-10
   556    1.07305E-07
   557    5.74092E-09
   558    1.00000E-10
   559    3.49646E-09
   560    6.66285E-09
   561    4.35921E-10
   562    1.00000E-10
   563    1.00000E-10
   564    1.00000E-10
   565    1.00000E-10
   566    1.00000E-10
   567    1.00000E-10
   568    1.00000E-10
   569    1.00000E-10
   570    1.00000E-10
   571    1.00000E-10
   572    1.15135E-07
   573    8.31162E-08
   574    4.14965E-09
   575    1.00000E-10
   576    1.00000E-10
   577    1.00000E-10
   578    1.00000E-10
   579    1.23304E-07
   580    8.21615E-07
   581    1.11314E-06
   582    9.00022E-07
   583    5.45906E-07
   584    4.69186E-07
   585    6.86213E-07
   586    1.00988E-06
   587    1.55114E-06
   588    1.62996E-06
   589    1.45082E-06
   590    1.17223E-06
   591    8.46739E-07
   592    7.83765E-07
   593    1.08036E-06
   594    1.33391E-06
   595    1.82796E-06
   596    2.50717E-06
   597    3.14150E-06
   598    3.51106E-06
   599    3.64499E-06
   600    3.23073E-06
   601    2.70949E-06
   602    2.31827E-06
   603    1.98838E-06
   604    1.84622E-06
   605    2.02032E-06
   606    2.26394E-06
   607    2.55801E-06
   608    2.95055E-06
   609    3.79255E-06
   610    3.97388E-06
   611    3.50598E-06
   612    2.91595E-06
   613    2.37443E-06
   614    1.74342E-06
   615    1.58771E-06
   616    1.58662E-06
   617    1.35557E-06
   618    9.23054E-07
   619    7.38371E-07
   620    5.38559E-07
   621    3.98551E-07
   622    1.37195E-07
   623    7.86589E-09
   624    1.83255E-10
   625    1.00000E-10
   626    1.00000E-10
   627    1.00000E-10
   628    2.88631E-08
   629    5.58210E-08
   630    8.35004E-08
   631    2.72263E-07
   632    4.26058E-07
   633    5.40710E-07
   634    4.86618E-07
   635    3.57212E-07
   636    1.95270E-07
   637    2.06459E-07
   638    5.02834E-08
   639    5.50751E-08
   640    8.40110E-08
   641    4.36883E-09
   642    1.19678E-08
   643    2.84977E-07
   644    3.80540E-07
   645    4.57473E-07
   646    3.06350E-07
   647    1.31888E-07
   648    1.11758E-07
   649    5.65159E-09
   650    1.00000E-10
   651    1.00000E-10
   652    1.00000E-10
   653    4.34270E-09
   654    3.23242E-10
   655    1.00000E-10
   656    1.00000E-10
   657    1.00000E-10
   658    1.00000E-10
   659    1.00000E-10
   660    1.00000E-10
   661    1.00000E-10
   662    1.00000E-10
   663    2.90076E-08
   664    1.62106E-09
   665    1.00000E-10
   666    1.00000E-10
   667    1.00000E-10
   668    1.00000E-10
   669    1.00000E-10
   670    1.00000E-10
   671    1.00000E-10
   672    1.07059E-08
   673    6.58064E-10
   674    1.00000E-10
   675    5.57421E-08
   676    3.02778E-09
   677    1.00000E-10
   678    1.17823E-08
   679    7.14700E-10
   680    1.00000E-10
   681    1.00000E-10
   682    1.00000E-10
   683    1.00000E-10
   684    1.00000E-10
   685    2.70739E-08
   686    1.51931E-09
   687    1.00000E-10
   688    1.00000E-10
   689    1.00000E-10
   690    1.00000E-10
   691    1.00000E-10
   692    1.00000E-10
   693    1.00000E-10
   694    1.00000E-10
   695    1.00000E-10
   696    1.00000E-10
   697    4.09370E-08
   698    2.24876E-09
   699    3.38267E-08
   700    1.87463E-09
   701    1.75019E-07
   702    7.35168E-08
   703    3.47875E-09
   704    7.11663E-08
   705    8.12883E-07
   706    1.59017E-06
   707    2.54531E-06
   708    2.78810E-06
   709    2.01560E-06
   710    1.36629E-06
   711    1.13217E-06
   712    9.33138E-07
   713    1.17883E-06
   714    1.54898E-06
   715    1.66322E-06
   716    1.19655E-06
   717    3.63822E-07
   718    1.61566E-08
   719    1.00000E-10
   720    1.00000E-10
   721    1.00000E-10
   722    6.78216E-08
   723    3.66338E-09
   724    1.00000E-10
   725    1.00000E-10
   726    5.88156E-08
   727    3.18950E-09
   728    1.00000E-10
   729    1.00000E-10
   730    1.00000E-10
   731    1.00000E-10
   732    1.00000E-10
   733    1.00000E-10
   734    1.75119E-08
   735    4.50757E-08
   736    2.41832E-09
   737    1.00000E-10
   738    1.00000E-10
   739    1.00000E-10
   740    1.00000E-10
   741    1.00000E-10
   742    1.00000E-10
   743    1.00000E-10
   744    1.00000E-10
   745    1.00000E-10
   746    1.00000E-10
   747    1.00000E-10
   748    1.00000E-10
   749    1.00000E-10
   750    3.34985E-08
   751    1.85737E-09
   752    1.00000E-10
   753    1.00000E-10
   754    1.00000E-10
   755    1.21915E-07
   756    3.41673E-08
   757    1.55529E-09
   758    6.75004E-08
   759    3.64648E-09
   760    1.00000E-10
   761    5.99356E-08
   762    3.24843E-09
   763    1.00000E-10
   764    1.26752E-07
   765    6.76417E-09
   766    1.00000E-10
   767    2.40608E-07
   768    1.27550E-08
   769    1.00000E-10
   770    8.34430E-08
   771    4.48535E-09
   772    2.89119E-07
   773    1.53076E-08
   774    2.82274E-08
   775    1.58001E-09
   776    1.00000E-10
   777    2.39875E-07
   778    1.27165E-08
   779    1.00000E-10
   780    1.00000E-10
   781    1.00000E-10
   782    5.38463E-08
   783    2.92802E-09
   784    1.33957E-07
   785    7.14329E-09
   786    1.42502E-07
   787    7.59292E-09
   788    1.00000E-10
   789    2.20863E-07
   790    5.39764E-07
   791    4.21464E-07
   792    5.44645E-07
   793    6.93194E-07
   794    5.85166E-07
   795    5.50843E-07
   796    3.92748E-07
   797    3.15515E-07
   798    7.13429E-07
   799    6.19464E-07
   800    5.23947E-07
   801    5.83329E-07
   802    9.00436E-07
   803    1.08440E-06
   804    1.39591E-06
   805    1.77026E-06
   806    1.99295E-06
   807    2.44716E-06
   808    3.08203E-06
   809    3.38517E-06
   810    4.39518E-06
   811    5.52222E-06
   812    6.61786E-06
   813    7.61930E-06
   814    7.69257E-06
   815    6.99625E-06
   816    5.42140E-06
   817    4.12616E-06
   818    2.95231E-06
   819    2.36059E-06
   820    1.66404E-06
   821    1.74952E-06
   822    1.38255E-06
   823    1.27056E-06
   824    2.05489E-06
   825    2.04920E-06
   826    2.34245E-06
   827    2.89860E-06
   828    4.37718E-06
   829    5.53858E-06
   830    6.80091E-06
   831    7.64075E-06
   832    7.44452E-06
   833    6.79908E-06
   834    5.76372E-06
   835    5.32114E-06
   836    4.81570E-06
   837    4.55739E-06
   838    4.07575E-06
   839    4.72783E-06
   840    4.60849E-06
   841    4.31664E-06
   842    4.48960E-06
   843    5.53445E-06
   844    5.67853E-06
   845    6.08798E-06
   846    5.65584E-06
   847    6.77243E-06
   848    5.86109E-06
   849    4.45270E-06
   850    4.42717E-06
   851    4.92896E-06
   852    5.18524E-06
   853    4.52908E-06
   854    6.08356E-06
   855    6.42616E-06
   856    6.52674E-06
   857    6.03642E-06
   858    7.72332E-06
   859    8.04991E-06
   860    8.52390E-06
   861    9.95764E-06
   862    6.69825E-06
   863    9.97420E-06
   864    8.63493E-06
   865    9.21945E-06
   866    8.97351E-06
   867    7.83587E-06
   868    5.95993E-06
   869    3.05979E-06
   870    7.07665E-06
   871    7.01870E-06
   872    7.12649E-06
   873    7.18166E-06
   874    5.23518E-06
   875    7.62402E-06
   876    1.09239E-05
   877    6.29809E-06
   878    7.09121E-06
   879    9.95757E-06
   880    1.11317E-05
   881    4.79572E-06
   882    6.35312E-06
   883    7.64485E-06
   884    1.36972E-05
   885    1.03996E-05
   886    1.09999E-05
   887    2.80020E-06
   888    1.84324E-06
   889    1.87004E-06
   890    4.97382E-06
   891    5.85887E-06
   892    3.20699E-06
   893    1.21219E-05
   894    4.95831E-06
   895    1.15577E-05
   896    9.32234E-06
   897    1.38020E-05
   898    1.02461E-05
   899    1.37093E-05
   900    1.90875E-05
   901    9.19374E-06
   902    1.35535E-05
   903    3.99759E-06
   904    7.32119E-06
   905    1.54620E-05
   906    6.75218E-06
   907    3.13614E-07
   908    1.17785E-05
   909    7.99993E-06
   910    1.56492E-05
   911    7.32092E-06
   912    6.43693E-06
   913    6.67625E-07
   914    4.24959E-06
   915    7.57291E-06
   916    4.69234E-06
   917    6.49759E-06
   918    3.43622E-06
   919    8.42501E-06
   920    2.53415E-06
   921    1.71764E-06
   922    7.02766E-06
   923    3.65427E-07
   924    5.84413E-06
   925    3.07602E-07
   926    1.00000E-10
   927    1.00000E-10
   928    1.00000E-10
   929    1.39492E-05
   930    7.34076E-07
   931    5.00255E-06
   932    4.33508E-06
   933    5.83527E-06
   934    6.12071E-06
   935    6.65281E-06
   936    8.54359E-06
   937    1.07754E-05
   938    1.28905E-05
   939    1.55530E-05
   940    8.40477E-06
   941    1.70445E-05
   942    2.05169E-05
   943    1.23780E-05
   944    5.97024E-07
   945    9.61327E-06
   946    1.20434E-05
   947    1.76035E-05
   948    7.23620E-06
   949    1.39633E-05
   950    2.47825E-05
   951    1.05591E-05
   952    1.13021E-05
   953    1.01646E-05
   954    1.48749E-05
   955    1.61682E-05
   956    1.93803E-05
   957    1.16433E-05
   958    6.84954E-06
   959    1.06187E-05
   960    9.70394E-06
   961    1.17723E-05
   962    8.66990E-06
   963    1.69466E-05
   964    9.36381E-06
   965    1.49209E-05
   966    1.39402E-05
   967    1.51718E-05
   968    1.70596E-05
   969    1.46446E-05
   970    2.08954E-05
   971    2.04101E-05
   972    2.32756E-05
   973    2.23501E-05
   974    2.07934E-05
   975    1.64242E-05
   976    6.06553E-06
   977    2.17114E-05
   978    1.27863E-05
   979    1.46599E-05
   980    1.02389E-05
   981    1.50076E-05
   982    8.22048E-06
   983    1.21066E-05
   984    8.61679E-06
   985    9.14680E-06
   986    1.08568E-05
   987    1.13106E-05
   988    1.75710E-06
   989    1.12288E-05
   990    1.03177E-05
   991    1.32234E-05
   992    1.41862E-06
   993    6.74588E-06
   994    4.89932E-06
   995    8.08989E-06
   996    1.19329E-05
   997    8.60783E-06
   998    1.07698E-05
   999    1.04819E-05
  1000    6.65787E-06
  1001    1.08867E-05
  1002    5.54578E-06
  1003    2.18211E-05
  1004    1.50802E-05
  1005    1.46843E-05
  1006    1.60557E-05
  1007    1.48084E-05
  1008    2.45685E-05
  1009    1.64756E-05
  1010    2.03191E-05
  1011    2.52369E-05
  1012    1.45732E-05
  1013    1.51244E-05
  1014    1.58396E-05
  1015    1.08758E-05
  1016    2.02464E-05
  1017    1.20629E-05
  1018    2.03425E-05
  1019    1.35848E-05
  1020    1.58292E-05
  1021    2.01152E-05
  1022    2.56274E-05
  1023    2.55831E-05
  1024    2.33835E-05
  1025    1.27166E-05
  1026    1.77300E-05
  1027    1.47422E-05
  1028    1.39387E-05
  1029    1.69289E-05
  1030    1.74465E-05
  1031    1.86109E-05
  1032    1.58034E-05
  1033    2.08584E-05
  1034    1.71675E-05
  1035    1.52612E-05
  1036    2.40893E-05
  1037    1.31448E-05
  1038    8.93745E-06
  1039    1.39670E-05
  1040    9.56916E-06
  1041    1.23277E-05
  1042    8.76795E-06
  1043    8.18294E-06
  1044    1.51060E-05
  1045    9.53133E-06
  1046    1.54311E-06
  1047    8.94453E-06
  1048    4.68341E-07
  1049    1.05888E-05
  1050    1.26955E-05
  1051    1.57799E-05
  1052    1.02345E-05
  1053    1.01210E-05
  1054    1.42307E-05
  1055    1.28395E-05
  1056    1.48753E-05
  1057    1.26044E-05
  1058    1.74506E-05
  1059    2.04443E-05
  1060    1.52469E-05
  1061    6.52519E-06
  1062    1.38910E-05
  1063    8.40191E-06
  1064    1.55627E-05
  1065    2.04286E-05
  1066    1.46682E-05
  1067    2.15421E-05
  1068    5.98200E-06
  1069    1.70390E-05
  1070    1.31185E-05
  1071    2.08937E-05
  1072    7.21264E-06
  1073    8.33825E-06
  1074    6.79651E-06
  1075    1.63742E-05
  1076    1.39025E-05
  1077    4.13872E-06
  1078    8.15234E-06
  1079    1.69188E-05
  1080    6.33206E-06
  1081    1.04996E-05
  1082    5.38110E-07
  1083    4.07498E-06
  1084    1.29931E-05
  1085    3.60689E-06
  1086    1.11700E-05
  1087    7.04799E-06
  1088    1.22321E-05
  1089    1.23049E-05
  1090    6.17571E-06
  1091    9.84433E-06
  1092    5.03316E-07
  1093    1.15534E-05
  1094    9.42019E-06
  1095    3.26876E-06
  1096    3.62053E-06
  1097    1.73542E-05
  1098    5.56900E-06
  1099    1.42706E-05
  1100    5.10207E-06
  1101    6.96511E-06
  1102    1.14495E-05
  1103    6.63489E-06
  1104    6.00597E-06
  1105    8.66637E-06
  1106    1.61485E-05
  1107    1.05897E-05
  1108    1.07102E-05
  1109    1.14567E-05
  1110    1.21098E-05
  1111    1.08503E-05
  1112    1.29770E-05
  1113    1.31255E-05
  1114    8.60017E-06
  1115    1.08339E-05
  1116    2.33653E-05
  1117    5.83615E-06
  1118    6.85654E-06
  1119    1.93911E-05
  1120    1.35010E-05
  1121    3.57819E-06
  1122    1.01141E-05
  1123    2.06741E-05
  1124    2.14554E-05
  1125    1.00024E-05
  1126    9.47044E-06
  1127    4.70109E-06
  1128    1.27028E-05
  1129    6.57617E-07
  1130    1.04697E-05
  1131    2.79006E-06
  1132    2.58291E-06
  1133    1.29964E-07
  1134    3.10932E-06
  1135    2.54107E-06
  1136    1.57983E-06
  1137    1.13820E-05
  1138    1.29351E-05
  1139    9.52496E-07
  1140    7.90911E-06
  1141    8.94260E-06
  1142    9.31395E-06
  1143    1.01280E-05
  1144    7.44441E-06
  1145    1.00301E-05
  1146    1.02800E-05
  1147    6.60090E-06
  1148    1.75957E-05
  1149    1.00315E-05
  1150    5.74315E-06
  1151    8.97680E-06
  1152    1.53345E-05
  1153    8.09147E-06
  1154    1.52596E-05
  1155    1.06810E-05
  1156    5.19580E-06
  1157    9.58114E-06
  1158    4.91909E-07
  1159    2.04700E-05
  1160    4.82171E-06
  1161    9.29653E-06
  1162    2.63987E-06
  1163    1.39293E-05
  1164    1.27326E-05
  1165    1.40854E-05
  1166    8.69118E-06
  1167    9.05152E-06
  1168    1.66599E-05
  1169    9.57605E-06
  1170    1.15448E-05
  1171    7.45044E-06
  1172    3.61857E-07
  1173    1.05239E-05
  1174    1.73296E-05
  1175    5.73851E-06
  1176    5.53769E-06
  1177    1.52477E-05
  1178    2.42578E-06
  1179    2.76651E-06
  1180    9.87071E-07
  1181    4.20702E-06
  1182    2.19397E-07
  1183    7.49047E-06
  1184    4.67705E-06
  1185    9.83609E-06
  1186    2.97871E-06
  1187    6.64314E-07
  1188    1.64511E-06
  1189    8.52862E-08
  1190    6.04327E-06
  1191    7.79374E-06
  1192    1.60085E-05
  1193    9.53972E-06
  1194    9.85754E-06
  1195    6.85946E-06
  1196    4.02696E-06
  1197    8.38345E-06
  1198    1.79310E-05
  1199    9.67160E-06
  1200    1.00162E-05
  1201    6.65830E-06
  1202    5.19041E-06
  1203    9.11740E-06
  1204    1.15447E-05
  1205    1.00323E-05
  1206    6.74205E-06
  1207    1.56301E-05
  1208    2.90129E-06
  1209    6.33044E-06
  1210    2.71746E-06
  1211    9.58170E-06
  1212    7.55001E-06
  1213    4.22664E-06
  1214    1.81992E-05
  1215    9.48230E-07
  1216    3.95355E-06
  1217    3.78480E-06
  1218    2.35279E-06
  1219    2.71838E-07
  1220    5.14374E-06
  1221    6.88713E-06
  1222    1.35049E-05
  1223    1.37991E-05
  1224    5.02619E-06
  1225    1.52338E-05
  1226    1.17354E-05
  1227    7.26634E-06
  1228    4.06308E-06
  1229    1.63942E-05
  1230    8.50666E-06
  1231    4.12263E-06
  1232    5.63039E-06
  1233    1.11330E-05
  1234    1.05401E-05
  1235    1.54110E-06
  1236    7.97123E-06
  1237    4.52313E-06
  1238    8.85747E-06
  1239    3.44003E-06
  1240    4.90696E-07
  1241    8.43834E-06
  1242    8.35702E-06
  1243    1.25994E-05
  1244    6.57709E-06
  1245    3.12798E-07
  1246    4.18433E-06
  1247    2.20549E-07
  1248    6.44430E-07
  1249    1.81121E-07
  1250    7.26190E-06
  1251    4.21444E-06
  1252    2.47496E-06
  1253    4.79791E-06
  1254    4.82618E-06
  1255    2.41380E-07
  1256    4.50226E-06
  1257    2.37299E-07
  1258    4.96205E-06
  1259    5.45261E-06
  1260    5.43013E-06
  1261    6.71835E-06
  1262    1.37227E-05
  1263    7.05188E-07
  1264    1.36219E-05
  1265    7.17775E-07
  1266    4.05861E-06
  1267    6.97092E-06
  1268    1.32924E-05
  1269    4.31243E-06
  1270    1.01382E-05
  1271    9.56555E-06
  1272    1.24767E-05
  1273    1.01320E-05
  1274    1.42376E-05
  1275    1.13830E-05
  1276    1.58592E-05
  1277    1.12219E-05
  1278    9.64363E-06
  1279    1.06152E-05
  1280    1.51751E-05
  1281    5.05831E-06
  1282    1.38431E-05
  1283    1.37651E-05
  1284    6.14714E-06
  1285    9.44864E-06
  1286    1.14881E-06
  1287    6.38509E-06
  1288    3.34649E-07
  1289    1.00000E-10
  1290    3.92505E-07
  1291    2.68792E-06
  1292    1.63777E-06
  1293    1.26428E-05
  1294    6.62036E-07
  1295    3.49227E-06
  1296    6.60283E-06
  1297    3.38276E-07
  1298    1.33880E-06
  1299    5.51405E-07
  1300    2.54299E-08
  1301    4.16577E-06
  1302    2.19571E-07
  1303    1.00000E-10
  1304    4.17129E-06
  1305    1.65674E-06
  1306    4.91597E-06
  1307    2.55107E-07
  1308    4.67119E-06
  1309    7.36431E-07
  1310    7.72937E-07
  1311    5.13514E-06
  1312    8.06912E-06
  1313    4.11078E-07
  1314    3.97105E-06
  1315    1.04774E-05
  1316    1.09601E-05
  1317    2.56116E-05
  1318    2.01498E-05
  1319    2.79691E-06
  1320    1.89258E-05
  1321    9.17961E-06
  1322    4.31460E-07
  1323    6.96113E-06
  1324    3.66847E-07
  1325    4.80378E-06
  1326    2.53185E-07
  1327    1.00000E-10
  1328    1.00000E-10
  1329    8.22000E-08
  1330    3.29708E-06
  1331    1.73576E-07
  1332    3.88785E-06
  1333    1.63689E-06
  1334    7.55441E-08
  1335    8.08917E-07
  1336    4.27131E-08
  1337    1.00000E-10
  1338    1.00000E-10
  1339    8.78637E-06
  1340    4.63011E-07
  1341    1.00000E-10
  1342    3.52263E-06
  1343    1.85687E-07
  1344    1.00000E-10
  1345    6.86874E-07
  1346    3.62832E-08
  1347    7.71866E-06
  1348    4.06758E-07
  1349    1.00000E-10
  1350    2.38035E-06
  1351    1.25505E-07
  1352    1.00000E-10
  1353    1.00000E-10
  1354    1.92013E-06
  1355    1.75766E-05
  1356    5.92320E-06
  1357    2.63655E-07
  1358    2.20620E-08
  1359    1.25708E-09
  1360    1.00000E-10
  1361    4.04561E-06
  1362    5.49746E-06
  1363    6.90065E-06
  1364    2.70737E-06
  1365    1.24353E-07
  1366    1.00000E-10
  1367    3.00102E-07
  1368    1.59058E-08
  1369    7.35451E-06
  1370    7.83118E-07
  1371    1.87182E-06
  1372    9.76147E-08
  1373    2.07349E-06
  1374    1.09338E-07
  1375    1.00000E-10
  1376    1.00000E-10
  1377    3.64722E-06
  1378    1.92251E-07
  1379    1.00000E-10
  1380    1.00000E-10
  1381    1.00000E-10
  1382    1.00000E-10
  1383    5.75788E-06
  1384    4.51624E-06
  1385    3.43464E-06
  1386    1.69357E-07
  1387    1.00000E-10
  1388    6.86094E-06
  1389    3.61568E-07
  1390    1.50397E-06
  1391    2.03561E-06
  1392    2.58360E-06
  1393    1.30784E-07
  1394    1.00000E-10
  1395    1.00000E-10
  1396    5.09930E-06
  1397    2.68755E-07
  1398    3.02625E-06
  1399    1.59535E-07
  1400    1.00000E-10
  1401    9.40308E-07
  1402    4.96356E-08
  1403    1.54525E-06
  1404    8.15074E-08
  1405    1.00000E-10
  1406    1.00000E-10
  1407    1.00000E-10
  1408    1.00000E-10
  1409    1.00000E-10
  1410    6.42662E-06
  1411    1.11947E-06
  1412    4.12363E-08
  1413    1.00000E-10
  1414    7.16654E-06
  1415    3.77669E-07
  1416    1.00000E-10
  1417    7.35951E-07
  1418    2.53754E-06
  1419    1.31744E-07
  1420    9.67393E-06
  1421    5.09773E-07
  1422    1.00000E-10
  1423    1.00000E-10
  1424    1.00000E-10
  1425    1.00000E-10
  1426    1.00000E-10
  1427    6.84240E-06
  1428    5.51004E-06
  1429    2.71402E-07
  1430    1.00000E-10
  1431    3.51929E-06
  1432    3.92176E-06
  1433    1.96947E-07
  1434    1.00000E-10
  1435    1.00000E-10
  1436    2.62669E-06
  1437    1.38484E-07
  1438    1.00000E-10
  1439    1.12034E-06
  1440    5.91206E-08
  1441    3.10640E-06
  1442    1.63758E-07
  1443    7.40388E-06
  1444    2.08738E-06
  1445    7.64849E-07
  1446    3.35353E-06
  1447    3.62893E-06
  1448    1.82078E-07
  1449    3.99958E-07
  1450    2.11668E-08
  1451    1.00000E-10
  1452    3.71835E-06
  1453    4.47156E-06
  1454    2.25361E-07
  1455    4.22606E-06
  1456    2.96752E-06
  1457    9.12444E-07
  1458    3.40049E-06
  1459    8.30511E-06
  1460    4.28329E-07
  1461    1.15279E-06
  1462    6.08303E-08
  1463    1.00000E-10
  1464    1.79246E-06
  1465    9.45316E-08
  1466    1.00000E-10
  1467    1.00000E-10
  1468    1.00000E-10
  1469    7.95394E-06
  1470    4.19153E-07
  1471    3.95439E-07
  1472    4.08345E-06
  1473    2.14137E-07
  1474    1.00000E-10
  1475    1.00000E-10
  1476    1.00000E-10
  1477    1.00000E-10
  1478    2.35000E-06
  1479    3.87478E-06
  1480    1.97717E-07
  1481    6.72307E-06
  1482    3.54304E-07
  1483    6.49013E-07
  1484    3.42884E-08
  1485    1.00000E-10
  1486    3.59871E-06
  1487    1.89696E-07
  1488    2.03738E-06
  1489    1.07436E-07
  1490    1.00000E-10
  1491    1.00000E-10
  1492    1.00000E-10
  1493    9.60871E-07
  1494    5.07189E-08
  1495    1.57811E-06
  1496    8.32387E-08
  1497    1.00000E-10
  1498    1.00000E-10
  1499    1.00000E-10
  1500    1.00000E-10
  1501    7.10289E-06
  1502    3.74316E-07
  1503    1.00000E-10
  1504    8.90472E-06
  1505    4.69247E-07
  1506    1.00000E-10
  1507    1.00000E-10
  1508    1.00000E-10
  1509    1.00000E-10
  1510    1.00000E-10
  1511    1.00000E-10
  1512    1.00000E-10
  1513    1.84138E-06
  1514    9.71091E-08
  1515    1.00000E-10
  1516    1.00000E-10
  1517    1.00000E-10
  1518    1.00000E-10
  1519    1.27009E-06
  1520    6.70103E-08
  1521    1.20534E-05
  1522    6.35135E-07
  1523    6.34902E-06
  1524    8.07709E-06
  1525    4.08018E-07
  1526    1.00000E-10
  1527    1.00000E-10
  1528    3.15924E-06
  1529    1.66541E-07
  1530    1.00000E-10
  1531    1.00000E-10
  1532    1.43371E-06
  1533    1.49577E-06
  1534    3.90175E-06
  1535    7.29898E-06
  1536    3.74024E-07
  1537    1.74591E-06
  1538    7.08146E-06
  1539    3.68340E-07
  1540    1.00000E-10
  1541    1.00000E-10
  1542    1.06800E-06
  1543    6.08107E-06
  1544    1.30306E-06
  1545    5.20242E-08
  1546    1.00000E-10
  1547    1.00000E-10
  1548    1.00000E-10
  1549    5.53358E-06
  1550    2.91635E-07
  1551    1.00000E-10
  1552    1.00000E-10
  1553    6.37367E-08
  1554    3.45274E-09
  1555    4.00725E-06
  1556    2.11220E-07
  1557    1.69267E-06
  1558    4.65890E-06
  1559    2.40854E-07
  1560    1.00000E-10
  1561    5.51205E-06
  1562    2.90501E-07
  1563    1.41341E-06
  1564    7.45612E-08
  1565    1.00000E-10
  1566    6.79809E-07
  1567    9.46065E-06
  1568    4.96649E-07
  1569    6.40197E-06
  1570    7.09412E-06
  1571    1.78120E-06
  1572    7.51833E-08
  1573    5.36810E-06
  1574    2.82917E-07
  1575    1.05700E-05
  1576    5.56984E-07
  1577    1.00000E-10
  1578    1.00000E-10
  1579    1.00000E-10
  1580    1.00000E-10
  1581    1.00000E-10
  1582    8.83115E-07
  1583    1.11681E-06
  1584    1.56856E-06
  1585    7.97647E-08
  1586    4.66240E-06
  1587    2.45737E-07
  1588    1.00000E-10
  1589    1.71399E-06
  1590    9.03976E-08
  1591    5.35627E-06
  1592    8.30711E-06
  1593    4.22893E-07
  1594    1.00000E-10
  1595    6.96966E-06
  1596    2.18077E-06
  1597    9.56443E-08
  1598    1.00000E-10
  1599    4.21013E-07
  1600    2.22761E-08
  1601    1.00000E-10
  1602    1.00000E-10
  1603    1.89925E-06
  1604    2.62963E-06
  1605    1.33367E-07
  1606    1.00000E-10
  1607    1.00000E-10
  1608    3.78224E-06
  1609    1.99364E-07
  1610    1.00000E-10
  1611    1.00000E-10
  1612    1.00000E-10
  1613    1.00000E-10
  1614    1.00000E-10
  1615    5.54762E-07
  1616    2.93227E-08
  1617    1.00000E-10
  1618    7.50780E-06
  1619    7.95184E-06
  1620    3.98204E-07
  1621    1.01716E-06
  1622    2.64134E-07
  1623    2.79744E-06
  1624    5.70747E-06
  1625    2.93063E-07
  1626    1.00000E-10
  1627    1.00000E-10
  1628    1.00000E-10
  1629    1.00000E-10
  1630    1.00000E-10
  1631    2.53612E-06
  1632    1.15509E-06
  1633    8.97336E-07
  1634    2.32363E-06
  1635    1.92636E-06
  1636    9.52599E-08
  1637    1.26730E-06
  1638    7.19439E-06
  1639    7.58691E-07
  1640    3.94977E-06
  1641    9.75721E-07
  1642    4.05939E-08
  1643    1.00000E-10
  1644    1.00000E-10
  1645    2.95029E-06
  1646    1.55533E-07
  1647    5.35577E-06
  1648    2.82267E-07
  1649    1.00000E-10
  1650    1.00000E-10
  1651    1.00000E-10
  1652    1.00000E-10
  1653    9.26345E-06
  1654    4.88146E-07
  1655    1.00000E-10
  1656    1.00000E-10
  1657    5.19400E-06
  1658    2.70629E-06
  1659    1.28261E-07
  1660    3.13657E-06
  1661    1.65347E-07
  1662    1.00000E-10
  1663    1.00000E-10
  1664    4.20635E-06
  1665    7.92600E-06
  1666    5.95277E-07
  1667    1.00719E-08
  1668    1.00000E-10
  1669    1.51892E-06
  1670    4.11303E-06
  1671    2.12577E-07
  1672    1.00000E-10
  1673    1.00000E-10
  1674    2.23133E-08
  1675    1.27032E-09
  1676    1.00000E-10
  1677    1.00000E-10
  1678    1.52017E-06
  1679    4.81289E-06
  1680    5.81359E-06
  1681    5.51903E-06
  1682    2.75424E-07
  1683    1.00000E-10
  1684    1.00867E-05
  1685    9.61976E-06
  1686    4.78920E-07
  1687    1.00000E-10
  1688    1.00000E-10
  1689    1.05831E-06
  1690    5.85336E-06
  1691    3.05546E-07
  1692    1.00000E-10
  1693    1.00000E-10
  1694    1.00000E-10
  1695    5.32947E-06
  1696    2.66599E-06
  1697    1.25761E-07
  1698    3.91214E-06
  1699    2.06209E-07
  1700    1.00000E-10
  1701    5.26655E-06
  1702    2.77567E-07
  1703    1.00000E-10
  1704    1.47099E-05
  1705    6.18544E-06
  1706    2.85148E-07
  1707    1.43673E-06
  1708    7.57899E-08
  1709    1.00000E-10
  1710    1.42326E-05
  1711    7.49947E-07
  1712    2.26588E-06
  1713    4.69065E-06
  1714    4.56601E-06
  1715    3.41468E-06
  1716    1.67994E-07
  1717    7.76513E-06
  1718    4.09206E-07
  1719    1.00000E-10
  1720    1.71344E-06
  1721    9.03686E-08
  1722    1.00000E-10
  1723    5.19667E-06
  1724    7.36161E-07
  1725    2.44553E-08
  1726    4.75156E-06
  1727    6.82216E-07
  1728    2.28487E-08
  1729    1.00000E-10
  1730    6.71028E-06
  1731    3.53631E-07
  1732    7.54402E-06
  1733    3.97557E-07
  1734    1.00000E-10
  1735    1.00000E-10
  1736    1.63728E-06
  1737    1.93530E-06
  1738    5.81793E-07
  1739    2.56146E-08
  1740    1.00000E-10
  1741    1.00000E-10
  1742    1.00000E-10
  1743    8.50879E-06
  1744    4.48386E-07
  1745    9.00377E-07
  1746    4.75317E-08
  1747    5.86828E-07
  1748    3.10121E-08
  1749    1.00000E-10
  1750    3.05757E-06
  1751    1.61185E-07
  1752    6.24674E-06
  1753    3.29208E-07
  1754    1.00000E-10
  1755    1.00000E-10
  1756    1.00000E-10
  1757    1.00000E-10
  1758    1.00000E-10
  1759    3.38751E-06
  1760    1.78568E-07
  1761    1.00000E-10
  1762    7.42464E-06
  1763    9.80358E-07
  1764    1.49860E-06
  1765    7.74145E-08
  1766    1.00000E-10
  1767    1.00000E-10
  1768    6.89984E-06
  1769    1.96984E-06
  1770    2.26754E-06
  1771    1.15103E-07
  1772    1.00000E-10
  1773    5.06338E-06
  1774    2.66862E-07
  1775    1.00000E-10
  1776    2.82021E-06
  1777    1.48679E-07
  1778    1.02686E-06
  1779    2.31819E-06
  1780    1.19380E-07
  1781    1.11440E-06
  1782    9.83621E-07
  1783    4.88245E-08
  1784    1.00000E-10
  1785    1.71941E-06
  1786    1.42658E-06
  1787    3.64545E-06
  1788    1.88450E-07
  1789    1.00000E-10
  1790    4.51628E-06
  1791    2.46441E-06
  1792    1.31810E-05
  1793    3.30620E-06
  1794    1.38023E-07
  1795    1.37498E-06
  1796    1.34829E-06
  1797    1.45809E-06
  1798    4.37250E-06
  1799    2.26602E-07
  1800    6.07438E-06
  1801    3.20128E-07
  1802    1.00000E-10
  1803    1.00000E-10
  1804    1.97113E-06
  1805    3.66146E-06
  1806    1.87530E-07
  1807    1.00000E-10
  1808    1.00000E-10
  1809    1.00000E-10
  1810    1.00000E-10
  1811    1.02486E-06
  1812    2.47089E-06
  1813    1.27431E-07
  1814    9.61845E-06
  1815    5.06850E-07
  1816    1.00331E-06
  1817    8.61217E-07
  1818    3.47692E-07
  1819    1.61696E-08
  1820    1.00000E-10
  1821    1.00000E-10
  1822    9.80127E-07
  1823    5.17334E-08
  1824    7.37684E-06
  1825    3.88749E-07
  1826    9.41512E-07
  1827    3.61446E-06
  1828    2.29749E-07
  1829    2.30419E-09
  1830    2.32452E-07
  1831    1.09296E-06
  1832    6.82028E-07
  1833    5.87802E-06
  1834    9.19154E-06
  1835    4.47301E-06
  1836    1.48213E-06
  1837    7.60289E-06
  1838    5.93250E-06
  1839    2.91735E-07
  1840    2.31757E-06
  1841    1.22198E-07
  1842    4.04968E-06
  1843    6.12075E-06
  1844    9.30294E-06
  1845    6.03091E-06
  1846    7.02080E-07
  1847    2.16591E-08
  1848    4.55246E-07
  1849    2.40797E-08
  1850    1.00000E-10
  1851    6.76661E-06
  1852    3.56598E-07
  1853    4.58054E-06
  1854    2.91052E-06
  1855    1.40723E-07
  1856    1.00000E-10
  1857    1.00000E-10
  1858    1.43080E-06
  1859    7.54776E-08
  1860    1.00000E-10
  1861    3.69126E-06
  1862    5.26830E-06
  1863    6.37321E-06
  1864    7.88746E-06
  1865    3.98702E-07
  1866    1.00000E-10
  1867    1.92034E-06
  1868    6.27678E-06
  1869    3.25461E-07
  1870    3.73855E-06
  1871    8.39074E-07
  1872    3.39248E-08
  1873    1.00000E-10
  1874    1.00000E-10
  1875    1.00000E-10
  1876    5.46541E-06
  1877    2.59904E-06
  1878    1.21856E-07
  1879    7.93684E-07
  1880    4.51294E-06
  1881    2.35659E-07
  1882    1.84357E-06
  1883    2.73934E-06
  1884    1.39302E-07
  1885    1.00000E-10
  1886    1.03342E-05
  1887    3.23395E-06
  1888    1.89497E-06
  1889    9.24676E-08
  1890    1.47982E-06
  1891    1.69797E-06
  1892    3.36939E-06
  1893    1.73117E-07
  1894    1.00000E-10
  1895    1.00000E-10
  1896    1.00000E-10
  1897    1.00000E-10
  1898    1.00000E-10
  1899    4.86442E-07
  1900    2.57232E-08
  1901    2.32561E-06
  1902    1.22621E-07
  1903    1.00000E-10
  1904    1.00000E-10
  1905    1.00000E-10
  1906    1.00000E-10
  1907    1.00000E-10
  1908    3.36603E-06
  1909    1.17138E-06
  1910    5.24666E-08
  1911    1.00000E-10
  1912    1.76862E-06
  1913    9.32760E-08
  1914    1.00000E-10
  1915    7.15603E-06
  1916    1.25212E-06
  1917    2.75249E-06
  1918    1.42683E-07
  1919    2.66384E-06
  1920    1.40441E-07
  1921    1.00000E-10
  1922    2.75488E-06
  1923    1.45238E-07
  1924    6.92497E-06
  1925    3.64942E-07
  1926    1.00000E-10
  1927    1.00000E-10
  1928    1.15296E-06
  1929    2.59824E-06
  1930    1.33785E-07
  1931    3.78674E-06
  1932    2.14190E-06
  1933    1.02431E-07
  1934    6.45068E-06
  1935    3.39953E-07
  1936    1.06754E-06
  1937    5.63389E-08
  1938    6.27157E-06
  1939    3.10436E-06
  1940    5.66187E-06
  1941    2.90695E-07
  1942    1.00000E-10
  1943    3.81232E-06
  1944    4.39517E-06
  1945    2.21075E-07
  1946    1.00000E-10
  1947    1.00000E-10
  1948    1.00000E-10
  1949    1.00000E-10
  1950    2.80121E-06
  1951    7.39622E-06
  1952    3.13217E-06
  1953    4.39233E-06
  1954    3.28560E-06
  1955    2.01841E-06
  1956    9.79375E-08
  1957    6.55982E-07
  1958    4.85514E-06
  1959    8.86973E-06
  1960    6.24600E-06
  1961    5.75047E-06
  1962    2.86985E-07
  1963    4.33583E-06
  1964    1.00291E-06
  1965    1.42082E-06
  1966    7.28020E-08
  1967    1.05071E-05
  1968    2.05721E-06
  1969    7.93149E-08
  1970    2.36855E-06
  1971    8.14686E-06
  1972    4.22743E-07
  1973    5.80363E-06
  1974    3.05863E-07
  1975    1.00000E-10
  1976    6.52748E-06
  1977    3.44000E-07
  1978    1.00000E-10
  1979    1.00000E-10
  1980    5.67019E-06
  1981    2.98833E-07
  1982    6.44310E-06
  1983    5.14457E-06
  1984    8.43712E-06
  1985    3.09777E-06
  1986    9.27589E-06
  1987    4.81399E-07
  1988    5.02072E-07
  1989    1.93945E-07
  1990    2.83344E-06
  1991    3.83599E-06
  1992    5.75509E-06
  1993    2.76535E-06
  1994    4.52132E-06
  1995    7.33353E-06
  1996    7.52597E-06
  1997    1.00433E-05
  1998    7.95828E-06
  1999    2.03885E-05
  2000    1.37158E-05
  2001    2.15925E-05
  2002    2.75636E-05
  2003    2.43392E-05
  2004    2.02560E-05
  2005    2.83570E-05
  2006    2.65611E-05
  2007    3.11388E-05
  2008    3.22520E-05
  2009    3.79272E-05
  2010    3.48089E-05
  2011    3.74497E-05
  2012    4.34121E-05
  2013    4.49172E-05
  2014    4.48084E-05
  2015    4.17710E-05
  2016    4.48955E-05
  2017    4.59692E-05
  2018    4.32559E-05
  2019    5.01264E-05
  2020    5.10706E-05
  2021    5.94829E-05
  2022    6.59369E-05
  2023    6.35499E-05
  2024    6.63208E-05
  2025    7.17645E-05
  2026    7.69973E-05
  2027    8.72665E-05
  2028    1.01600E-04
  2029    9.99401E-05
  2030    1.21484E-04
  2031    1.30236E-04
  2032    1.58878E-04
  2033    1.70770E-04
  2034    2.05382E-04
  2035    2.20227E-04
  2036    2.55656E-04
  2037    2.95871E-04
  2038    3.35111E-04
  2039    3.76661E-04
  2040    4.53576E-04
  2041    5.22638E-04
  2042    6.13293E-04
  2043    7.16487E-04
  2044    8.31218E-04
  2045    9.76047E-04
  2046    1.15218E-03
  2047    1.36672E-03
  2048    1.62054E-03
  2049    1.91739E-03
  2050    2.25692E-03
  2051    2.70141E-03
  2052    3.21866E-03
  2053    3.88283E-03
  2054    4.73020E-03
  2055    5.66544E-03
  2056    6.88790E-03
  2057    8.44400E-03
  2058    1.02853E-02
  2059    1.27978E-02
  2060    1.59305E-02
  2061    1.98161E-02
  2062    2.50674E-02
  2063    3.14995E-02
  2064    3.97412E-02
  2065    4.78021E-02
  2066    5.58701E-02
  2067    6.66942E-02
  2068    7.94206E-02
  2069    9.57761E-02
  2070    1.16188E-01
  2071    1.41956E-01
  2072    1.74384E-01
  2073    2.14821E-01
  2074    2.59108E-01
  2075    3.13206E-01
  2076    3.69936E-01
  2077    4.26314E-01
  2078    4.79056E-01
  2079    5.22367E-01
  2080    5.52641E-01
  2081    5.72769E-01
  2082    5.84373E-01
  2083    5.89719E-01
  2084    5.91095E-01
  2085    5.90042E-01
  2086    5.87927E-01
  2087    5.84982E-01
  2088    5.81590E-01
  2089    5.77285E-01
  2090    5.72119E-01
  2091    5.65348E-01
  2092    5.57602E-01
  2093    5.48970E-01
  2094    5.39733E-01
  2095    5.29735E-01
  2096    5.20595E-01
  2097    5.11299E-01
  2098    5.03088E-01
  2099    4.96464E-01
  2100    4.90683E-01
  2101    4.86405E-01
  2102    4.81366E-01
  2103    4.76047E-01
  2104    4.66682E-01
  2105    4.53084E-01
  2106    4.32767E-01
  2107    4.04445E-01
  2108    3.69200E-01
  2109    3.26623E-01
  2110    2.80829E-01
  2111    2.37300E-01
  2112    1.98756E-01
  2113    1.66964E-01
  2114    1.37569E-01
  2115    1.15220E-01
  2116    9.49320E-02
  2117    7.96390E-02
  2118    6.64052E-02
  2119    5.75027E-02
  2120    4.87347E-02
  2121    3.91702E-02
  2122    3.10659E-02
  2123    2.44922E-02
  2124    1.95058E-02
  2125    1.55619E-02
  2126    1.25475E-02
  2127    1.01516E-02
  2128    8.23292E-03
  2129    6.70021E-03
  2130    5.53185E-03
  2131    4.60937E-03
  2132    3.82217E-03
  2133    3.21039E-03
  2134    2.72546E-03
  2135    2.31514E-03
  2136    1.96461E-03
  2137    1.68722E-03
  2138    1.45927E-03
  2139    1.25761E-03
  2140    1.09676E-03
  2141    9.59025E-04
  2142    8.17883E-04
  2143    7.18191E-04
  2144    6.36209E-04
  2145    5.58269E-04
  2146    4.87441E-04
  2147    4.30177E-04
  2148    3.73532E-04
  2149    3.31762E-04
  2150    3.00042E-04
  2151    2.66242E-04
  2152    2.38037E-04
  2153    2.15151E-04
  2154    1.85663E-04
  2155    1.65889E-04
  2156    1.44800E-04
  2157    1.34789E-04
  2158    1.24771E-04
  2159    1.22433E-04
  2160    1.03289E-04
  2161    9.45040E-05
  2162    8.58421E-05
  2163    7.72864E-05
  2164    7.71762E-05
  2165    6.75020E-05
  2166    7.06048E-05
  2167    6.02283E-05
  2168    5.79757E-05
  2169    6.09943E-05
  2170    5.39362E-05
  2171    3.86279E-05
  2172    4.13663E-05
  2173    3.48599E-05
  2174    4.02672E-05
  2175    3.07445E-05
  2176    3.59955E-05
  2177    2.10735E-05
  2178    2.96682E-05
  2179    3.46919E-05
  2180    2.02670E-05
  2181    1.97106E-05
  2182    1.54405E-05
  2183    2.26062E-05
  2184    1.71254E-05
  2185    1.88682E-05
  2186    1.16051E-05
  2187    1.99522E-05
  2188    1.64787E-05
  2189    1.22994E-05
  2190    2.20959E-05
  2191    1.71454E-05
  2192    1.02683E-05
  2193    4.96640E-07
  2194    8.32960E-06
  2195    9.61152E-06
  2196    1.23128E-05
  2197    8.01508E-06
  2198    8.31901E-06
  2199    7.22280E-06
  2200    3.97475E-07
  2201    5.30683E-07
  2202    7.49929E-06
  2203    1.26148E-05
  2204    6.43973E-07
  2205    1.00000E-10
  2206    1.00000E-10
  2207    4.50521E-06
  2208    5.24215E-06
  2209    4.70380E-06
  2210    2.37348E-06
  2211    3.28794E-06
  2212    1.67384E-07
  2213    1.00000E-10
  2214    1.00000E-10
  2215    1.00000E-10
  2216    4.96871E-06
  2217    2.61874E-07
  2218    4.51761E-06
  2219    4.60377E-06
  2220    3.24880E-06
  2221    4.77791E-06
  2222    6.00058E-07
  2223    3.02340E-06
  2224    1.82012E-06
  2225    8.76489E-08
  2226    1.00000E-10
  2227    1.00000E-10
  2228    5.15132E-06
  2229    1.43802E-05
  2230    5.70595E-06
  2231    3.44110E-06
  2232    6.65681E-06
  2233    4.37223E-06
  2234    2.12436E-07
  2235    1.00000E-10
  2236    1.00000E-10
  2237    1.00000E-10
  2238    1.00000E-10
  2239    1.00000E-10
  2240    1.00000E-10
  2241    6.43535E-06
  2242    9.19316E-06
  2243    2.89348E-06
  2244    3.62488E-06
  2245    1.84337E-07
  2246    1.00000E-10
  2247    1.40412E-06
  2248    4.68495E-06
  2249    2.43027E-07
  2250    1.00000E-10
  2251    1.00000E-10
  2252    1.00000E-10
  2253    1.00000E-10
  2254    5.50890E-07
  2255    2.91187E-08
  2256    1.91793E-06
  2257    1.59764E-06
  2258    7.89439E-08
  2259    1.31421E-05
  2260    2.86831E-06
  2261    2.26201E-06
  2262    3.61599E-06
  2263    1.21480E-05
  2264    6.30395E-07
  2265    1.00000E-10
  2266    1.00000E-10
  2267    3.11082E-06
  2268    1.63991E-07
  2269    1.00000E-10
  2270    2.73753E-06
  2271    2.69263E-06
  2272    1.34359E-07
  2273    6.64024E-06
  2274    2.64401E-06
  2275    1.20964E-07
  2276    2.15400E-06
  2277    1.13580E-07
  2278    1.00000E-10
  2279    1.00000E-10
  2280    1.00000E-10
  2281    1.00000E-10
  2282    1.00000E-10
  2283    8.94908E-07
  2284    4.72436E-08
  2285    1.00000E-10
  2286    7.37519E-06
  2287    3.84139E-06
  2288    1.15998E-06
  2289    6.27118E-07
  2290    3.04202E-08
  2291    1.00000E-10
  2292    2.56394E-06
  2293    1.35178E-07
  2294    1.00000E-10
  2295    1.06061E-06
  2296    5.59736E-08
  2297    4.54945E-06
  2298    2.39786E-07
  2299    1.00000E-10
  2300    2.09305E-06
  2301    4.45787E-06
  2302    9.06340E-06
  2303    6.82018E-07
  2304    7.89921E-06
  2305    4.15669E-07
  2306    1.38501E-06
  2307    1.31150E-06
  2308    3.21597E-06
  2309    2.51299E-06
  2310    4.22120E-06
  2311    2.15977E-07
  2312    4.40140E-06
  2313    6.76909E-06
  2314    7.79407E-07
  2315    4.94579E-06
  2316    2.59460E-07
  2317    4.53744E-06
  2318    6.03171E-07
  2319    1.12534E-06
  2320    5.83734E-08
  2321    1.00000E-10
  2322    1.00000E-10
  2323    1.00000E-10
  2324    4.61556E-06
  2325    1.04296E-05
  2326    3.84521E-06
  2327    2.16385E-06
  2328    1.04915E-07
  2329    6.40754E-06
  2330    6.27605E-06
  2331    3.12967E-07
  2332    7.60269E-06
  2333    4.00648E-07
  2334    1.00000E-10
  2335    1.11249E-06
  2336    1.07660E-06
  2337    2.86604E-06
  2338    1.48269E-07
  2339    2.42523E-06
  2340    1.27870E-07
  2341    1.00000E-10
  2342    8.26515E-06
  2343    4.35550E-07
  2344    5.15292E-06
  2345    9.70336E-06
  2346    4.97020E-07
  2347    1.00000E-10
  2348    1.56137E-06
  2349    8.31735E-07
  2350    3.12705E-06
  2351    1.62765E-07
  2352    5.35035E-06
  2353    1.08066E-05
  2354    5.54596E-07
  2355    4.88444E-06
  2356    2.57435E-07
  2357    1.00000E-10
  2358    7.15768E-06
  2359    4.41589E-06
  2360    2.12881E-07
  2361    1.21045E-06
  2362    6.38682E-08
  2363    1.00000E-10
  2364    3.75573E-06
  2365    1.97968E-07
  2366    1.00000E-10
  2367    1.00000E-10
  2368    1.19877E-06
  2369    6.32526E-08
  2370    1.00000E-10
  2371    1.51245E-06
  2372    3.33087E-06
  2373    2.46689E-06
  2374    1.68571E-06
  2375    4.27770E-06
  2376    5.99360E-06
  2377    5.68075E-06
  2378    2.83366E-07
  2379    1.00000E-10
  2380    1.00000E-10
  2381    7.04939E-06
  2382    5.33736E-06
  2383    7.07256E-06
  2384    5.31020E-06
  2385    2.60961E-07
  2386    1.00000E-10
  2387    1.00000E-10
  2388    1.00000E-10
  2389    1.00000E-10
  2390    1.00000E-10
  2391    3.58706E-06
  2392    4.11288E-06
  2393    2.06828E-07
  2394    1.00000E-10
  2395    1.41875E-07
  2396    7.56954E-09
  2397    1.00000E-10
  2398    4.28487E-06
  2399    2.25846E-07
  2400    2.05640E-06
  2401    1.08438E-07
  2402    1.00000E-10
  2403    4.48852E-06
  2404    5.14571E-06
  2405    2.58741E-07
  2406    1.05769E-06
  2407    5.58199E-08
  2408    1.00000E-10
  2409    1.00000E-10
  2410    1.34793E-06
  2411    7.11113E-08
  2412    1.00000E-10
  2413    1.00000E-10
  2414    1.90031E-06
  2415    8.66986E-07
  2416    9.35503E-06
  2417    6.53116E-06
  2418    3.18339E-07
  2419    5.26116E-07
  2420    1.20263E-06
  2421    9.81798E-07
  2422    4.85605E-08
  2423    1.00000E-10
  2424    1.00000E-10
  2425    1.00000E-10
  2426    1.00000E-10
  2427    1.00000E-10
  2428    1.04526E-05
  2429    5.72265E-07
  2430    8.28627E-06
  2431    4.42052E-06
  2432    2.09996E-07
  2433    7.32695E-06
  2434    2.05260E-06
  2435    8.78997E-08
  2436    1.00000E-10
  2437    1.00000E-10
  2438    9.84739E-06
  2439    5.18911E-07
  2440    9.91788E-06
  2441    5.22625E-07
  2442    2.59198E-06
  2443    6.65395E-06
  2444    5.28207E-07
  2445    5.15796E-06
  2446    2.71333E-07
  2447    1.00000E-10
  2448    6.80449E-06
  2449    3.58594E-07
  2450    3.58832E-06
  2451    1.89148E-07
  2452    1.00000E-10
  2453    8.55214E-06
  2454    6.68644E-06
  2455    3.28636E-07
  2456    6.44856E-06
  2457    5.87246E-06
  2458    2.91590E-07
  2459    3.22716E-06
  2460    1.70120E-07
  2461    1.00000E-10
  2462    8.00561E-06
  2463    1.10954E-06
  2464    3.63301E-08
  2465    9.33976E-06
  2466    4.92167E-07
  2467    1.00000E-10
  2468    1.00000E-10
  2469    1.00000E-10
  2470    6.17092E-06
  2471    3.76562E-06
  2472    1.81360E-07
  2473    1.00937E-05
  2474    5.31889E-07
  2475    1.00000E-10
  2476    3.10696E-06
  2477    3.90037E-06
  2478    1.03575E-05
  2479    5.35412E-07
  2480    1.00000E-10
  2481    7.07052E-07
  2482    3.73462E-08
  2483    1.00000E-10
  2484    1.00000E-10
  2485    1.00000E-10
  2486    1.00000E-10
  2487    1.00000E-10
  2488    1.00000E-10
  2489    1.00000E-10
  2490    1.00000E-10
  2491    5.38860E-07
  2492    2.84849E-08
  2493    1.00000E-10
  2494    3.68186E-07
  2495    1.94929E-08
  2496    1.00000E-10
  2497    3.70976E-06
  2498    2.87361E-06
  2499    1.41196E-07
  2500    1.00000E-10
  2501    1.00000E-10
  2502    5.63209E-06
  2503    6.66830E-07
  2504    1.74886E-06
  2505    2.98181E-06
  2506    2.16907E-06
  2507    1.06350E-07
  2508    6.01430E-06
  2509    4.10170E-07
  2510    5.01072E-09
  2511    5.45013E-06
  2512    2.87239E-07
  2513    4.17585E-06
  2514    2.20102E-07
  2515    2.36261E-06
  2516    1.13762E-06
  2517    5.34731E-08
  2518    4.34447E-06
  2519    2.28986E-07
  2520    2.86182E-06
  2521    4.27756E-06
  2522    2.17517E-07
  2523    2.45335E-06
  2524    4.15102E-06
  2525    2.11984E-07
  2526    1.00000E-10
  2527    5.33390E-06
  2528    8.89416E-06
  2529    2.06711E-06
  2530    8.50939E-08
  2531    5.62403E-06
  2532    2.96401E-07
  2533    4.17775E-07
  2534    7.69736E-06
  2535    4.03606E-06
  2536    1.91433E-07
  2537    3.68301E-06
  2538    1.94137E-07
  2539    1.00000E-10
  2540    1.00000E-10
  2541    6.74071E-06
  2542    6.15841E-06
  2543    1.61729E-05
  2544    8.36066E-07
  2545    4.59745E-06
  2546    2.42314E-07
  2547    1.04627E-05
  2548    9.06165E-06
  2549    6.34437E-07
  2550    9.89766E-09
  2551    2.53322E-06
  2552    1.07365E-05
  2553    6.88063E-06
  2554    3.33174E-07
  2555    1.46400E-05
  2556    3.30455E-06
  2557    1.42936E-07
  2558    2.93674E-06
  2559    1.54793E-07
  2560    1.00000E-10
  2561    1.00000E-10
  2562    5.15048E-06
  2563    2.71451E-07
  2564    1.00000E-10
  2565    4.31870E-06
  2566    6.24393E-06
  2567    3.17073E-07
  2568    4.26043E-06
  2569    2.24558E-07
  2570    3.97723E-06
  2571    1.02198E-05
  2572    3.12320E-05
  2573    6.18414E-06
  2574    2.30032E-05
  2575    1.56598E-05
  2576    1.54713E-05
  2577    9.64241E-06
  2578    1.61993E-05
  2579    4.12808E-06
  2580    1.73917E-07
  2581    1.71469E-05
  2582    9.03492E-07
  2583    1.97903E-05
  2584    2.19240E-05
  2585    8.14612E-06
  2586    3.13946E-05
  2587    7.86943E-06
  2588    2.84484E-06
  2589    2.39613E-06
  2590    1.19352E-07
  2591    1.16968E-05
  2592    6.16351E-07
  2593    9.11383E-06
  2594    4.80263E-07
  2595    1.00000E-10
  2596    1.00000E-10
  2597    2.12812E-05
  2598    6.15156E-06
  2599    3.92276E-05
  2600    1.41673E-05
  2601    9.23759E-06
  2602    3.02837E-05
  2603    1.06350E-05
  2604    6.27307E-06
  2605    2.18869E-05
  2606    2.89283E-05
  2607    1.40262E-05
  2608    6.61931E-07
  2609    1.00000E-10
  2610    2.10163E-06
  2611    2.58938E-06
  2612    8.28215E-06
  2613    2.90848E-05
  2614    4.23686E-06
  2615    1.43776E-07
  2616    1.45634E-06
  2617    3.15026E-05
  2618    1.65579E-06
  2619    1.00000E-10
  2620    1.23728E-05
  2621    1.14002E-05
  2622    1.43106E-05
  2623    7.24222E-07
  2624    1.08018E-05
  2625    2.07991E-05
  2626    1.06592E-06
  2627    1.01651E-05
  2628    2.06049E-06
  2629    8.04374E-08
  2630    1.14060E-05
  2631    1.06642E-05
  2632    5.30287E-07
  2633    2.81537E-05
  2634    8.89759E-06
  2635    9.62715E-06
  2636    6.02020E-06
  2637    1.34962E-05
  2638    6.95793E-07
  2639    1.10310E-08
  2640    6.75906E-10
  2641    1.00000E-10
  2642    1.07581E-05
  2643    5.66893E-07
  2644    9.51576E-06
  2645    4.63091E-06
  2646    1.41610E-05
  2647    1.13875E-05
  2648    1.28262E-05
  2649    6.46281E-07
  2650    5.14519E-06
  2651    7.45463E-06
  2652    3.78470E-07
  2653    0.00000E+00
  2654    0.00000E+00
  2655    0.00000E+00
  2656    0.00000E+00
  2657    0.00000E+00
  2658    0.00000E+00
  2659    0.00000E+00
  2660    0.00000E+00
  2661    0.00000E+00
  2662    0.00000E+00
  2663    0.00000E+00
  2664    0.00000E+00
  2665    0.00000E+00
  2666    0.00000E+00
  2667    0.00000E+00
  2668    0.00000E+00
  2669    0.00000E+00
  2670    0.00000E+00
  2671    0.00000E+00
  2672    0.00000E+00
  2673    0.00000E+00
  2674    0.00000E+00
  2675    0.00000E+00
  2676    0.00000E+00
  2677    0.00000E+00
  2678    0.00000E+00
  2679    0.00000E+00
  2680    0.00000E+00
  2681    0.00000E+00
  2682    0.00000E+00
  2683    0.00000E+00
  2684    0.00000E+00
  2685    0.00000E+00
  2686    0.00000E+00
  2687    0.00000E+00
  2688    0.00000E+00
  2689    0.00000E+00
  2690    0.00000E+00
  2691    0.00000E+00
  2692    0.00000E+00
  2693    0.00000E+00
  2694    0.00000E+00
  2695    0.00000E+00
  2696    0.00000E+00
  2697    0.00000E+00
  2698    0.00000E+00
  2699    0.00000E+00
  2700    0.00000E+00
