   400    0.00000E+00
   401    0.00000E+00
   402    0.00000E+00
   403    0.00000E+00
   404    0.00000E+00
   405    0.00000E+00
   406    0.00000E+00
   407    0.00000E+00
   408    0.00000E+00
   409    0.00000E+00
   410    0.00000E+00
   411    0.00000E+00
   412    0.00000E+00
   413    0.00000E+00
   414    0.00000E+00
   415    0.00000E+00
   416    0.00000E+00
   417    0.00000E+00
   418    0.00000E+00
   419    0.00000E+00
   420    0.00000E+00
   421    0.00000E+00
   422    0.00000E+00
   423    0.00000E+00
   424    0.00000E+00
   425    0.00000E+00
   426    0.00000E+00
   427    0.00000E+00
   428    0.00000E+00
   429    0.00000E+00
   430    0.00000E+00
   431    0.00000E+00
   432    0.00000E+00
   433    0.00000E+00
   434    0.00000E+00
   435    0.00000E+00
   436    0.00000E+00
   437    0.00000E+00
   438    0.00000E+00
   439    0.00000E+00
   440    0.00000E+00
   441    0.00000E+00
   442    0.00000E+00
   443    0.00000E+00
   444    0.00000E+00
   445    0.00000E+00
   446    0.00000E+00
   447    0.00000E+00
   448    0.00000E+00
   449    0.00000E+00
   450    0.00000E+00
   451    0.00000E+00
   452    0.00000E+00
   453    0.00000E+00
   454    0.00000E+00
   455    0.00000E+00
   456    0.00000E+00
   457    0.00000E+00
   458    0.00000E+00
   459    0.00000E+00
   460    0.00000E+00
   461    0.00000E+00
   462    0.00000E+00
   463    0.00000E+00
   464    0.00000E+00
   465    0.00000E+00
   466    0.00000E+00
   467    0.00000E+00
   468    0.00000E+00
   469    0.00000E+00
   470    0.00000E+00
   471    0.00000E+00
   472    0.00000E+00
   473    0.00000E+00
   474    0.00000E+00
   475    0.00000E+00
   476    0.00000E+00
   477    0.00000E+00
   478    0.00000E+00
   479    0.00000E+00
   480    0.00000E+00
   481    0.00000E+00
   482    0.00000E+00
   483    0.00000E+00
   484    0.00000E+00
   485    0.00000E+00
   486    0.00000E+00
   487    0.00000E+00
   488    0.00000E+00
   489    0.00000E+00
   490    0.00000E+00
   491    0.00000E+00
   492    0.00000E+00
   493    0.00000E+00
   494    0.00000E+00
   495    0.00000E+00
   496    0.00000E+00
   497    0.00000E+00
   498    0.00000E+00
   499    0.00000E+00
   500    0.00000E+00
   501    0.00000E+00
   502    0.00000E+00
   503    0.00000E+00
   504    0.00000E+00
   505    0.00000E+00
   506    0.00000E+00
   507    0.00000E+00
   508    0.00000E+00
   509    0.00000E+00
   510    0.00000E+00
   511    0.00000E+00
   512    0.00000E+00
   513    0.00000E+00
   514    0.00000E+00
   515    0.00000E+00
   516    0.00000E+00
   517    0.00000E+00
   518    0.00000E+00
   519    0.00000E+00
   520    0.00000E+00
   521    0.00000E+00
   522    0.00000E+00
   523    0.00000E+00
   524    0.00000E+00
   525    0.00000E+00
   526    0.00000E+00
   527    0.00000E+00
   528    0.00000E+00
   529    0.00000E+00
   530    0.00000E+00
   531    0.00000E+00
   532    0.00000E+00
   533    0.00000E+00
   534    0.00000E+00
   535    0.00000E+00
   536    0.00000E+00
   537    0.00000E+00
   538    0.00000E+00
   539    0.00000E+00
   540    0.00000E+00
   541    0.00000E+00
   542    0.00000E+00
   543    0.00000E+00
   544    0.00000E+00
   545    0.00000E+00
   546    0.00000E+00
   547    0.00000E+00
   548    0.00000E+00
   549    0.00000E+00
   550    0.00000E+00
   551    0.00000E+00
   552    0.00000E+00
   553    0.00000E+00
   554    0.00000E+00
   555    0.00000E+00
   556    0.00000E+00
   557    0.00000E+00
   558    0.00000E+00
   559    0.00000E+00
   560    0.00000E+00
   561    0.00000E+00
   562    0.00000E+00
   563    0.00000E+00
   564    0.00000E+00
   565    0.00000E+00
   566    0.00000E+00
   567    0.00000E+00
   568    0.00000E+00
   569    0.00000E+00
   570    0.00000E+00
   571    0.00000E+00
   572    0.00000E+00
   573    0.00000E+00
   574    0.00000E+00
   575    0.00000E+00
   576    0.00000E+00
   577    0.00000E+00
   578    0.00000E+00
   579    0.00000E+00
   580    0.00000E+00
   581    0.00000E+00
   582    0.00000E+00
   583    0.00000E+00
   584    0.00000E+00
   585    0.00000E+00
   586    0.00000E+00
   587    0.00000E+00
   588    0.00000E+00
   589    0.00000E+00
   590    0.00000E+00
   591    0.00000E+00
   592    0.00000E+00
   593    0.00000E+00
   594    0.00000E+00
   595    0.00000E+00
   596    0.00000E+00
   597    0.00000E+00
   598    0.00000E+00
   599    0.00000E+00
   600    0.00000E+00
   601    0.00000E+00
   602    0.00000E+00
   603    0.00000E+00
   604    0.00000E+00
   605    0.00000E+00
   606    0.00000E+00
   607    0.00000E+00
   608    0.00000E+00
   609    0.00000E+00
   610    0.00000E+00
   611    0.00000E+00
   612    0.00000E+00
   613    0.00000E+00
   614    0.00000E+00
   615    0.00000E+00
   616    0.00000E+00
   617    0.00000E+00
   618    0.00000E+00
   619    0.00000E+00
   620    0.00000E+00
   621    0.00000E+00
   622    0.00000E+00
   623    0.00000E+00
   624    0.00000E+00
   625    0.00000E+00
   626    0.00000E+00
   627    0.00000E+00
   628    0.00000E+00
   629    0.00000E+00
   630    0.00000E+00
   631    0.00000E+00
   632    0.00000E+00
   633    0.00000E+00
   634    0.00000E+00
   635    0.00000E+00
   636    0.00000E+00
   637    0.00000E+00
   638    0.00000E+00
   639    0.00000E+00
   640    0.00000E+00
   641    0.00000E+00
   642    0.00000E+00
   643    0.00000E+00
   644    0.00000E+00
   645    0.00000E+00
   646    0.00000E+00
   647    0.00000E+00
   648    0.00000E+00
   649    0.00000E+00
   650    0.00000E+00
   651    0.00000E+00
   652    0.00000E+00
   653    0.00000E+00
   654    0.00000E+00
   655    0.00000E+00
   656    0.00000E+00
   657    0.00000E+00
   658    0.00000E+00
   659    0.00000E+00
   660    0.00000E+00
   661    0.00000E+00
   662    0.00000E+00
   663    0.00000E+00
   664    0.00000E+00
   665    0.00000E+00
   666    0.00000E+00
   667    0.00000E+00
   668    0.00000E+00
   669    0.00000E+00
   670    0.00000E+00
   671    0.00000E+00
   672    0.00000E+00
   673    0.00000E+00
   674    0.00000E+00
   675    0.00000E+00
   676    0.00000E+00
   677    0.00000E+00
   678    0.00000E+00
   679    0.00000E+00
   680    0.00000E+00
   681    0.00000E+00
   682    0.00000E+00
   683    0.00000E+00
   684    0.00000E+00
   685    0.00000E+00
   686    0.00000E+00
   687    0.00000E+00
   688    0.00000E+00
   689    0.00000E+00
   690    0.00000E+00
   691    0.00000E+00
   692    0.00000E+00
   693    0.00000E+00
   694    0.00000E+00
   695    0.00000E+00
   696    0.00000E+00
   697    0.00000E+00
   698    0.00000E+00
   699    0.00000E+00
   700    0.00000E+00
   701    0.00000E+00
   702    0.00000E+00
   703    0.00000E+00
   704    0.00000E+00
   705    0.00000E+00
   706    0.00000E+00
   707    0.00000E+00
   708    0.00000E+00
   709    0.00000E+00
   710    0.00000E+00
   711    0.00000E+00
   712    0.00000E+00
   713    0.00000E+00
   714    0.00000E+00
   715    0.00000E+00
   716    0.00000E+00
   717    0.00000E+00
   718    0.00000E+00
   719    0.00000E+00
   720    0.00000E+00
   721    0.00000E+00
   722    0.00000E+00
   723    0.00000E+00
   724    0.00000E+00
   725    0.00000E+00
   726    0.00000E+00
   727    0.00000E+00
   728    0.00000E+00
   729    0.00000E+00
   730    0.00000E+00
   731    0.00000E+00
   732    0.00000E+00
   733    0.00000E+00
   734    0.00000E+00
   735    0.00000E+00
   736    0.00000E+00
   737    0.00000E+00
   738    0.00000E+00
   739    0.00000E+00
   740    0.00000E+00
   741    0.00000E+00
   742    0.00000E+00
   743    0.00000E+00
   744    0.00000E+00
   745    0.00000E+00
   746    0.00000E+00
   747    0.00000E+00
   748    0.00000E+00
   749    0.00000E+00
   750    0.00000E+00
   751    0.00000E+00
   752    0.00000E+00
   753    0.00000E+00
   754    0.00000E+00
   755    0.00000E+00
   756    0.00000E+00
   757    0.00000E+00
   758    0.00000E+00
   759    0.00000E+00
   760    0.00000E+00
   761    0.00000E+00
   762    0.00000E+00
   763    0.00000E+00
   764    0.00000E+00
   765    0.00000E+00
   766    0.00000E+00
   767    0.00000E+00
   768    0.00000E+00
   769    0.00000E+00
   770    0.00000E+00
   771    0.00000E+00
   772    0.00000E+00
   773    0.00000E+00
   774    0.00000E+00
   775    0.00000E+00
   776    0.00000E+00
   777    0.00000E+00
   778    0.00000E+00
   779    0.00000E+00
   780    0.00000E+00
   781    0.00000E+00
   782    0.00000E+00
   783    0.00000E+00
   784    0.00000E+00
   785    0.00000E+00
   786    0.00000E+00
   787    0.00000E+00
   788    0.00000E+00
   789    0.00000E+00
   790    0.00000E+00
   791    0.00000E+00
   792    0.00000E+00
   793    0.00000E+00
   794    0.00000E+00
   795    0.00000E+00
   796    0.00000E+00
   797    0.00000E+00
   798    0.00000E+00
   799    0.00000E+00
   800    0.00000E+00
   801    0.00000E+00
   802    1.49729E-10
   803    1.53284E-10
   804    1.51006E-10
   805    2.23454E-10
   806    1.49956E-10
   807    1.50589E-10
   808    2.44878E-10
   809    1.46645E-10
   810    1.59903E-10
   811    1.53491E-10
   812   -4.08149E-11
   813    1.82505E-10
   814    2.13831E-10
   815    1.70880E-10
   816    1.72516E-10
   817    2.32146E-10
   818    1.59703E-10
   819    1.94354E-10
   820    2.52328E-10
   821    1.69536E-10
   822    1.92095E-10
   823    2.32357E-10
   824    1.60823E-10
   825    1.99957E-10
   826    1.98702E-10
   827    2.00373E-10
   828    1.97460E-10
   829    2.02114E-10
   830    2.20658E-10
   831    1.78021E-10
   832    2.20971E-10
   833    2.52850E-10
   834    1.82990E-10
   835    1.89301E-10
   836    2.57817E-10
   837    1.81335E-10
   838    2.44982E-10
   839    2.87108E-10
   840    2.19940E-10
   841    2.10726E-10
   842    2.53574E-10
   843    2.55749E-10
   844    2.54817E-10
   845    2.49539E-10
   846    2.89074E-10
   847    2.18801E-10
   848    2.40326E-10
   849    3.11637E-10
   850    2.19319E-10
   851    2.48502E-10
   852    3.25506E-10
   853    1.98603E-10
   854    2.53259E-10
   855    2.72515E-10
   856    2.47055E-10
   857    2.51194E-10
   858    2.45709E-10
   859    2.44467E-10
   860    2.09260E-10
   861    2.13621E-10
   862    1.04771E-09
   863    1.22803E-09
   864    1.42569E-09
   865    1.51234E-09
   866    1.20144E-09
   867    1.32262E-09
   868    1.39446E-09
   869    1.65494E-09
   870    1.33019E-09
   871    1.08200E-09
   872    1.54059E-09
   873    1.48470E-09
   874    1.64076E-09
   875    1.88214E-09
   876    1.58303E-09
   877    1.74894E-09
   878    1.68488E-09
   879    1.36218E-09
   880    1.44743E-09
   881    1.49309E-09
   882    1.55135E-09
   883    1.75453E-09
   884    1.29780E-09
   885    1.39766E-09
   886    1.50272E-09
   887    1.15300E-09
   888    1.35471E-09
   889    1.40864E-09
   890    1.01752E-09
   891    1.38109E-09
   892    1.53667E-09
   893    1.38172E-09
   894    1.58944E-09
   895    1.81435E-09
   896    1.50178E-09
   897    1.57465E-09
   898    1.50500E-09
   899    1.49910E-09
   900    1.42003E-09
   901    1.46908E-09
   902    1.33247E-09
   903    1.37324E-09
   904    1.87417E-09
   905    1.70712E-09
   906    1.49877E-09
   907    1.68808E-09
   908    1.37118E-09
   909    1.65858E-09
   910    1.63241E-09
   911    1.63623E-09
   912    1.64669E-09
   913    1.55644E-09
   914    1.41185E-09
   915    1.59680E-09
   916    1.19182E-09
   917    1.64170E-09
   918    1.49381E-09
   919    1.31404E-09
   920    1.55726E-09
   921    1.44611E-09
   922    1.61698E-09
   923    1.72597E-09
   924    1.53140E-09
   925    1.64605E-09
   926    1.49682E-09
   927    1.61532E-09
   928    1.54671E-09
   929    1.44373E-09
   930    1.30711E-09
   931    1.47042E-09
   932    1.41506E-09
   933    1.79013E-09
   934    1.76934E-09
   935    1.70070E-09
   936    1.84623E-09
   937    1.45129E-09
   938    1.31166E-09
   939    1.72244E-09
   940    1.52601E-09
   941    1.74387E-09
   942    1.38431E-09
   943    1.27036E-09
   944    1.61656E-09
   945    1.47839E-09
   946    1.43948E-09
   947    1.45997E-09
   948    1.35812E-09
   949    1.82335E-09
   950    1.58501E-09
   951    1.34841E-09
   952    1.46276E-09
   953    1.41112E-09
   954    1.64202E-09
   955    1.31395E-09
   956    1.34871E-09
   957    1.40688E-09
   958    1.40698E-09
   959    1.69605E-09
   960    1.54143E-09
   961    1.63706E-09
   962    1.85213E-09
   963    1.53057E-09
   964    1.39394E-09
   965    1.61843E-09
   966    1.53367E-09
   967    1.19109E-09
   968    1.64657E-09
   969    1.62434E-09
   970    1.58509E-09
   971    1.60456E-09
   972    1.40098E-09
   973    1.39425E-09
   974    1.31508E-09
   975    1.59048E-09
   976    1.49567E-09
   977    1.29396E-09
   978    1.74324E-09
   979    1.50778E-09
   980    1.29996E-09
   981    1.39642E-09
   982    1.50261E-09
   983    1.68643E-09
   984    1.67577E-09
   985    1.46629E-09
   986    1.63642E-09
   987    1.58479E-09
   988    1.61150E-09
   989    1.69637E-09
   990    1.42148E-09
   991    1.32304E-09
   992    1.47125E-09
   993    1.18747E-09
   994    1.56532E-09
   995    1.34965E-09
   996    1.65351E-09
   997    1.61947E-09
   998    1.44052E-09
   999    1.54567E-09
  1000    1.64139E-09
  1001    1.74563E-09
  1002    1.73187E-09
  1003    1.57176E-09
  1004    2.19981E-08
  1005   -1.35974E-08
  1006   -1.33972E-08
  1007    9.20929E-09
  1008   -4.09319E-10
  1009    3.90449E-09
  1010    6.52223E-09
  1011   -2.94263E-09
  1012   -6.23986E-09
  1013   -8.29825E-09
  1014   -1.29961E-08
  1015    1.15074E-08
  1016   -1.53164E-08
  1017    5.60995E-09
  1018    1.79544E-08
  1019   -3.67939E-09
  1020   -3.51236E-09
  1021   -7.07162E-09
  1022    2.32970E-09
  1023    1.57980E-08
  1024    7.50105E-09
  1025    6.99323E-09
  1026   -1.51743E-08
  1027   -6.60886E-09
  1028    9.15205E-09
  1029   -7.74655E-09
  1030    4.49815E-09
  1031    7.20039E-09
  1032    2.22464E-09
  1033    1.34353E-10
  1034   -4.51470E-09
  1035   -5.93317E-10
  1036    8.63374E-09
  1037    6.30504E-09
  1038    1.47841E-08
  1039    1.79388E-08
  1040    1.56089E-08
  1041    2.91579E-09
  1042    2.53147E-08
  1043    2.67592E-08
  1044    4.09204E-08
  1045    5.82033E-08
  1046    4.23790E-08
  1047    7.40837E-08
  1048    1.06998E-07
  1049    1.28843E-07
  1050    9.07845E-08
  1051    1.15766E-07
  1052    1.50672E-07
  1053    2.23887E-07
  1054    1.37945E-07
  1055    2.46276E-07
  1056    2.55509E-07
  1057    2.04811E-07
  1058    3.40753E-07
  1059    3.89170E-07
  1060    3.30888E-07
  1061    4.20922E-07
  1062    4.63273E-07
  1063    5.25418E-07
  1064    3.37221E-07
  1065    4.41530E-07
  1066    6.44999E-07
  1067    5.05897E-07
  1068    4.83350E-07
  1069    4.05182E-07
  1070    3.45291E-07
  1071    4.27192E-07
  1072    3.30171E-07
  1073    5.18789E-07
  1074    6.30606E-07
  1075    6.20596E-07
  1076    5.96229E-07
  1077    4.04427E-07
  1078    3.07989E-07
  1079    6.76618E-07
  1080    5.43975E-07
  1081    6.32607E-07
  1082    4.87000E-07
  1083    3.08355E-07
  1084    6.65859E-07
  1085    5.02486E-07
  1086    3.66895E-07
  1087    6.11185E-07
  1088    4.31338E-07
  1089    5.00658E-07
  1090    5.90889E-07
  1091    5.02679E-07
  1092    5.66345E-07
  1093    4.31821E-07
  1094    4.83026E-07
  1095    3.91719E-07
  1096    4.64572E-07
  1097    6.77461E-07
  1098    6.01568E-07
  1099    3.93654E-07
  1100    3.52055E-07
  1101    4.04333E-07
  1102    4.90888E-07
  1103    4.82046E-07
  1104    4.79953E-07
  1105    5.61922E-07
  1106    4.52916E-07
  1107    3.81529E-07
  1108    3.61097E-07
  1109    3.76459E-07
  1110    3.92206E-07
  1111    4.36921E-07
  1112    4.23309E-07
  1113    5.51499E-07
  1114    4.49193E-07
  1115    3.83713E-07
  1116    3.39550E-07
  1117    2.53201E-07
  1118    2.72358E-07
  1119    4.89760E-07
  1120    5.28540E-07
  1121    6.16352E-07
  1122    5.03768E-07
  1123    4.40937E-07
  1124    4.61375E-07
  1125    3.38507E-07
  1126    3.51874E-07
  1127    2.82286E-07
  1128    3.92962E-07
  1129    4.93724E-07
  1130    5.11211E-07
  1131    4.51542E-07
  1132    4.83740E-07
  1133    4.74775E-07
  1134    5.21695E-07
  1135    5.30335E-07
  1136    3.76759E-07
  1137    4.27733E-07
  1138    3.65508E-07
  1139    4.13575E-07
  1140    4.77295E-07
  1141    4.81021E-07
  1142    6.13223E-07
  1143    5.90425E-07
  1144    5.56894E-07
  1145    6.21689E-07
  1146    6.17891E-07
  1147    6.79397E-07
  1148    8.45796E-07
  1149    9.50195E-07
  1150    1.08675E-06
  1151    1.18627E-06
  1152    1.26223E-06
  1153    1.39178E-06
  1154    1.46216E-06
  1155    1.58333E-06
  1156    1.73841E-06
  1157    1.84304E-06
  1158    1.91520E-06
  1159    1.91508E-06
  1160    1.98210E-06
  1161    2.19841E-06
  1162    2.25673E-06
  1163    2.37306E-06
  1164    2.50360E-06
  1165    2.60695E-06
  1166    2.62586E-06
  1167    2.73515E-06
  1168    2.92726E-06
  1169    3.04702E-06
  1170    2.99525E-06
  1171    3.28307E-06
  1172    3.32138E-06
  1173    3.02761E-06
  1174    3.00991E-06
  1175    3.18121E-06
  1176    3.13141E-06
  1177    3.34321E-06
  1178    3.51190E-06
  1179    3.47966E-06
  1180    3.52857E-06
  1181    3.76737E-06
  1182    4.15180E-06
  1183    4.24673E-06
  1184    4.76800E-06
  1185    5.01117E-06
  1186    5.13400E-06
  1187    6.07925E-06
  1188    6.85467E-06
  1189    7.00004E-06
  1190    7.17350E-06
  1191    7.51640E-06
  1192    7.94687E-06
  1193    8.25134E-06
  1194    8.52573E-06
  1195    9.66130E-06
  1196    9.67228E-06
  1197    9.17102E-06
  1198    1.02124E-05
  1199    9.65145E-06
  1200    9.98030E-06
  1201    1.10383E-05
  1202    1.13199E-05
  1203    1.17931E-05
  1204    1.16377E-05
  1205    1.22849E-05
  1206    1.38783E-05
  1207    1.42143E-05
  1208    1.42528E-05
  1209    1.29831E-05
  1210    1.24276E-05
  1211    1.13477E-05
  1212    1.05663E-05
  1213    8.77359E-06
  1214    6.76509E-06
  1215    6.02901E-06
  1216    5.29258E-06
  1217    4.64245E-06
  1218    4.39877E-06
  1219    3.64230E-06
  1220    3.22600E-06
  1221    3.25831E-06
  1222    3.26384E-06
  1223    2.93153E-06
  1224    2.88466E-06
  1225    2.74377E-06
  1226    2.81284E-06
  1227    2.82095E-06
  1228    3.27764E-06
  1229    3.38622E-06
  1230    3.70294E-06
  1231    4.01819E-06
  1232    4.76508E-06
  1233    4.87528E-06
  1234    6.00201E-06
  1235    6.88399E-06
  1236    7.54310E-06
  1237    8.38622E-06
  1238    1.03093E-05
  1239    9.71786E-06
  1240    1.06488E-05
  1241    1.03340E-05
  1242    9.18733E-06
  1243    8.74561E-06
  1244    1.04897E-05
  1245    9.84818E-06
  1246    1.02151E-05
  1247    1.13423E-05
  1248    1.21981E-05
  1249    1.31601E-05
  1250    1.61608E-05
  1251    1.85061E-05
  1252    1.96665E-05
  1253    1.93482E-05
  1254    1.88141E-05
  1255    1.57005E-05
  1256    1.31064E-05
  1257    9.12607E-06
  1258    6.96525E-06
  1259    5.17394E-06
  1260    4.02733E-06
  1261    3.38359E-06
  1262    2.79158E-06
  1263    2.26670E-06
  1264    2.05833E-06
  1265    1.73094E-06
  1266    1.73551E-06
  1267    1.55257E-06
  1268    1.58939E-06
  1269    1.39370E-06
  1270    1.36293E-06
  1271    1.40537E-06
  1272    1.36358E-06
  1273    1.34338E-06
  1274    1.52106E-06
  1275    1.48404E-06
  1276    1.68624E-06
  1277    1.61499E-06
  1278    1.72585E-06
  1279    1.79631E-06
  1280    2.02012E-06
  1281    2.02787E-06
  1282    2.27346E-06
  1283    2.24946E-06
  1284    2.39565E-06
  1285    2.39123E-06
  1286    2.58560E-06
  1287    2.48032E-06
  1288    2.56369E-06
  1289    2.45024E-06
  1290    2.68099E-06
  1291    2.40393E-06
  1292    2.78189E-06
  1293    2.80487E-06
  1294    3.16685E-06
  1295    3.40149E-06
  1296    3.68209E-06
  1297    3.93889E-06
  1298    4.72526E-06
  1299    4.84448E-06
  1300    4.74196E-06
  1301    4.64644E-06
  1302    5.14347E-06
  1303    5.43021E-06
  1304    5.56473E-06
  1305    5.16689E-06
  1306    5.45416E-06
  1307    4.58395E-06
  1308    4.55532E-06
  1309    4.19702E-06
  1310    4.35791E-06
  1311    4.45048E-06
  1312    4.87750E-06
  1313    3.43343E-06
  1314    3.02207E-06
  1315    2.64608E-06
  1316    3.46227E-06
  1317    3.18927E-06
  1318    3.74292E-06
  1319    4.51410E-06
  1320    4.17505E-06
  1321    5.15446E-06
  1322    6.39607E-06
  1323    7.09491E-06
  1324    9.18303E-06
  1325    8.12016E-06
  1326    4.72142E-06
  1327    7.82341E-06
  1328    9.10180E-06
  1329    8.10392E-06
  1330    1.26051E-05
  1331    1.39299E-05
  1332    1.71774E-05
  1333    1.57003E-05
  1334    2.04252E-05
  1335    2.74849E-05
  1336    2.49420E-05
  1337    3.58523E-05
  1338    4.47771E-05
  1339    5.90209E-05
  1340    7.99979E-05
  1341    9.76417E-05
  1342    1.19304E-04
  1343    1.16004E-04
  1344    5.85070E-05
  1345    7.53589E-05
  1346    1.09722E-04
  1347    1.08821E-04
  1348    1.42237E-04
  1349    1.19284E-04
  1350    2.63367E-04
  1351    5.52209E-04
  1352    6.83059E-04
  1353    4.70239E-04
  1354    3.61195E-04
  1355    1.75129E-04
  1356    4.10250E-04
  1357    1.82512E-04
  1358    5.22145E-04
  1359    6.24604E-04
  1360    3.31469E-04
  1361    1.39230E-04
  1362    2.51417E-05
  1363   -1.15986E-04
  1364   -1.83940E-04
  1365    3.81540E-04
  1366    4.97954E-04
  1367    1.11776E-04
  1368    3.91745E-04
  1369    4.21148E-04
  1370    1.22755E-04
  1371    3.11759E-04
  1372    2.85232E-04
  1373    1.01849E-04
  1374    3.35237E-04
  1375    4.79902E-04
  1376    3.81325E-04
  1377    1.99344E-04
  1378    1.31217E-04
  1379    1.30433E-04
  1380    1.13617E-04
  1381   -2.44762E-06
  1382    5.85846E-06
  1383   -1.30198E-04
  1384   -3.74408E-05
  1385   -1.92075E-05
  1386    2.61559E-04
  1387    3.30405E-04
  1388    2.86372E-04
  1389    1.30765E-04
  1390    1.17277E-05
  1391    2.49278E-04
  1392    3.65879E-04
  1393    2.50233E-04
  1394   -6.16848E-06
  1395    1.30369E-04
  1396    2.59712E-04
  1397   -3.78782E-05
  1398    1.76865E-04
  1399    3.67167E-04
  1400    3.90768E-04
  1401    7.20874E-05
  1402   -1.25636E-04
  1403    2.05819E-04
  1404    5.19390E-04
  1405    3.85963E-04
  1406    6.71387E-05
  1407   -3.80021E-05
  1408    3.38459E-04
  1409    4.00994E-04
  1410    4.04335E-04
  1411    4.35839E-04
  1412    6.50858E-04
  1413    6.44464E-04
  1414    2.56297E-04
  1415    1.28838E-04
  1416    1.89069E-04
  1417    7.99254E-04
  1418    1.17611E-03
  1419    9.16721E-04
  1420    4.28488E-04
  1421    5.85445E-04
  1422    9.59316E-04
  1423    8.50735E-04
  1424    4.66216E-04
  1425    4.69560E-04
  1426    5.14444E-04
  1427    7.35384E-04
  1428    5.37456E-04
  1429    2.84838E-04
  1430    5.31878E-04
  1431    4.50284E-04
  1432    4.62956E-04
  1433    4.13871E-04
  1434    5.11782E-04
  1435    6.45435E-04
  1436    5.30421E-04
  1437    4.86872E-04
  1438    4.85560E-04
  1439    2.97135E-04
  1440    2.64048E-04
  1441    2.68512E-04
  1442    1.61488E-04
  1443    2.37803E-04
  1444    2.00881E-04
  1445    1.77253E-04
  1446    2.57040E-04
  1447    2.60999E-04
  1448    3.77600E-04
  1449    4.48749E-04
  1450    3.65747E-04
  1451    3.15543E-04
  1452    2.08392E-04
  1453    2.48106E-04
  1454    3.22850E-04
  1455    2.75548E-04
  1456    2.57091E-04
  1457    2.79882E-04
  1458    1.52178E-04
  1459    2.01315E-04
  1460    1.80211E-04
  1461    1.75710E-04
  1462    1.89661E-04
  1463    2.11466E-04
  1464    3.43470E-04
  1465    3.73632E-04
  1466    4.43982E-04
  1467    3.22306E-04
  1468    2.30503E-04
  1469    3.34336E-04
  1470    3.95442E-04
  1471    3.50845E-04
  1472    2.76607E-04
  1473    2.27597E-04
  1474    2.29891E-04
  1475    2.77432E-04
  1476    2.51044E-04
  1477    2.51937E-04
  1478    3.05317E-04
  1479    3.29213E-04
  1480    2.95524E-04
  1481    1.29429E-04
  1482    1.47359E-04
  1483    2.04555E-04
  1484    2.14434E-04
  1485    2.46390E-04
  1486    2.44276E-04
  1487    2.50384E-04
  1488    3.29080E-04
  1489    3.56253E-04
  1490    3.14275E-04
  1491    2.24162E-04
  1492    1.61456E-04
  1493    1.93464E-04
  1494    1.40610E-04
  1495    1.24209E-04
  1496    1.41877E-04
  1497    1.29784E-04
  1498    1.68958E-04
  1499    2.10882E-04
  1500    2.02802E-04
  1501    2.05509E-04
  1502    2.76389E-04
  1503    2.78588E-04
  1504    4.18862E-04
  1505    4.61594E-04
  1506    5.73627E-04
  1507    7.02347E-04
  1508    5.40390E-04
  1509    3.57807E-04
  1510    3.51531E-04
  1511    4.42853E-04
  1512    4.50206E-04
  1513    1.90071E-04
  1514    2.94027E-04
  1515    3.46298E-04
  1516    2.53577E-04
  1517    4.10785E-04
  1518    3.88092E-04
  1519    4.14845E-04
  1520    4.41250E-04
  1521    4.91357E-04
  1522    5.69154E-04
  1523    6.39135E-04
  1524    7.01316E-04
  1525    8.38267E-04
  1526    6.71292E-04
  1527    3.82930E-04
  1528    2.66312E-04
  1529    1.95909E-04
  1530    2.75989E-04
  1531    3.07281E-04
  1532    2.92746E-04
  1533    3.77940E-04
  1534    4.21161E-04
  1535    4.32246E-04
  1536    2.57592E-04
  1537    1.70026E-04
  1538    1.70814E-04
  1539    1.68950E-04
  1540    2.04361E-04
  1541    2.60311E-04
  1542    2.54924E-04
  1543    3.77432E-04
  1544    3.73383E-04
  1545    1.99647E-04
  1546    2.07142E-04
  1547    2.68527E-04
  1548    2.23534E-04
  1549    1.91101E-04
  1550    1.83872E-04
  1551    2.62813E-04
  1552    3.16172E-04
  1553    3.88022E-04
  1554    3.73178E-04
  1555    2.03654E-04
  1556    2.71204E-04
  1557    3.77989E-04
  1558    3.95041E-04
  1559    5.02836E-04
  1560    4.53741E-04
  1561    2.44448E-04
  1562    3.51484E-04
  1563    3.86462E-04
  1564    2.89091E-04
  1565    2.50881E-04
  1566    2.62115E-04
  1567    4.10719E-04
  1568    4.85250E-04
  1569    5.16428E-04
  1570    6.56085E-04
  1571    4.01365E-04
  1572    2.71827E-04
  1573    3.74700E-04
  1574    3.26191E-04
  1575    3.08906E-04
  1576    2.63958E-04
  1577    1.62569E-04
  1578    2.30409E-04
  1579    1.65473E-04
  1580    1.72305E-04
  1581    2.26087E-04
  1582    2.60590E-04
  1583    2.69804E-04
  1584    3.97616E-04
  1585    4.72800E-04
  1586    4.36445E-04
  1587    1.74069E-04
  1588    1.70518E-04
  1589    1.34464E-04
  1590    1.22781E-04
  1591    2.61310E-04
  1592    2.80299E-04
  1593    3.17902E-04
  1594    2.75163E-04
  1595    1.55658E-04
  1596    1.44107E-04
  1597    2.36522E-04
  1598    2.59114E-04
  1599    3.46008E-04
  1600    3.61995E-04
  1601    3.18171E-04
  1602    2.04313E-04
  1603    1.30010E-04
  1604    1.41233E-04
  1605    2.14467E-04
  1606    2.40398E-04
  1607    3.91074E-04
  1608    4.69358E-04
  1609    4.18507E-04
  1610    3.33210E-04
  1611    1.62851E-04
  1612    8.41116E-05
  1613    2.06225E-04
  1614    2.23469E-04
  1615    3.56248E-04
  1616    3.48201E-04
  1617    4.04319E-04
  1618    5.91304E-04
  1619    6.81801E-04
  1620    8.93629E-04
  1621    1.04168E-03
  1622    6.14964E-04
  1623    4.73775E-04
  1624    2.72350E-04
  1625    2.30523E-04
  1626    4.34907E-04
  1627    4.00779E-04
  1628    5.03247E-04
  1629    6.01762E-04
  1630    6.02473E-04
  1631    4.79640E-04
  1632    2.92640E-04
  1633    3.33647E-04
  1634    4.52171E-04
  1635    4.12363E-04
  1636    5.03403E-04
  1637    3.39553E-04
  1638    2.81103E-04
  1639    3.21722E-04
  1640    3.79468E-04
  1641    3.59979E-04
  1642    2.77495E-04
  1643    2.13028E-04
  1644    2.01005E-04
  1645    1.96624E-04
  1646    1.68966E-04
  1647    2.21605E-04
  1648    2.15386E-04
  1649    2.63120E-04
  1650    3.47347E-04
  1651    4.29790E-04
  1652    4.77857E-04
  1653    2.38457E-04
  1654    1.01327E-04
  1655    1.81304E-04
  1656    1.62270E-04
  1657    2.05549E-04
  1658    2.20551E-04
  1659    2.80911E-04
  1660    3.58877E-04
  1661    3.67449E-04
  1662    4.51462E-04
  1663    3.52366E-04
  1664   -2.02863E-05
  1665    7.78118E-05
  1666    3.49128E-05
  1667   -4.79247E-05
  1668   -1.20843E-04
  1669   -2.33144E-04
  1670   -2.94363E-04
  1671   -3.22918E-04
  1672   -3.61950E-04
  1673    7.19135E-04
  1674    4.08983E-04
  1675    2.76182E-04
  1676    3.33644E-04
  1677    3.29790E-04
  1678    2.15937E-04
  1679    3.62693E-04
  1680    4.49383E-04
  1681    4.96237E-04
  1682    6.11126E-04
  1683    6.73492E-04
  1684    8.72854E-04
  1685    9.85186E-04
  1686    4.44306E-04
  1687    3.96054E-04
  1688    2.86674E-04
  1689    2.03907E-04
  1690    2.75190E-04
  1691    2.52577E-04
  1692    2.77086E-04
  1693    2.61618E-04
  1694    2.84987E-04
  1695    3.53693E-04
  1696    3.50844E-04
  1697    3.86504E-04
  1698    5.78704E-04
  1699    6.31403E-04
  1700    6.78755E-04
  1701    6.04118E-04
  1702    2.99873E-04
  1703    2.33967E-04
  1704    2.57561E-04
  1705    2.23161E-04
  1706    2.34890E-04
  1707    2.07504E-04
  1708    1.98106E-04
  1709    1.89582E-04
  1710    1.66921E-04
  1711    1.93365E-04
  1712    2.62504E-04
  1713    2.32280E-04
  1714    2.93032E-04
  1715    2.78842E-04
  1716    2.93511E-04
  1717    3.29786E-04
  1718    3.10072E-04
  1719    3.69217E-04
  1720    4.76349E-04
  1721    5.21123E-04
  1722    6.43913E-04
  1723    6.36414E-04
  1724    7.33084E-04
  1725    5.59249E-04
  1726    2.86042E-04
  1727    2.57343E-04
  1728    3.02787E-04
  1729    2.68191E-04
  1730    3.00548E-04
  1731    2.63845E-04
  1732    2.88563E-04
  1733    2.35341E-04
  1734    2.82843E-04
  1735    4.09767E-04
  1736    3.66627E-04
  1737    3.84221E-04
  1738    5.31649E-04
  1739    5.41842E-04
  1740    6.45977E-04
  1741    8.07800E-04
  1742    7.97689E-04
  1743    9.59637E-04
  1744    1.03734E-03
  1745    7.25218E-04
  1746    4.34344E-04
  1747    3.30750E-04
  1748    3.89167E-04
  1749    4.90178E-04
  1750    6.23143E-04
  1751    7.61073E-04
  1752    6.77822E-04
  1753    6.65020E-04
  1754    3.16192E-04
  1755    2.81298E-04
  1756    3.58192E-04
  1757    3.83508E-04
  1758    3.43118E-04
  1759    3.61480E-04
  1760    3.15725E-04
  1761    3.38450E-04
  1762    3.33706E-04
  1763    3.85256E-04
  1764    5.18008E-04
  1765    5.95674E-04
  1766    6.70625E-04
  1767    4.42467E-04
  1768    2.47959E-04
  1769    3.81834E-04
  1770    5.21633E-04
  1771    5.03145E-04
  1772    6.37521E-04
  1773    4.07443E-04
  1774    2.65588E-04
  1775    3.12818E-04
  1776    4.15104E-04
  1777    5.15958E-04
  1778    5.36587E-04
  1779    6.34407E-04
  1780    6.84931E-04
  1781    4.14683E-04
  1782    3.34048E-04
  1783    3.82414E-04
  1784    3.72425E-04
  1785    4.06365E-04
  1786    4.09648E-04
  1787    3.86799E-04
  1788    4.90745E-04
  1789    4.71288E-04
  1790    5.04871E-04
  1791    5.79087E-04
  1792    5.16378E-04
  1793    6.62791E-04
  1794    7.88688E-04
  1795    9.03967E-04
  1796    7.39607E-04
  1797    4.15441E-04
  1798    4.98791E-04
  1799    5.69936E-04
  1800    4.08617E-04
  1801    5.16239E-04
  1802    4.80137E-04
  1803    4.51026E-04
  1804    6.41557E-04
  1805    4.23719E-04
  1806    2.60212E-04
  1807    3.22296E-04
  1808    7.11723E-04
  1809    8.21695E-04
  1810    6.05751E-04
  1811    4.59369E-04
  1812    4.38540E-04
  1813    3.32960E-04
  1814    5.95371E-04
  1815    4.03850E-04
  1816    5.92537E-05
  1817    4.43802E-04
  1818    7.70325E-04
  1819    5.64899E-04
  1820    2.04621E-04
  1821   -6.60856E-05
  1822    9.31072E-05
  1823    9.39669E-04
  1824    1.55171E-03
  1825    1.37434E-03
  1826    4.50200E-04
  1827    3.77047E-05
  1828    4.29802E-04
  1829    6.94564E-04
  1830    3.03478E-04
  1831   -5.65343E-05
  1832    2.59947E-04
  1833    8.95367E-04
  1834    1.41176E-03
  1835    7.33343E-04
  1836    2.04485E-05
  1837   -2.46851E-04
  1838    1.80922E-04
  1839    1.05129E-03
  1840    7.17938E-04
  1841    1.24936E-04
  1842   -2.11404E-04
  1843    2.62269E-04
  1844    1.13619E-03
  1845    1.58090E-03
  1846    1.10787E-03
  1847   -3.09909E-06
  1848   -7.80812E-04
  1849    2.31388E-05
  1850    1.17212E-03
  1851    1.72569E-03
  1852    9.88191E-04
  1853    2.40117E-04
  1854    1.52679E-04
  1855    4.07578E-04
  1856    1.15119E-03
  1857    6.51958E-04
  1858    3.58435E-04
  1859    6.80241E-04
  1860    2.04241E-04
  1861    2.12229E-04
  1862    1.39861E-03
  1863    1.69225E-03
  1864    7.92845E-04
  1865    4.08584E-04
  1866    6.29621E-04
  1867    7.04375E-04
  1868   -1.55021E-04
  1869   -5.72669E-04
  1870   -2.00284E-04
  1871   -2.83916E-04
  1872   -2.25839E-04
  1873    2.93301E-04
  1874    5.75666E-04
  1875    1.21164E-03
  1876    1.42615E-03
  1877    8.51237E-04
  1878    7.06488E-04
  1879    1.40447E-03
  1880    1.56774E-03
  1881    6.89612E-04
  1882    3.76040E-04
  1883    6.44756E-04
  1884    9.62295E-05
  1885    1.61856E-04
  1886    9.04057E-04
  1887    7.89230E-04
  1888    5.73621E-04
  1889    2.08003E-04
  1890   -3.08111E-04
  1891   -6.51614E-05
  1892    8.98518E-04
  1893    1.32715E-03
  1894    1.42994E-03
  1895    1.33537E-03
  1896    1.29743E-03
  1897    8.74377E-04
  1898    5.54383E-04
  1899   -7.60581E-05
  1900   -2.05759E-04
  1901    8.30341E-04
  1902    1.62983E-03
  1903    9.56599E-04
  1904    4.62757E-04
  1905    1.75858E-04
  1906    2.72392E-05
  1907    4.09970E-04
  1908    1.25497E-03
  1909    1.81931E-03
  1910    1.12422E-03
  1911    3.10915E-04
  1912    1.44310E-04
  1913   -1.25423E-04
  1914    3.40010E-04
  1915    1.16472E-03
  1916    1.36544E-03
  1917    1.20025E-03
  1918    6.30925E-04
  1919    3.58539E-04
  1920    2.46479E-05
  1921   -3.79186E-04
  1922    4.51242E-04
  1923    1.45008E-03
  1924    8.32093E-04
  1925    3.42601E-05
  1926   -2.26112E-04
  1927   -5.19701E-04
  1928   -4.13566E-04
  1929    9.35377E-05
  1930    4.81555E-04
  1931    7.23357E-04
  1932    6.95134E-04
  1933    7.67322E-04
  1934    6.82856E-04
  1935    5.36692E-04
  1936    7.09997E-04
  1937    7.66198E-04
  1938    5.91921E-04
  1939    6.61167E-04
  1940    8.04626E-04
  1941    7.82579E-04
  1942    7.38023E-04
  1943    8.18056E-04
  1944    9.51434E-04
  1945    8.26495E-04
  1946    8.14742E-04
  1947    9.76181E-04
  1948    8.06177E-04
  1949    9.83731E-04
  1950    1.00962E-03
  1951    9.12244E-04
  1952    1.04421E-03
  1953    9.00134E-04
  1954    9.88811E-04
  1955    8.45168E-04
  1956    9.50987E-04
  1957    1.13431E-03
  1958    1.01166E-03
  1959    1.28325E-03
  1960    1.43154E-03
  1961    1.06917E-03
  1962    1.48303E-03
  1963    1.47617E-03
  1964    1.36880E-03
  1965    1.28246E-03
  1966    1.45022E-03
  1967    1.63546E-03
  1968    1.54205E-03
  1969    1.64218E-03
  1970    1.79237E-03
  1971    1.92285E-03
  1972    1.84604E-03
  1973    2.12795E-03
  1974    2.24145E-03
  1975    2.37942E-03
  1976    2.40571E-03
  1977    2.24908E-03
  1978    2.98708E-03
  1979    3.05207E-03
  1980    2.95520E-03
  1981    3.11038E-03
  1982    2.91970E-03
  1983    3.33476E-03
  1984    3.89080E-03
  1985    3.97282E-03
  1986    4.36552E-03
  1987    4.55201E-03
  1988    4.82219E-03
  1989    5.20391E-03
  1990    5.74940E-03
  1991    6.25539E-03
  1992    6.53203E-03
  1993    6.73168E-03
  1994    7.34074E-03
  1995    7.73811E-03
  1996    8.27437E-03
  1997    8.97823E-03
  1998    9.75951E-03
  1999    1.04712E-02
  2000    1.11905E-02
  2001    1.22224E-02
  2002    1.32788E-02
  2003    1.43803E-02
  2004    1.58828E-02
  2005    1.75326E-02
  2006    1.92754E-02
  2007    2.14051E-02
  2008    2.37605E-02
  2009    2.63986E-02
  2010    2.95696E-02
  2011    3.32909E-02
  2012    3.74975E-02
  2013    4.24131E-02
  2014    4.79852E-02
  2015    5.43388E-02
  2016    6.13210E-02
  2017    6.98494E-02
  2018    8.00627E-02
  2019    9.19068E-02
  2020    1.05765E-01
  2021    1.22083E-01
  2022    1.41089E-01
  2023    1.63254E-01
  2024    1.88620E-01
  2025    2.18528E-01
  2026    2.53067E-01
  2027    2.92907E-01
  2028    3.37636E-01
  2029    3.87289E-01
  2030    4.41982E-01
  2031    4.99830E-01
  2032    5.59744E-01
  2033    6.19198E-01
  2034    6.77425E-01
  2035    7.30665E-01
  2036    7.76671E-01
  2037    8.14822E-01
  2038    8.45033E-01
  2039    8.65803E-01
  2040    8.79077E-01
  2041    8.86340E-01
  2042    8.87877E-01
  2043    8.84199E-01
  2044    8.79603E-01
  2045    8.73002E-01
  2046    8.64083E-01
  2047    8.56426E-01
  2048    8.48891E-01
  2049    8.41586E-01
  2050    8.35564E-01
  2051    8.31557E-01
  2052    8.28100E-01
  2053    8.24805E-01
  2054    8.24430E-01
  2055    8.24216E-01
  2056    8.24193E-01
  2057    8.26444E-01
  2058    8.29103E-01
  2059    8.31727E-01
  2060    8.35528E-01
  2061    8.40265E-01
  2062    8.45029E-01
  2063    8.48800E-01
  2064    8.54018E-01
  2065    8.59138E-01
  2066    8.63927E-01
  2067    8.69777E-01
  2068    8.74245E-01
  2069    8.79208E-01
  2070    8.84461E-01
  2071    8.88960E-01
  2072    8.93200E-01
  2073    8.97511E-01
  2074    9.01839E-01
  2075    9.05599E-01
  2076    9.09141E-01
  2077    9.12593E-01
  2078    9.15491E-01
  2079    9.18528E-01
  2080    9.21816E-01
  2081    9.24612E-01
  2082    9.27427E-01
  2083    9.29966E-01
  2084    9.32434E-01
  2085    9.34946E-01
  2086    9.37647E-01
  2087    9.40215E-01
  2088    9.42646E-01
  2089    9.45069E-01
  2090    9.47723E-01
  2091    9.49310E-01
  2092    9.52100E-01
  2093    9.54411E-01
  2094    9.56226E-01
  2095    9.57722E-01
  2096    9.60432E-01
  2097    9.62667E-01
  2098    9.63294E-01
  2099    9.64941E-01
  2100    9.66672E-01
  2101    9.67680E-01
  2102    9.69431E-01
  2103    9.70222E-01
  2104    9.70327E-01
  2105    9.70859E-01
  2106    9.71136E-01
  2107    9.71328E-01
  2108    9.70859E-01
  2109    9.70754E-01
  2110    9.71300E-01
  2111    9.69765E-01
  2112    9.69614E-01
  2113    9.68739E-01
  2114    9.68106E-01
  2115    9.67366E-01
  2116    9.66798E-01
  2117    9.66051E-01
  2118    9.65064E-01
  2119    9.64571E-01
  2120    9.63716E-01
  2121    9.62705E-01
  2122    9.62227E-01
  2123    9.61798E-01
  2124    9.60783E-01
  2125    9.60338E-01
  2126    9.59821E-01
  2127    9.60741E-01
  2128    9.59565E-01
  2129    9.59187E-01
  2130    9.59489E-01
  2131    9.59238E-01
  2132    9.59188E-01
  2133    9.59810E-01
  2134    9.60673E-01
  2135    9.60621E-01
  2136    9.60573E-01
  2137    9.61682E-01
  2138    9.61949E-01
  2139    9.62318E-01
  2140    9.63632E-01
  2141    9.64492E-01
  2142    9.64305E-01
  2143    9.64436E-01
  2144    9.66118E-01
  2145    9.66226E-01
  2146    9.65862E-01
  2147    9.67343E-01
  2148    9.67208E-01
  2149    9.66402E-01
  2150    9.66495E-01
  2151    9.66671E-01
  2152    9.65314E-01
  2153    9.65839E-01
  2154    9.65491E-01
  2155    9.64604E-01
  2156    9.63051E-01
  2157    9.62558E-01
  2158    9.61956E-01
  2159    9.60928E-01
  2160    9.59171E-01
  2161    9.58706E-01
  2162    9.58302E-01
  2163    9.55875E-01
  2164    9.54817E-01
  2165    9.53882E-01
  2166    9.51307E-01
  2167    9.49698E-01
  2168    9.50678E-01
  2169    9.48659E-01
  2170    9.46343E-01
  2171    9.45278E-01
  2172    9.44785E-01
  2173    9.42616E-01
  2174    9.42123E-01
  2175    9.41529E-01
  2176    9.40656E-01
  2177    9.39522E-01
  2178    9.39158E-01
  2179    9.39172E-01
  2180    9.37986E-01
  2181    9.37698E-01
  2182    9.38693E-01
  2183    9.38394E-01
  2184    9.37978E-01
  2185    9.38463E-01
  2186    9.39426E-01
  2187    9.38892E-01
  2188    9.39424E-01
  2189    9.41770E-01
  2190    9.42069E-01
  2191    9.42197E-01
  2192    9.43212E-01
  2193    9.44591E-01
  2194    9.45177E-01
  2195    9.46596E-01
  2196    9.48186E-01
  2197    9.48889E-01
  2198    9.49493E-01
  2199    9.51174E-01
  2200    9.52643E-01
  2201    9.53575E-01
  2202    9.54291E-01
  2203    9.55871E-01
  2204    9.56473E-01
  2205    9.57420E-01
  2206    9.58365E-01
  2207    9.58787E-01
  2208    9.59633E-01
  2209    9.60368E-01
  2210    9.60059E-01
  2211    9.60463E-01
  2212    9.61111E-01
  2213    9.61045E-01
  2214    9.60567E-01
  2215    9.60185E-01
  2216    9.60298E-01
  2217    9.59212E-01
  2218    9.58142E-01
  2219    9.58717E-01
  2220    9.57675E-01
  2221    9.55902E-01
  2222    9.54550E-01
  2223    9.53713E-01
  2224    9.51987E-01
  2225    9.50265E-01
  2226    9.50033E-01
  2227    9.48656E-01
  2228    9.46302E-01
  2229    9.44908E-01
  2230    9.43712E-01
  2231    9.41811E-01
  2232    9.39646E-01
  2233    9.38859E-01
  2234    9.36818E-01
  2235    9.34627E-01
  2236    9.33582E-01
  2237    9.32720E-01
  2238    9.31308E-01
  2239    9.29737E-01
  2240    9.28428E-01
  2241    9.27567E-01
  2242    9.26143E-01
  2243    9.25482E-01
  2244    9.24653E-01
  2245    9.23552E-01
  2246    9.23682E-01
  2247    9.22626E-01
  2248    9.22172E-01
  2249    9.22068E-01
  2250    9.22178E-01
  2251    9.21852E-01
  2252    9.21495E-01
  2253    9.22361E-01
  2254    9.22563E-01
  2255    9.22496E-01
  2256    9.23500E-01
  2257    9.24787E-01
  2258    9.24758E-01
  2259    9.25066E-01
  2260    9.27047E-01
  2261    9.28213E-01
  2262    9.27891E-01
  2263    9.28928E-01
  2264    9.30728E-01
  2265    9.31525E-01
  2266    9.32379E-01
  2267    9.33945E-01
  2268    9.35065E-01
  2269    9.35330E-01
  2270    9.35602E-01
  2271    9.36880E-01
  2272    9.37475E-01
  2273    9.38218E-01
  2274    9.38547E-01
  2275    9.38858E-01
  2276    9.39235E-01
  2277    9.39201E-01
  2278    9.39413E-01
  2279    9.38972E-01
  2280    9.38768E-01
  2281    9.39073E-01
  2282    9.37473E-01
  2283    9.36183E-01
  2284    9.36246E-01
  2285    9.35605E-01
  2286    9.34167E-01
  2287    9.33137E-01
  2288    9.32685E-01
  2289    9.30466E-01
  2290    9.28923E-01
  2291    9.29115E-01
  2292    9.27420E-01
  2293    9.25875E-01
  2294    9.25237E-01
  2295    9.24557E-01
  2296    9.23670E-01
  2297    9.22573E-01
  2298    9.22422E-01
  2299    9.22319E-01
  2300    9.22421E-01
  2301    9.22448E-01
  2302    9.22378E-01
  2303    9.23246E-01
  2304    9.24112E-01
  2305    9.24832E-01
  2306    9.25865E-01
  2307    9.26085E-01
  2308    9.28105E-01
  2309    9.28725E-01
  2310    9.28287E-01
  2311    9.27803E-01
  2312    9.27035E-01
  2313    9.24825E-01
  2314    9.20123E-01
  2315    9.15080E-01
  2316    9.08671E-01
  2317    8.99743E-01
  2318    8.88114E-01
  2319    8.74566E-01
  2320    8.59533E-01
  2321    8.40886E-01
  2322    8.19359E-01
  2323    7.96018E-01
  2324    7.69840E-01
  2325    7.41346E-01
  2326    7.10994E-01
  2327    6.78903E-01
  2328    6.45027E-01
  2329    6.09830E-01
  2330    5.73866E-01
  2331    5.37764E-01
  2332    5.01442E-01
  2333    4.65598E-01
  2334    4.29998E-01
  2335    3.95596E-01
  2336    3.62355E-01
  2337    3.30738E-01
  2338    3.00066E-01
  2339    2.72884E-01
  2340    2.46541E-01
  2341    2.22016E-01
  2342    1.99222E-01
  2343    1.78748E-01
  2344    1.60079E-01
  2345    1.42951E-01
  2346    1.27150E-01
  2347    1.13510E-01
  2348    1.01292E-01
  2349    9.00301E-02
  2350    8.09374E-02
  2351    7.28046E-02
  2352    6.54407E-02
  2353    5.79388E-02
  2354    5.16300E-02
  2355    4.61985E-02
  2356    4.15634E-02
  2357    3.70505E-02
  2358    3.30411E-02
  2359    3.04308E-02
  2360    2.73288E-02
  2361    2.42111E-02
  2362    2.16426E-02
  2363    2.00469E-02
  2364    1.82163E-02
  2365    1.62561E-02
  2366    1.51529E-02
  2367    1.40402E-02
  2368    1.16045E-02
  2369    1.15022E-02
  2370    1.06177E-02
  2371    1.03611E-02
  2372    8.64677E-03
  2373    7.86063E-03
  2374    7.53767E-03
  2375    6.67570E-03
  2376    6.21078E-03
  2377    6.40420E-03
  2378    5.63423E-03
  2379    4.53645E-03
  2380    3.91527E-03
  2381    3.64471E-03
  2382    3.55220E-03
  2383    2.86002E-03
  2384    2.59364E-03
  2385    2.59353E-03
  2386    2.03974E-03
  2387    2.33658E-03
  2388    1.92431E-03
  2389    1.93331E-03
  2390    1.69326E-03
  2391    1.54868E-03
  2392    1.30162E-03
  2393    1.40421E-03
  2394    1.16760E-03
  2395    1.39435E-03
  2396    9.57822E-04
  2397    9.66717E-04
  2398    9.70814E-04
  2399    7.71251E-04
  2400    7.79124E-04
  2401    8.14224E-04
  2402    6.97344E-04
  2403    5.86630E-04
  2404    6.13502E-04
  2405    8.20964E-04
  2406    5.00604E-04
  2407    3.58526E-04
  2408    3.25983E-04
  2409    2.86079E-04
  2410    5.23299E-04
  2411    7.54016E-04
  2412    4.37194E-04
  2413    4.67505E-04
  2414    4.40176E-04
  2415    2.74378E-04
  2416    4.13691E-04
  2417    3.18758E-04
  2418    9.06661E-05
  2419    2.11109E-04
  2420    2.34463E-04
  2421    2.14971E-04
  2422    3.01652E-04
  2423    1.55864E-04
  2424    2.27409E-04
  2425    1.77405E-04
  2426    1.56618E-04
  2427    1.54876E-04
  2428    8.87088E-05
  2429    6.49310E-05
  2430    2.80354E-04
  2431    2.03860E-04
  2432    1.39200E-04
  2433   -6.73718E-05
  2434    9.15914E-05
  2435    1.61612E-04
  2436    4.78600E-05
  2437    1.61997E-04
  2438    4.59960E-05
  2439    5.29360E-05
  2440    8.55426E-05
  2441    5.42093E-05
  2442    2.02551E-04
  2443    1.70404E-04
  2444   -4.72694E-05
  2445   -4.41344E-05
  2446    3.54152E-05
  2447    1.87465E-04
  2448    7.88474E-05
  2449    1.45565E-04
  2450   -3.17939E-06
  2451    7.14100E-05
  2452    1.26252E-05
  2453    4.15379E-05
  2454   -2.95506E-05
  2455    1.98241E-04
  2456   -4.72145E-05
  2457   -4.50806E-05
  2458   -2.02333E-04
  2459    6.18384E-06
  2460    9.07584E-05
  2461    2.75235E-04
  2462    2.25389E-04
  2463   -7.75375E-05
  2464   -8.02619E-05
  2465    4.95255E-05
  2466    1.03124E-04
  2467    4.57829E-05
  2468   -1.74928E-04
  2469   -1.53064E-04
  2470    1.35614E-04
  2471    1.95194E-04
  2472    1.11592E-04
  2473   -6.57120E-05
  2474   -1.44179E-05
  2475    1.54854E-04
  2476    1.50977E-04
  2477   -4.57062E-05
  2478   -1.60672E-04
  2479    2.00763E-04
  2480    3.76226E-05
  2481   -1.33031E-04
  2482    1.48559E-05
  2483   -1.80455E-06
  2484   -1.46339E-06
  2485    2.19061E-05
  2486   -6.27717E-05
  2487   -1.06665E-04
  2488   -3.06616E-05
  2489    1.61940E-04
  2490    1.73221E-04
  2491    1.34928E-04
  2492   -2.93917E-05
  2493    7.03270E-05
  2494   -9.45179E-05
  2495   -7.08269E-05
  2496    3.03552E-06
  2497    3.94543E-05
  2498   -1.59359E-06
  2499   -2.91560E-05
  2500   -3.80069E-05
  2501    1.80688E-05
  2502    1.88602E-04
  2503    3.25138E-05
  2504    0.00000E+00
  2505    0.00000E+00
  2506    0.00000E+00
  2507    0.00000E+00
  2508    0.00000E+00
  2509    0.00000E+00
  2510    0.00000E+00
  2511    0.00000E+00
  2512    0.00000E+00
  2513    0.00000E+00
  2514    0.00000E+00
  2515    0.00000E+00
  2516    0.00000E+00
  2517    0.00000E+00
  2518    0.00000E+00
  2519    0.00000E+00
  2520    0.00000E+00
  2521    0.00000E+00
  2522    0.00000E+00
  2523    0.00000E+00
  2524    0.00000E+00
  2525    0.00000E+00
  2526    0.00000E+00
  2527    0.00000E+00
  2528    0.00000E+00
  2529    0.00000E+00
  2530    0.00000E+00
  2531    0.00000E+00
  2532    0.00000E+00
  2533    0.00000E+00
  2534    0.00000E+00
  2535    0.00000E+00
  2536    0.00000E+00
  2537    0.00000E+00
  2538    0.00000E+00
  2539    0.00000E+00
  2540    0.00000E+00
  2541    0.00000E+00
  2542    0.00000E+00
  2543    0.00000E+00
  2544    0.00000E+00
  2545    0.00000E+00
  2546    0.00000E+00
  2547    0.00000E+00
  2548    0.00000E+00
  2549    0.00000E+00
  2550    0.00000E+00
  2551    0.00000E+00
  2552    0.00000E+00
  2553    0.00000E+00
  2554    0.00000E+00
  2555    0.00000E+00
  2556    0.00000E+00
  2557    0.00000E+00
  2558    0.00000E+00
  2559    0.00000E+00
  2560    0.00000E+00
  2561    0.00000E+00
  2562    0.00000E+00
  2563    0.00000E+00
  2564    0.00000E+00
  2565    0.00000E+00
  2566    0.00000E+00
  2567    0.00000E+00
  2568    0.00000E+00
  2569    0.00000E+00
  2570    0.00000E+00
  2571    0.00000E+00
  2572    0.00000E+00
  2573    0.00000E+00
  2574    0.00000E+00
  2575    0.00000E+00
  2576    0.00000E+00
  2577    0.00000E+00
  2578    0.00000E+00
  2579    0.00000E+00
  2580    0.00000E+00
  2581    0.00000E+00
  2582    0.00000E+00
  2583    0.00000E+00
  2584    0.00000E+00
  2585    0.00000E+00
  2586    0.00000E+00
  2587    0.00000E+00
  2588    0.00000E+00
  2589    0.00000E+00
  2590    0.00000E+00
  2591    0.00000E+00
  2592    0.00000E+00
  2593    0.00000E+00
  2594    0.00000E+00
  2595    0.00000E+00
  2596    0.00000E+00
  2597    0.00000E+00
  2598    0.00000E+00
  2599    0.00000E+00
  2600    0.00000E+00
  2601    0.00000E+00
  2602    0.00000E+00
  2603    0.00000E+00
  2604    0.00000E+00
  2605    0.00000E+00
  2606    0.00000E+00
  2607    0.00000E+00
  2608    0.00000E+00
  2609    0.00000E+00
  2610    0.00000E+00
  2611    0.00000E+00
  2612    0.00000E+00
  2613    0.00000E+00
  2614    0.00000E+00
  2615    0.00000E+00
  2616    0.00000E+00
  2617    0.00000E+00
  2618    0.00000E+00
  2619    0.00000E+00
  2620    0.00000E+00
  2621    0.00000E+00
  2622    0.00000E+00
  2623    0.00000E+00
  2624    0.00000E+00
  2625    0.00000E+00
  2626    0.00000E+00
  2627    0.00000E+00
  2628    0.00000E+00
  2629    0.00000E+00
  2630    0.00000E+00
  2631    0.00000E+00
  2632    0.00000E+00
  2633    0.00000E+00
  2634    0.00000E+00
  2635    0.00000E+00
  2636    0.00000E+00
  2637    0.00000E+00
  2638    0.00000E+00
  2639    0.00000E+00
  2640    0.00000E+00
  2641    0.00000E+00
  2642    0.00000E+00
  2643    0.00000E+00
  2644    0.00000E+00
  2645    0.00000E+00
  2646    0.00000E+00
  2647    0.00000E+00
  2648    0.00000E+00
  2649    0.00000E+00
  2650    0.00000E+00
  2651    0.00000E+00
  2652    0.00000E+00
  2653    0.00000E+00
  2654    0.00000E+00
  2655    0.00000E+00
  2656    0.00000E+00
  2657    0.00000E+00
  2658    0.00000E+00
  2659    0.00000E+00
  2660    0.00000E+00
  2661    0.00000E+00
  2662    0.00000E+00
  2663    0.00000E+00
  2664    0.00000E+00
  2665    0.00000E+00
  2666    0.00000E+00
  2667    0.00000E+00
  2668    0.00000E+00
  2669    0.00000E+00
  2670    0.00000E+00
  2671    0.00000E+00
  2672    0.00000E+00
  2673    0.00000E+00
  2674    0.00000E+00
  2675    0.00000E+00
  2676    0.00000E+00
  2677    0.00000E+00
  2678    0.00000E+00
  2679    0.00000E+00
  2680    0.00000E+00
  2681    0.00000E+00
  2682    0.00000E+00
  2683    0.00000E+00
  2684    0.00000E+00
  2685    0.00000E+00
  2686    0.00000E+00
  2687    0.00000E+00
  2688    0.00000E+00
  2689    0.00000E+00
  2690    0.00000E+00
  2691    0.00000E+00
  2692    0.00000E+00
  2693    0.00000E+00
  2694    0.00000E+00
  2695    0.00000E+00
  2696    0.00000E+00
  2697    0.00000E+00
  2698    0.00000E+00
  2699    0.00000E+00
  2700    0.00000E+00
