   400    9.70000E-07
   401    5.15606E-07
   402    3.30000E-07
   403    3.30000E-07
   404    3.30000E-07
   405    3.30000E-07
   406    3.30000E-07
   407    3.30000E-07
   408    3.30000E-07
   409    3.30000E-07
   410    3.30000E-07
   411    3.30000E-07
   412    3.30000E-07
   413    3.30000E-07
   414    3.30000E-07
   415    3.30000E-07
   416    3.30000E-07
   417    3.30000E-07
   418    3.30000E-07
   419    3.30000E-07
   420    3.30000E-07
   421    3.30000E-07
   422    3.30000E-07
   423    3.30000E-07
   424    3.30000E-07
   425    3.30000E-07
   426    3.30000E-07
   427    3.30000E-07
   428    3.30000E-07
   429    3.30000E-07
   430    3.30000E-07
   431    3.30000E-07
   432    3.30000E-07
   433    3.30000E-07
   434    3.30000E-07
   435    3.30000E-07
   436    3.30000E-07
   437    3.30000E-07
   438    3.30000E-07
   439    3.30000E-07
   440    3.30000E-07
   441    3.30000E-07
   442    3.30000E-07
   443    3.30000E-07
   444    3.30000E-07
   445    3.30000E-07
   446    3.30000E-07
   447    3.30000E-07
   448    3.30000E-07
   449    3.30000E-07
   450    3.30000E-07
   451    3.30000E-07
   452    3.30000E-07
   453    3.30000E-07
   454    3.30000E-07
   455    3.30000E-07
   456    3.30000E-07
   457    3.30000E-07
   458    3.30000E-07
   459    3.30000E-07
   460    3.30000E-07
   461    3.30000E-07
   462    3.30000E-07
   463    3.30000E-07
   464    3.30000E-07
   465    3.30000E-07
   466    3.30000E-07
   467    3.30000E-07
   468    3.30000E-07
   469    3.30000E-07
   470    3.30000E-07
   471    3.30000E-07
   472    3.30000E-07
   473    3.30000E-07
   474    3.30000E-07
   475    3.30000E-07
   476    3.30000E-07
   477    3.30000E-07
   478    3.30000E-07
   479    3.30000E-07
   480    3.30000E-07
   481    3.30000E-07
   482    3.30000E-07
   483    3.30000E-07
   484    3.30000E-07
   485    3.30000E-07
   486    3.30000E-07
   487    3.30000E-07
   488    3.30000E-07
   489    3.30000E-07
   490    3.30000E-07
   491    3.30000E-07
   492    3.30000E-07
   493    3.30000E-07
   494    3.30000E-07
   495    3.30000E-07
   496    3.30000E-07
   497    3.30000E-07
   498    3.30000E-07
   499    3.30000E-07
   500    3.30000E-07
   501    3.30000E-07
   502    3.30000E-07
   503    3.30000E-07
   504    3.30000E-07
   505    3.30000E-07
   506    3.30000E-07
   507    3.30000E-07
   508    3.30000E-07
   509    3.30000E-07
   510    3.30000E-07
   511    3.30000E-07
   512    3.30000E-07
   513    3.30000E-07
   514    3.30000E-07
   515    3.30000E-07
   516    3.30000E-07
   517    3.30000E-07
   518    3.30000E-07
   519    3.30000E-07
   520    3.30000E-07
   521    3.30000E-07
   522    3.30000E-07
   523    3.30000E-07
   524    3.30000E-07
   525    3.30000E-07
   526    3.30000E-07
   527    3.30000E-07
   528    3.30000E-07
   529    3.30000E-07
   530    3.30000E-07
   531    3.30000E-07
   532    3.30000E-07
   533    3.30000E-07
   534    3.30000E-07
   535    3.30000E-07
   536    3.30000E-07
   537    3.30000E-07
   538    3.30000E-07
   539    3.30000E-07
   540    3.30000E-07
   541    3.30000E-07
   542    3.30000E-07
   543    3.30000E-07
   544    3.30000E-07
   545    3.30000E-07
   546    3.30000E-07
   547    3.30000E-07
   548    3.30000E-07
   549    3.30000E-07
   550    3.30000E-07
   551    3.30000E-07
   552    3.30000E-07
   553    3.30000E-07
   554    3.30000E-07
   555    3.30000E-07
   556    3.30000E-07
   557    3.30000E-07
   558    3.30000E-07
   559    3.30000E-07
   560    3.30000E-07
   561    3.30000E-07
   562    3.30000E-07
   563    3.30000E-07
   564    3.30000E-07
   565    3.30000E-07
   566    3.30000E-07
   567    3.30000E-07
   568    3.30000E-07
   569    3.30000E-07
   570    3.30000E-07
   571    3.30000E-07
   572    3.30000E-07
   573    3.30000E-07
   574    3.30000E-07
   575    3.30000E-07
   576    3.30000E-07
   577    3.30000E-07
   578    3.30000E-07
   579    3.30000E-07
   580    3.30000E-07
   581    3.30000E-07
   582    3.30000E-07
   583    3.30000E-07
   584    3.30000E-07
   585    3.30000E-07
   586    3.30000E-07
   587    3.30000E-07
   588    3.30000E-07
   589    3.30000E-07
   590    3.30000E-07
   591    3.30000E-07
   592    3.30000E-07
   593    3.30000E-07
   594    3.30000E-07
   595    3.30000E-07
   596    3.30000E-07
   597    3.30000E-07
   598    3.30000E-07
   599    3.30000E-07
   600    3.30000E-07
   601    3.30000E-07
   602    3.30000E-07
   603    3.30000E-07
   604    3.30000E-07
   605    3.30000E-07
   606    3.30000E-07
   607    3.30000E-07
   608    3.30000E-07
   609    3.30000E-07
   610    3.30000E-07
   611    3.30000E-07
   612    3.30000E-07
   613    3.30000E-07
   614    3.30000E-07
   615    3.30000E-07
   616    3.30000E-07
   617    3.30000E-07
   618    3.30000E-07
   619    3.30000E-07
   620    3.30000E-07
   621    3.30000E-07
   622    3.30000E-07
   623    3.30000E-07
   624    3.30000E-07
   625    3.30000E-07
   626    3.30000E-07
   627    3.30000E-07
   628    3.30000E-07
   629    3.30000E-07
   630    3.30000E-07
   631    3.30000E-07
   632    3.30000E-07
   633    3.30000E-07
   634    3.30000E-07
   635    3.30000E-07
   636    3.30000E-07
   637    3.30000E-07
   638    3.30000E-07
   639    3.30000E-07
   640    3.30000E-07
   641    3.30000E-07
   642    3.30000E-07
   643    3.30000E-07
   644    3.30000E-07
   645    3.30000E-07
   646    3.30000E-07
   647    3.30000E-07
   648    3.30000E-07
   649    3.30000E-07
   650    3.30000E-07
   651    3.30000E-07
   652    3.30000E-07
   653    3.30000E-07
   654    3.30000E-07
   655    3.30000E-07
   656    3.30000E-07
   657    3.30000E-07
   658    3.30000E-07
   659    3.30000E-07
   660    3.30000E-07
   661    3.30000E-07
   662    3.30000E-07
   663    3.30000E-07
   664    3.30000E-07
   665    3.30000E-07
   666    3.30000E-07
   667    3.30000E-07
   668    3.30000E-07
   669    3.30000E-07
   670    3.30000E-07
   671    3.30000E-07
   672    3.30000E-07
   673    3.30000E-07
   674    3.30000E-07
   675    3.30000E-07
   676    3.30000E-07
   677    3.30000E-07
   678    3.30000E-07
   679    3.30000E-07
   680    3.30000E-07
   681    3.30000E-07
   682    3.30000E-07
   683    3.30000E-07
   684    3.30000E-07
   685    3.30000E-07
   686    3.30000E-07
   687    3.30000E-07
   688    3.30000E-07
   689    3.30000E-07
   690    3.30000E-07
   691    3.30000E-07
   692    3.30000E-07
   693    3.30000E-07
   694    3.30000E-07
   695    3.30000E-07
   696    3.30000E-07
   697    3.30000E-07
   698    3.30000E-07
   699    3.30000E-07
   700    3.30000E-07
   701    3.30000E-07
   702    3.30000E-07
   703    3.30000E-07
   704    3.30000E-07
   705    3.30000E-07
   706    3.30000E-07
   707    3.30000E-07
   708    3.30000E-07
   709    3.30000E-07
   710    3.30000E-07
   711    3.30000E-07
   712    3.30000E-07
   713    3.30000E-07
   714    3.30000E-07
   715    3.30000E-07
   716    3.30000E-07
   717    3.30000E-07
   718    3.30000E-07
   719    3.30000E-07
   720    3.30000E-07
   721    3.30000E-07
   722    3.30000E-07
   723    3.30000E-07
   724    3.30000E-07
   725    3.30000E-07
   726    3.30000E-07
   727    3.30000E-07
   728    3.30000E-07
   729    3.30000E-07
   730    3.30000E-07
   731    3.30000E-07
   732    3.30000E-07
   733    3.30000E-07
   734    3.30000E-07
   735    3.30000E-07
   736    3.30000E-07
   737    3.30000E-07
   738    3.30000E-07
   739    3.30000E-07
   740    3.30000E-07
   741    3.30000E-07
   742    3.30000E-07
   743    3.30000E-07
   744    3.30000E-07
   745    3.30000E-07
   746    3.30000E-07
   747    3.30000E-07
   748    3.30000E-07
   749    3.30000E-07
   750    3.30000E-07
   751    3.30000E-07
   752    3.30000E-07
   753    3.30000E-07
   754    3.30000E-07
   755    3.30000E-07
   756    3.30000E-07
   757    3.30000E-07
   758    3.30000E-07
   759    3.30000E-07
   760    3.30000E-07
   761    3.30000E-07
   762    3.30000E-07
   763    3.30000E-07
   764    3.30000E-07
   765    3.30000E-07
   766    3.30000E-07
   767    3.30000E-07
   768    3.30000E-07
   769    3.30000E-07
   770    3.30000E-07
   771    3.30000E-07
   772    3.30000E-07
   773    3.30000E-07
   774    3.30000E-07
   775    3.30000E-07
   776    3.30000E-07
   777    3.30000E-07
   778    3.30000E-07
   779    3.30000E-07
   780    3.30000E-07
   781    3.30000E-07
   782    3.30000E-07
   783    3.30000E-07
   784    3.30000E-07
   785    3.30000E-07
   786    3.30000E-07
   787    3.30000E-07
   788    3.30000E-07
   789    3.30000E-07
   790    3.30000E-07
   791    3.30000E-07
   792    3.30000E-07
   793    3.30000E-07
   794    3.30000E-07
   795    3.30000E-07
   796    3.30000E-07
   797    2.51898E-07
   798    8.50958E-08
   799    9.39020E-08
   800    2.47804E-07
   801    1.36695E-07
   802   -5.07037E-08
   803    1.84009E-07
   804    4.49105E-07
   805    6.59105E-07
   806    1.16731E-06
   807    1.68371E-06
   808    1.52889E-06
   809    9.83987E-07
   810    8.02900E-07
   811    6.15394E-07
   812    6.53603E-07
   813    7.85203E-07
   814    3.86887E-07
   815    3.66205E-07
   816    5.72004E-07
   817    9.35309E-07
   818    2.49424E-06
   819    6.36740E-06
   820    1.60670E-05
   821    3.74649E-05
   822    6.62456E-05
   823    8.49971E-05
   824    8.41950E-05
   825    7.14006E-05
   826    5.93573E-05
   827    5.70920E-05
   828    7.28404E-05
   829    1.36699E-04
   830    3.59520E-04
   831    8.46882E-04
   832    1.30183E-03
   833    1.25262E-03
   834    7.95148E-04
   835    3.73306E-04
   836    1.53725E-04
   837    6.66406E-05
   838    3.44961E-05
   839    2.17036E-05
   840    1.69283E-05
   841    1.53103E-05
   842    1.58307E-05
   843    2.00680E-05
   844    3.04004E-05
   845    4.89728E-05
   846    6.91868E-05
   847    7.61825E-05
   848    6.59758E-05
   849    4.88977E-05
   850    3.01841E-05
   851    1.82840E-05
   852    9.80812E-06
   853    7.01239E-06
   854    6.45239E-06
   855    4.99066E-06
   856    1.93563E-05
   857    5.75109E-06
   858    1.70652E-05
   859    2.33583E-05
   860    6.81414E-05
   861    4.40916E-05
   862    9.08856E-06
   863    1.86450E-06
   864   -7.01817E-06
   865    4.38968E-05
   866    3.38072E-05
   867    3.19149E-05
   868    3.29189E-05
   869    1.60893E-05
   870    1.92633E-05
   871    3.04403E-05
   872    3.23934E-05
   873    3.40646E-05
   874   -6.29677E-06
   875   -1.58083E-06
   876    4.50287E-05
   877    4.63690E-05
   878    2.34843E-05
   879    3.88699E-05
   880    4.14849E-05
   881    2.85744E-05
   882    2.07263E-05
   883    2.74237E-05
   884   -4.03528E-06
   885   -2.54432E-06
   886    1.49889E-05
   887    6.15015E-07
   888   -9.98559E-06
   889    2.78770E-05
   890    2.79493E-06
   891    8.47669E-06
   892    2.52159E-05
   893    5.71085E-05
   894    2.43019E-05
   895    5.02989E-05
   896    5.19698E-05
   897    5.85248E-06
   898    1.26482E-05
   899    4.56153E-05
   900    5.66871E-05
   901    2.84857E-05
   902    2.67626E-05
   903    6.17034E-05
   904    7.45201E-05
   905    5.42608E-05
   906    7.19368E-05
   907    8.72503E-05
   908    5.42227E-05
   909    6.73852E-05
   910    8.45755E-05
   911    9.92111E-05
   912    9.98234E-05
   913    1.04146E-04
   914    1.08422E-04
   915    1.14951E-04
   916    1.43307E-04
   917    1.54062E-04
   918    1.88364E-04
   919    2.04054E-04
   920    2.19355E-04
   921    2.55652E-04
   922    3.14539E-04
   923    3.48881E-04
   924    3.87087E-04
   925    4.76180E-04
   926    5.94551E-04
   927    6.40619E-04
   928    7.57927E-04
   929    9.34865E-04
   930    1.05212E-03
   931    1.23602E-03
   932    1.41672E-03
   933    1.74949E-03
   934    2.02297E-03
   935    2.24302E-03
   936    2.58801E-03
   937    3.11695E-03
   938    3.56753E-03
   939    3.95809E-03
   940    4.61645E-03
   941    5.62407E-03
   942    6.51426E-03
   943    6.06629E-03
   944    6.58674E-03
   945    7.11533E-03
   946    7.50433E-03
   947    8.82514E-03
   948    1.02279E-02
   949    1.13466E-02
   950    1.31179E-02
   951    1.55699E-02
   952    1.84940E-02
   953    2.18044E-02
   954    2.58630E-02
   955    3.08159E-02
   956    3.65503E-02
   957    4.33740E-02
   958    5.18432E-02
   959    6.10564E-02
   960    7.22886E-02
   961    8.59442E-02
   962    1.02316E-01
   963    1.21428E-01
   964    1.44084E-01
   965    1.70992E-01
   966    2.04441E-01
   967    2.45733E-01
   968    2.93046E-01
   969    3.46752E-01
   970    4.04614E-01
   971    4.69072E-01
   972    5.34182E-01
   973    5.96078E-01
   974    6.54504E-01
   975    7.05187E-01
   976    7.46324E-01
   977    7.78209E-01
   978    8.02598E-01
   979    8.20896E-01
   980    8.35804E-01
   981    8.48576E-01
   982    8.60167E-01
   983    8.71995E-01
   984    8.83965E-01
   985    8.95288E-01
   986    9.04525E-01
   987    9.11848E-01
   988    9.16295E-01
   989    9.18837E-01
   990    9.19767E-01
   991    9.19767E-01
   992    9.20079E-01
   993    9.21671E-01
   994    9.24885E-01
   995    9.28957E-01
   996    9.34073E-01
   997    9.39806E-01
   998    9.44824E-01
   999    9.49035E-01
  1000    9.51476E-01
  1001    9.51939E-01
  1002    9.50567E-01
  1003    9.46920E-01
  1004    9.41928E-01
  1005    9.35865E-01
  1006    9.28834E-01
  1007    9.21165E-01
  1008    9.14040E-01
  1009    9.06184E-01
  1010    8.98369E-01
  1011    8.91002E-01
  1012    8.84479E-01
  1013    8.78068E-01
  1014    8.71961E-01
  1015    8.66732E-01
  1016    8.62818E-01
  1017    8.59000E-01
  1018    8.55730E-01
  1019    8.52880E-01
  1020    8.50674E-01
  1021    8.48550E-01
  1022    8.46781E-01
  1023    8.45219E-01
  1024    8.44177E-01
  1025    8.43498E-01
  1026    8.43182E-01
  1027    8.43514E-01
  1028    8.45083E-01
  1029    8.47302E-01
  1030    8.50129E-01
  1031    8.53954E-01
  1032    8.58810E-01
  1033    8.64075E-01
  1034    8.69637E-01
  1035    8.75486E-01
  1036    8.81083E-01
  1037    8.86904E-01
  1038    8.92639E-01
  1039    8.97904E-01
  1040    9.02776E-01
  1041    9.07425E-01
  1042    9.11989E-01
  1043    9.16381E-01
  1044    9.20521E-01
  1045    9.24368E-01
  1046    9.28356E-01
  1047    9.32444E-01
  1048    9.36447E-01
  1049    9.40651E-01
  1050    9.44588E-01
  1051    9.47897E-01
  1052    9.50904E-01
  1053    9.53745E-01
  1054    9.56217E-01
  1055    9.57833E-01
  1056    9.58874E-01
  1057    9.59670E-01
  1058    9.59926E-01
  1059    9.60018E-01
  1060    9.59940E-01
  1061    9.59437E-01
  1062    9.58355E-01
  1063    9.57147E-01
  1064    9.56160E-01
  1065    9.54875E-01
  1066    9.53532E-01
  1067    9.52134E-01
  1068    9.50878E-01
  1069    9.49560E-01
  1070    9.48564E-01
  1071    9.47805E-01
  1072    9.47226E-01
  1073    9.47136E-01
  1074    9.47111E-01
  1075    9.47290E-01
  1076    9.47663E-01
  1077    9.48038E-01
  1078    9.48176E-01
  1079    9.47927E-01
  1080    9.47034E-01
  1081    9.45533E-01
  1082    9.43390E-01
  1083    9.40385E-01
  1084    9.37149E-01
  1085    9.33902E-01
  1086    9.30924E-01
  1087    9.28778E-01
  1088    9.27863E-01
  1089    9.28329E-01
  1090    9.30329E-01
  1091    9.33798E-01
  1092    9.37982E-01
  1093    9.42319E-01
  1094    9.46210E-01
  1095    9.47972E-01
  1096    9.45874E-01
  1097    9.39398E-01
  1098    9.27894E-01
  1099    9.10668E-01
  1100    8.87138E-01
  1101    8.58799E-01
  1102    8.26421E-01
  1103    7.90597E-01
  1104    7.52421E-01
  1105    7.12525E-01
  1106    6.71859E-01
  1107    6.30149E-01
  1108    5.85735E-01
  1109    5.39301E-01
  1110    4.91722E-01
  1111    4.42992E-01
  1112    3.94080E-01
  1113    3.46544E-01
  1114    3.01295E-01
  1115    2.59014E-01
  1116    2.21017E-01
  1117    1.87928E-01
  1118    1.59807E-01
  1119    1.35380E-01
  1120    1.15222E-01
  1121    9.87735E-02
  1122    8.50604E-02
  1123    7.38979E-02
  1124    6.47425E-02
  1125    5.68141E-02
  1126    5.01778E-02
  1127    4.45363E-02
  1128    3.94772E-02
  1129    3.48654E-02
  1130    3.07441E-02
  1131    2.72874E-02
  1132    2.40191E-02
  1133    2.09635E-02
  1134    1.84603E-02
  1135    1.61775E-02
  1136    1.40649E-02
  1137    1.23591E-02
  1138    1.10080E-02
  1139    9.85068E-03
  1140    8.69331E-03
  1141    7.64640E-03
  1142    6.95377E-03
  1143    6.26465E-03
  1144    5.39707E-03
  1145    4.62826E-03
  1146    4.44700E-03
  1147    4.67589E-03
  1148    4.52255E-03
  1149    4.27451E-03
  1150    4.06400E-03
  1151    3.71862E-03
  1152    3.39905E-03
  1153    3.15803E-03
  1154    2.92358E-03
  1155    2.74014E-03
  1156    2.53440E-03
  1157    2.36464E-03
  1158    2.21254E-03
  1159    2.04421E-03
  1160    1.89603E-03
  1161    1.77269E-03
  1162    1.64233E-03
  1163    1.53732E-03
  1164    1.45220E-03
  1165    1.29742E-03
  1166    1.12903E-03
  1167    1.00354E-03
  1168    9.41231E-04
  1169    8.91312E-04
  1170    8.23820E-04
  1171    7.66284E-04
  1172    7.08499E-04
  1173    6.59489E-04
  1174    6.21231E-04
  1175    5.85895E-04
  1176    5.50049E-04
  1177    5.28303E-04
  1178    5.07768E-04
  1179    4.89198E-04
  1180    4.78470E-04
  1181    4.67162E-04
  1182    4.50702E-04
  1183    4.49588E-04
  1184    4.42445E-04
  1185    4.57540E-04
  1186    4.24790E-04
  1187    3.76292E-04
  1188    3.79918E-04
  1189    3.73123E-04
  1190    3.69548E-04
  1191    3.51553E-04
  1192    3.48620E-04
  1193    3.29680E-04
  1194    3.12162E-04
  1195    3.06424E-04
  1196    3.05218E-04
  1197    2.88265E-04
  1198    2.87413E-04
  1199    2.77034E-04
  1200    2.70370E-04
  1201    2.57004E-04
  1202    2.54158E-04
  1203    2.42017E-04
  1204    2.41949E-04
  1205    2.33688E-04
  1206    2.25057E-04
  1207    2.16241E-04
  1208    2.17069E-04
  1209    2.02975E-04
  1210    2.00256E-04
  1211    1.92201E-04
  1212    1.90075E-04
  1213    1.76615E-04
  1214    1.78133E-04
  1215    1.75334E-04
  1216    1.73282E-04
  1217    1.53829E-04
  1218    1.49472E-04
  1219    1.44031E-04
  1220    1.37664E-04
  1221    1.31847E-04
  1222    1.32062E-04
  1223    1.25298E-04
  1224    1.31238E-04
  1225    1.27433E-04
  1226    1.32662E-04
  1227    1.31137E-04
  1228    1.36783E-04
  1229    1.36261E-04
  1230    1.48955E-04
  1231    1.48268E-04
  1232    1.58520E-04
  1233    1.57635E-04
  1234    1.68276E-04
  1235    1.70874E-04
  1236    1.78998E-04
  1237    1.79145E-04
  1238    1.83851E-04
  1239    1.86714E-04
  1240    1.90428E-04
  1241    1.85167E-04
  1242    1.83315E-04
  1243    1.81096E-04
  1244    1.74765E-04
  1245    1.69628E-04
  1246    1.69837E-04
  1247    1.62064E-04
  1248    1.57606E-04
  1249    1.55043E-04
  1250    1.39964E-04
  1251    1.28026E-04
  1252    1.21367E-04
  1253    1.10412E-04
  1254    1.05494E-04
  1255    1.00145E-04
  1256    9.69147E-05
  1257    9.65662E-05
  1258    9.74039E-05
  1259    9.06488E-05
  1260    9.13453E-05
  1261    9.24266E-05
  1262    9.89720E-05
  1263    1.08852E-04
  1264    1.12665E-04
  1265    1.12853E-04
  1266    1.16301E-04
  1267    1.21702E-04
  1268    1.28744E-04
  1269    1.32891E-04
  1270    1.37244E-04
  1271    1.38168E-04
  1272    1.44262E-04
  1273    1.42957E-04
  1274    1.45445E-04
  1275    1.43660E-04
  1276    1.44735E-04
  1277    1.37529E-04
  1278    1.31167E-04
  1279    1.22642E-04
  1280    1.19710E-04
  1281    1.12077E-04
  1282    1.01879E-04
  1283    9.30334E-05
  1284    8.59214E-05
  1285    7.65767E-05
  1286    6.74698E-05
  1287    5.54907E-05
  1288    4.90257E-05
  1289    4.43066E-05
  1290    3.79965E-05
  1291    3.15998E-05
  1292    2.13557E-05
  1293    1.78745E-05
  1294    1.51976E-05
  1295    1.14547E-05
  1296    1.01854E-05
  1297    9.75502E-06
  1298    5.63422E-06
  1299    4.41468E-06
  1300    4.87108E-06
  1301    3.88246E-06
  1302    4.13996E-06
  1303    3.86203E-06
  1304    6.05566E-07
  1305    3.28447E-07
  1306    1.86304E-06
  1307    2.35130E-06
  1308   -9.69717E-07
  1309    1.94396E-06
  1310    2.89287E-07
  1311    1.17188E-06
  1312    6.51680E-07
  1313    1.66494E-07
  1314    2.48188E-06
  1315    3.54489E-06
  1316    2.63184E-07
  1317    1.23577E-06
  1318   -4.43955E-07
  1319    1.64643E-06
  1320    3.11749E-06
  1321   -1.89414E-07
  1322   -2.17347E-06
  1323    2.26574E-06
  1324    1.12007E-06
  1325    7.43252E-07
  1326    1.13154E-07
  1327    2.51435E-06
  1328    1.08284E-06
  1329   -1.35442E-06
  1330    9.26943E-07
  1331    2.57277E-06
  1332    1.13709E-06
  1333   -7.36934E-07
  1334    4.88105E-07
  1335    4.52682E-06
  1336    4.32809E-06
  1337    9.21152E-07
  1338   -2.38958E-06
  1339   -7.80938E-07
  1340    2.54737E-06
  1341    3.45450E-06
  1342    5.01611E-06
  1343    4.06259E-06
  1344    2.01848E-06
  1345    2.46524E-06
  1346    3.79585E-06
  1347    1.67804E-06
  1348    2.86798E-06
  1349    3.57831E-06
  1350    2.48476E-06
  1351    3.07814E-06
  1352    1.00642E-05
  1353    1.04639E-05
  1354    9.35251E-06
  1355    1.07496E-05
  1356    9.16332E-06
  1357    9.08646E-06
  1358    1.09606E-05
  1359    1.35211E-05
  1360    1.51265E-05
  1361    1.48707E-05
  1362    2.19000E-05
  1363    2.55942E-05
  1364    2.34761E-05
  1365    2.26462E-05
  1366    2.58125E-05
  1367    3.22982E-05
  1368    3.34290E-05
  1369    3.20119E-05
  1370    3.05564E-05
  1371    3.06483E-05
  1372    3.53825E-05
  1373    3.24662E-05
  1374    2.53870E-05
  1375    2.44259E-05
  1376    2.47906E-05
  1377    2.24142E-05
  1378    1.82297E-05
  1379    1.83370E-05
  1380    2.12416E-05
  1381    1.53105E-05
  1382    1.09594E-05
  1383    1.14872E-05
  1384    8.50959E-06
  1385    5.63748E-06
  1386    7.90114E-06
  1387    9.36108E-06
  1388    5.45452E-06
  1389    2.58177E-06
  1390    3.57802E-06
  1391    3.40194E-06
  1392    1.70268E-06
  1393    9.98008E-07
  1394    3.67335E-06
  1395    4.62671E-06
  1396    3.01938E-06
  1397    2.61719E-06
  1398    2.93719E-06
  1399    4.91850E-06
  1400    4.58246E-06
  1401    4.02705E-07
  1402    2.37301E-06
  1403    4.76555E-06
  1404    5.10320E-06
  1405    5.18649E-06
  1406    5.68438E-06
  1407    8.99383E-06
  1408    6.59950E-06
  1409    6.15074E-06
  1410    1.10954E-05
  1411    1.28264E-05
  1412    1.41218E-05
  1413    1.45706E-05
  1414    1.44661E-05
  1415    1.90618E-05
  1416    2.26752E-05
  1417    2.58152E-05
  1418    3.06722E-05
  1419    3.24772E-05
  1420    3.45295E-05
  1421    4.02216E-05
  1422    4.51521E-05
  1423    4.34463E-05
  1424    4.34172E-05
  1425    4.32297E-05
  1426    4.60909E-05
  1427    4.85485E-05
  1428    5.24236E-05
  1429    5.57908E-05
  1430    5.67988E-05
  1431    5.16263E-05
  1432    4.97285E-05
  1433    5.09943E-05
  1434    5.21019E-05
  1435    4.22431E-05
  1436    4.21568E-05
  1437    4.37745E-05
  1438    3.68947E-05
  1439    3.20524E-05
  1440    3.11774E-05
  1441    3.12097E-05
  1442    2.92563E-05
  1443    2.15208E-05
  1444    2.04223E-05
  1445    2.07253E-05
  1446    1.55903E-05
  1447    8.23529E-06
  1448    9.34002E-06
  1449    1.06729E-05
  1450    6.80781E-06
  1451    7.16819E-06
  1452    6.36259E-06
  1453    4.64506E-06
  1454    3.25155E-06
  1455    4.20893E-06
  1456    5.91724E-06
  1457    3.42236E-06
  1458    6.10059E-06
  1459    3.40184E-06
  1460    5.92396E-06
  1461    5.00055E-06
  1462    8.78467E-07
  1463    5.29129E-06
  1464    7.45091E-06
  1465    4.60695E-06
  1466    3.15052E-06
  1467    1.58588E-06
  1468    5.96263E-06
  1469    4.31240E-06
  1470    4.35771E-06
  1471    4.76281E-06
  1472    5.00368E-06
  1473    3.42189E-06
  1474    6.08521E-06
  1475    9.62538E-06
  1476    1.08153E-05
  1477    1.20120E-05
  1478    1.46012E-05
  1479    1.86393E-05
  1480    1.39237E-05
  1481    1.91660E-05
  1482    2.33039E-05
  1483    2.83176E-05
  1484    2.55285E-05
  1485    3.26010E-05
  1486    3.64830E-05
  1487    3.84940E-05
  1488    3.88682E-05
  1489    4.73686E-05
  1490    4.71046E-05
  1491    4.74882E-05
  1492    5.44993E-05
  1493    6.27268E-05
  1494    5.72262E-05
  1495    5.98730E-05
  1496    6.20257E-05
  1497    5.76347E-05
  1498    5.24580E-05
  1499    4.99951E-05
  1500    5.32447E-05
  1501    5.13777E-05
  1502    5.06603E-05
  1503    4.55485E-05
  1504    4.47699E-05
  1505    3.71783E-05
  1506    3.31797E-05
  1507    2.65133E-05
  1508    2.26221E-05
  1509    1.87277E-05
  1510    2.17802E-05
  1511    1.75766E-05
  1512    1.65470E-05
  1513    9.61151E-06
  1514    8.42850E-06
  1515    9.42719E-06
  1516    8.45506E-06
  1517    1.14491E-05
  1518    3.49981E-06
  1519    3.75518E-06
  1520    3.95038E-06
  1521    7.57427E-06
  1522    2.49147E-06
  1523    1.10152E-06
  1524   -8.21963E-07
  1525    2.26357E-06
  1526   -3.72048E-06
  1527    1.48494E-06
  1528    4.18004E-06
  1529    5.36672E-06
  1530    4.32999E-06
  1531   -3.22881E-07
  1532   -4.02285E-07
  1533    5.83869E-06
  1534    2.68460E-06
  1535   -3.06758E-07
  1536    2.92271E-06
  1537   -4.43535E-07
  1538   -2.21121E-06
  1539   -6.60381E-07
  1540   -1.26693E-06
  1541    5.27571E-06
  1542   -9.51700E-07
  1543   -1.20539E-06
  1544    2.40378E-06
  1545   -3.00445E-06
  1546    2.34316E-06
  1547   -3.13832E-06
  1548   -4.00925E-06
  1549    4.01922E-06
  1550    1.34070E-06
  1551   -5.90103E-06
  1552   -3.24716E-06
  1553   -1.93347E-06
  1554    2.42055E-06
  1555   -8.96914E-07
  1556   -2.08285E-06
  1557   -6.80462E-06
  1558   -2.17377E-06
  1559    1.71304E-06
  1560    1.91021E-06
  1561   -1.82080E-06
  1562   -2.67523E-06
  1563    5.40537E-07
  1564    1.97009E-06
  1565    2.19489E-06
  1566   -3.92666E-06
  1567    5.32418E-08
  1568    8.85400E-07
  1569   -5.06064E-07
  1570    6.84788E-06
  1571    5.81383E-06
  1572   -5.87041E-07
  1573    6.91924E-07
  1574   -2.93174E-07
  1575   -7.03748E-06
  1576   -2.16130E-06
  1577   -1.89075E-06
  1578    1.70284E-06
  1579    1.76700E-06
  1580   -4.89687E-06
  1581   -5.95397E-06
  1582   -3.46891E-06
  1583    2.87637E-07
  1584    2.89862E-06
  1585    3.16472E-06
  1586   -1.92973E-06
  1587   -4.56347E-06
  1588    2.62329E-06
  1589   -1.04882E-07
  1590    2.82921E-06
  1591    8.72226E-07
  1592   -1.69745E-06
  1593    1.22712E-06
  1594    3.84793E-06
  1595    4.25641E-06
  1596    3.14506E-06
  1597   -1.42197E-06
  1598   -1.44159E-06
  1599   -2.57040E-06
  1600   -1.47120E-06
  1601    1.84296E-06
  1602    3.62126E-06
  1603   -1.33371E-06
  1604   -3.79948E-06
  1605   -1.88531E-06
  1606    1.20058E-06
  1607   -2.16106E-06
  1608   -5.84819E-06
  1609    3.46274E-06
  1610    4.75726E-06
  1611    3.55479E-07
  1612    3.04838E-06
  1613    3.47597E-06
  1614   -2.03232E-06
  1615   -7.92881E-07
  1616   -3.12050E-06
  1617   -5.45775E-06
  1618    1.85338E-06
  1619    7.35837E-06
  1620   -1.70885E-06
  1621   -2.42349E-06
  1622    1.77854E-06
  1623    1.20604E-08
  1624    3.20046E-06
  1625   -2.67758E-06
  1626   -2.76427E-06
  1627    1.07136E-06
  1628    2.29329E-06
  1629    5.28301E-07
  1630    6.74551E-07
  1631    4.22334E-07
  1632    5.64063E-08
  1633    5.00812E-06
  1634    4.82862E-07
  1635   -1.79532E-06
  1636    3.06994E-06
  1637    3.18457E-07
  1638   -3.40469E-07
  1639    6.20467E-06
  1640    8.14463E-06
  1641    3.35785E-06
  1642   -1.39954E-06
  1643   -1.35177E-06
  1644    1.89755E-06
  1645    2.91351E-06
  1646    2.06774E-06
  1647   -1.58262E-06
  1648   -2.46433E-06
  1649   -1.64523E-06
  1650   -1.24801E-06
  1651    4.28711E-07
  1652   -1.25997E-06
  1653    2.29365E-07
  1654    7.99593E-06
  1655    9.34008E-06
  1656    2.36325E-06
  1657   -9.31563E-07
  1658    3.97981E-06
  1659    4.82207E-06
  1660    1.71574E-06
  1661    5.75042E-06
  1662    1.09325E-05
  1663    8.36621E-06
  1664    9.41976E-06
  1665    9.85813E-06
  1666    1.38314E-05
  1667    2.15308E-05
  1668    2.46729E-05
  1669    2.88506E-05
  1670    3.51328E-05
  1671    4.35319E-05
  1672    5.15473E-05
  1673    6.90113E-05
  1674    9.11176E-05
  1675    1.04146E-04
  1676    1.13742E-04
  1677    1.32573E-04
  1678    1.52535E-04
  1679    1.70856E-04
  1680    1.94346E-04
  1681    2.19286E-04
  1682    2.43419E-04
  1683    2.72298E-04
  1684    3.00010E-04
  1685    3.13137E-04
  1686    3.21795E-04
  1687    3.34061E-04
  1688    3.45575E-04
  1689    3.51780E-04
  1690    3.57885E-04
  1691    3.63814E-04
  1692    3.73609E-04
  1693    3.82289E-04
  1694    3.65905E-04
  1695    3.36304E-04
  1696    3.21055E-04
  1697    3.10882E-04
  1698    2.93713E-04
  1699    2.76305E-04
  1700    2.63901E-04
  1701    2.39389E-04
  1702    2.22485E-04
  1703    2.07485E-04
  1704    1.92752E-04
  1705    1.75340E-04
  1706    1.55968E-04
  1707    1.39907E-04
  1708    1.31162E-04
  1709    1.22433E-04
  1710    1.11164E-04
  1711    1.06240E-04
  1712    1.07273E-04
  1713    1.06414E-04
  1714    9.47785E-05
  1715    8.97120E-05
  1716    9.61181E-05
  1717    1.00811E-04
  1718    1.01748E-04
  1719    9.68232E-05
  1720    9.35973E-05
  1721    9.60847E-05
  1722    1.02170E-04
  1723    9.54417E-05
  1724    9.41022E-05
  1725    1.06881E-04
  1726    1.16565E-04
  1727    1.21806E-04
  1728    1.23332E-04
  1729    1.30368E-04
  1730    1.52386E-04
  1731    1.59141E-04
  1732    1.63947E-04
  1733    1.78678E-04
  1734    1.99382E-04
  1735    2.16056E-04
  1736    2.32027E-04
  1737    2.53677E-04
  1738    2.79679E-04
  1739    3.07546E-04
  1740    3.42960E-04
  1741    3.76245E-04
  1742    4.11320E-04
  1743    4.22440E-04
  1744    4.46608E-04
  1745    4.83407E-04
  1746    5.16960E-04
  1747    5.36156E-04
  1748    5.58642E-04
  1749    5.74864E-04
  1750    6.02800E-04
  1751    6.14649E-04
  1752    6.36918E-04
  1753    6.62136E-04
  1754    6.77462E-04
  1755    6.57956E-04
  1756    6.53577E-04
  1757    6.39038E-04
  1758    6.39814E-04
  1759    6.32542E-04
  1760    6.17313E-04
  1761    5.99182E-04
  1762    6.01349E-04
  1763    5.86498E-04
  1764    5.92104E-04
  1765    5.80730E-04
  1766    5.88673E-04
  1767    5.55730E-04
  1768    5.42692E-04
  1769    5.36572E-04
  1770    5.34811E-04
  1771    5.41160E-04
  1772    5.50146E-04
  1773    5.77092E-04
  1774    6.12729E-04
  1775    6.33371E-04
  1776    6.67378E-04
  1777    6.55654E-04
  1778    7.01789E-04
  1779    7.59454E-04
  1780    8.07311E-04
  1781    8.17976E-04
  1782    8.62498E-04
  1783    8.87043E-04
  1784    9.25354E-04
  1785    9.28372E-04
  1786    9.63197E-04
  1787    9.54031E-04
  1788    9.65632E-04
  1789    9.35566E-04
  1790    9.51568E-04
  1791    9.35476E-04
  1792    9.21277E-04
  1793    8.79602E-04
  1794    8.85728E-04
  1795    8.07421E-04
  1796    7.74548E-04
  1797    7.29877E-04
  1798    6.99823E-04
  1799    6.24197E-04
  1800    5.66976E-04
  1801    5.12611E-04
  1802    4.72611E-04
  1803    4.21177E-04
  1804    3.64120E-04
  1805    3.09274E-04
  1806    2.86417E-04
  1807    2.44749E-04
  1808    2.09769E-04
  1809    1.77463E-04
  1810    1.54191E-04
  1811    1.22629E-04
  1812    1.16849E-04
  1813    1.00682E-04
  1814    8.86808E-05
  1815    7.53867E-05
  1816    5.44903E-05
  1817    5.84739E-05
  1818    5.73788E-05
  1819    3.51178E-05
  1820    2.95143E-05
  1821    3.12090E-05
  1822    3.27834E-05
  1823    3.82187E-05
  1824    3.08982E-05
  1825    1.85492E-05
  1826    3.24185E-05
  1827    1.79059E-05
  1828    1.20831E-05
  1829    7.50792E-07
  1830    9.41454E-06
  1831    6.01930E-06
  1832    3.00446E-06
  1833    1.03725E-05
  1834    7.93819E-06
  1835   -2.29806E-06
  1836    2.06644E-05
  1837    1.55224E-05
  1838    1.04173E-05
  1839   -7.27257E-07
  1840   -1.09199E-05
  1841    1.01212E-05
  1842    5.47758E-06
  1843   -1.70572E-06
  1844    3.32869E-06
  1845    4.87454E-06
  1846    1.45327E-06
  1847    1.79361E-05
  1848    1.53499E-05
  1849    1.11170E-05
  1850    7.69318E-06
  1851   -1.51943E-07
  1852    3.70324E-06
  1853    7.97161E-06
  1854    1.46363E-05
  1855    5.76612E-06
  1856    1.18533E-05
  1857    2.35284E-05
  1858    3.75499E-05
  1859    7.12282E-06
  1860    8.31295E-06
  1861    3.91450E-05
  1862    3.65298E-05
  1863    3.47352E-05
  1864    2.79170E-05
  1865    1.97281E-05
  1866    1.58544E-05
  1867    1.95599E-05
  1868    3.34025E-05
  1869    3.55837E-05
  1870    2.27911E-05
  1871    1.26243E-05
  1872    2.19569E-05
  1873    3.67585E-05
  1874    9.83341E-06
  1875    4.08632E-06
  1876    2.80839E-05
  1877    2.79975E-05
  1878    4.51560E-06
  1879    5.73019E-06
  1880    1.83961E-05
  1881    1.69835E-05
  1882    5.18224E-06
  1883    8.80518E-07
  1884    4.63349E-06
  1885    8.98175E-06
  1886    1.52927E-05
  1887    1.28237E-05
  1888    2.11099E-06
  1889   -3.27490E-06
  1890    5.36438E-06
  1891   -9.90795E-06
  1892   -1.14126E-05
  1893    3.32873E-06
  1894    2.42812E-05
  1895    3.64690E-06
  1896   -8.77763E-06
  1897   -3.72551E-06
  1898    2.56418E-06
  1899    6.72036E-06
  1900   -4.70272E-06
  1901   -3.03117E-06
  1902   -4.18188E-06
  1903    1.53970E-06
  1904    1.13314E-05
  1905    4.82371E-06
  1906    1.65477E-06
  1907    1.66133E-05
  1908    1.59806E-06
  1909   -5.04471E-06
  1910   -7.05435E-06
  1911   -7.80952E-06
  1912   -3.87301E-06
  1913   -1.27522E-05
  1914   -1.54623E-05
  1915    9.80831E-07
  1916    9.73317E-06
  1917    8.12124E-06
  1918    2.69954E-06
  1919   -5.58614E-06
  1920    8.07422E-08
  1921    4.22546E-06
  1922    4.78559E-06
  1923   -5.97998E-07
  1924    7.70292E-06
  1925    3.68216E-06
  1926   -8.60871E-06
  1927    3.74122E-06
  1928    1.14414E-05
  1929   -1.16458E-06
  1930   -3.68837E-07
  1931    1.08938E-05
  1932    5.22631E-06
  1933    5.75236E-06
  1934    1.02575E-05
  1935   -2.33645E-06
  1936   -1.48337E-05
  1937   -8.10103E-06
  1938   -8.27685E-07
  1939   -2.45156E-07
  1940    4.19384E-06
  1941   -5.73765E-06
  1942   -6.57872E-06
  1943    4.75097E-06
  1944    5.49388E-06
  1945    7.46002E-06
  1946    4.69643E-06
  1947   -5.86161E-06
  1948   -4.04460E-06
  1949    7.42959E-07
  1950   -1.91600E-06
  1951   -4.74343E-06
  1952    9.65048E-06
  1953    1.10572E-05
  1954   -3.79549E-06
  1955   -8.65752E-07
  1956    7.24674E-06
  1957    3.29022E-06
  1958    8.49788E-06
  1959    1.64590E-05
  1960    9.65068E-06
  1961   -2.85001E-06
  1962    5.68583E-06
  1963    1.46997E-05
  1964    9.30719E-06
  1965    2.43292E-06
  1966    7.71602E-07
  1967    1.07350E-05
  1968    9.27940E-06
  1969    8.68131E-06
  1970    1.93633E-05
  1971    1.87430E-05
  1972    1.32631E-05
  1973    8.48028E-06
  1974    2.40586E-06
  1975    7.43052E-06
  1976    1.51119E-05
  1977    1.99724E-05
  1978    1.09976E-05
  1979   -3.90591E-06
  1980   -2.83330E-06
  1981    6.89719E-06
  1982    3.09468E-06
  1983   -5.80146E-06
  1984    1.31577E-06
  1985    6.68122E-06
  1986    6.82982E-06
  1987   -2.18901E-06
  1988   -1.27434E-05
  1989   -7.94082E-06
  1990   -8.58418E-07
  1991    3.10997E-06
  1992   -8.85129E-06
  1993   -4.75142E-06
  1994    1.20278E-06
  1995    9.17671E-06
  1996    7.55755E-06
  1997    5.41484E-07
  1998   -1.30731E-06
  1999   -1.20710E-06
  2000   -6.66250E-06
  2001    7.33261E-06
  2002    1.96681E-05
  2003    1.48223E-05
  2004    5.48615E-06
  2005    9.17607E-07
  2006   -3.50080E-06
  2007    1.30315E-06
  2008    2.84056E-06
  2009   -1.11190E-05
  2010   -2.89096E-06
  2011    7.88432E-06
  2012   -4.13112E-06
  2013   -4.82378E-06
  2014    2.29072E-06
  2015    9.84785E-07
  2016    7.17108E-06
  2017    1.23640E-06
  2018    1.35644E-08
  2019    4.86799E-06
  2020    5.05558E-06
  2021    1.19578E-06
  2022   -6.23437E-06
  2023    1.32595E-06
  2024    2.88124E-06
  2025   -1.73110E-06
  2026    7.55881E-06
  2027    3.70735E-06
  2028   -8.61261E-06
  2029   -2.48674E-06
  2030    2.86603E-06
  2031   -3.67251E-06
  2032    7.64342E-06
  2033    1.44084E-05
  2034   -1.38711E-06
  2035   -1.27283E-05
  2036    3.13076E-07
  2037    9.18465E-06
  2038   -1.24106E-06
  2039   -3.65973E-06
  2040    1.69596E-06
  2041   -5.21832E-06
  2042   -1.30540E-05
  2043   -7.29571E-06
  2044   -3.31415E-06
  2045   -1.07496E-05
  2046    3.97941E-06
  2047    1.11015E-07
  2048   -8.18729E-06
  2049   -7.30323E-06
  2050   -8.15170E-06
  2051   -2.67364E-06
  2052    7.33169E-06
  2053    1.93326E-05
  2054    5.35457E-06
  2055    2.19678E-06
  2056   -1.83679E-06
  2057   -8.32747E-06
  2058    7.23625E-06
  2059    1.25512E-06
  2060    3.76797E-06
  2061    1.20512E-06
  2062   -3.03850E-06
  2063   -1.49422E-05
  2064    5.25214E-06
  2065    1.90092E-05
  2066    1.69289E-05
  2067   -2.08024E-06
  2068    7.54768E-06
  2069   -3.32482E-06
  2070   -7.30418E-06
  2071   -3.66973E-06
  2072    1.52888E-05
  2073    4.97197E-06
  2074    2.52094E-06
  2075    7.61513E-06
  2076   -4.78584E-07
  2077    9.36611E-07
  2078    3.81836E-06
  2079   -1.09821E-06
  2080    2.00241E-06
  2081    5.77291E-06
  2082   -2.16473E-06
  2083   -1.07988E-05
  2084    2.97053E-06
  2085    6.33327E-06
  2086   -1.54264E-06
  2087   -4.53818E-06
  2088    2.28342E-06
  2089    2.33695E-06
  2090    1.02804E-05
  2091   -6.28095E-07
  2092   -7.86373E-06
  2093   -3.33218E-06
  2094    9.87676E-07
  2095    1.51792E-05
  2096    4.08631E-06
  2097    9.45193E-06
  2098    1.32854E-05
  2099   -1.87846E-05
  2100   -2.51351E-06
  2101   -7.50127E-06
  2102    2.74976E-06
  2103    5.02109E-07
  2104   -1.20267E-05
  2105   -1.15603E-05
  2106    1.15521E-05
  2107    1.02386E-05
  2108   -1.08481E-05
  2109   -7.74825E-06
  2110   -7.46959E-06
  2111   -2.76182E-07
  2112    5.73750E-07
  2113    8.12152E-06
  2114   -7.56574E-06
  2115   -1.24169E-05
  2116   -1.66232E-06
  2117   -3.16570E-06
  2118    2.61878E-05
  2119    4.65225E-07
  2120    3.69566E-06
  2121    1.08707E-05
  2122    3.89247E-06
  2123    2.11975E-06
  2124   -7.15677E-06
  2125    8.71921E-06
  2126   -1.83586E-05
  2127   -5.63079E-06
  2128    1.55072E-05
  2129    2.97795E-05
  2130    3.90575E-06
  2131   -2.06494E-05
  2132   -1.20600E-05
  2133   -6.57021E-07
  2134   -4.11298E-06
  2135   -1.49414E-05
  2136    5.35109E-06
  2137    5.80631E-06
  2138    2.12500E-07
  2139   -7.16104E-06
  2140   -6.09301E-06
  2141    1.87935E-05
  2142   -1.27838E-05
  2143    1.46861E-05
  2144    7.26110E-06
  2145   -5.16209E-06
  2146   -2.26783E-05
  2147    1.05134E-05
  2148   -1.77113E-05
  2149   -1.56222E-05
  2150   -2.76495E-06
  2151    1.25751E-05
  2152   -2.34953E-05
  2153   -8.27617E-06
  2154    1.03911E-06
  2155    5.10709E-06
  2156    7.29641E-06
  2157   -4.73414E-06
  2158   -2.84511E-05
  2159   -1.69285E-05
  2160   -2.07269E-06
  2161   -1.17408E-05
  2162   -2.90217E-06
  2163   -3.98723E-06
  2164   -3.07709E-05
  2165   -1.77974E-05
  2166   -1.09891E-05
  2167    1.21657E-06
  2168    2.42199E-05
  2169   -5.74936E-06
  2170    8.95936E-06
  2171   -1.08350E-05
  2172   -2.12263E-05
  2173    1.62910E-05
  2174    3.76551E-06
  2175   -1.19654E-06
  2176    7.49116E-06
  2177    1.43663E-05
  2178    4.16586E-06
  2179   -9.43412E-06
  2180   -1.76402E-05
  2181   -1.51524E-05
  2182   -3.20046E-06
  2183    1.72720E-05
  2184    3.72031E-06
  2185    2.41762E-06
  2186    1.39073E-05
  2187   -1.17394E-05
  2188   -1.20394E-06
  2189    1.96418E-05
  2190    4.38700E-05
  2191    1.10398E-05
  2192   -2.53640E-05
  2193   -3.06328E-05
  2194   -1.95789E-05
  2195    2.35321E-05
  2196   -1.14355E-05
  2197   -2.50410E-05
  2198    2.05048E-05
  2199   -1.19465E-06
  2200   -4.39780E-06
  2201   -1.02057E-05
  2202   -1.18347E-05
  2203   -5.07261E-06
  2204   -1.75288E-05
  2205    2.66513E-05
  2206    2.92051E-05
  2207    3.09153E-06
  2208   -5.82243E-06
  2209   -1.77320E-05
  2210   -2.01412E-06
  2211    2.20285E-05
  2212    3.15667E-05
  2213   -1.30590E-05
  2214   -2.71243E-05
  2215    5.62361E-06
  2216    2.98847E-05
  2217    2.09123E-05
  2218   -2.15328E-05
  2219   -4.68146E-06
  2220    7.01527E-06
  2221    5.56835E-06
  2222    2.80607E-05
  2223    1.29773E-05
  2224    1.21869E-05
  2225    2.41542E-05
  2226    6.45966E-06
  2227   -2.01020E-05
  2228   -5.33892E-06
  2229    6.00447E-06
  2230    1.81958E-05
  2231    1.61093E-05
  2232   -9.08316E-06
  2233   -2.74469E-05
  2234    8.26338E-07
  2235    8.25420E-07
  2236   -3.64611E-05
  2237    1.11846E-05
  2238    4.85534E-05
  2239    1.65696E-06
  2240   -4.15165E-05
  2241   -8.38351E-06
  2242    2.30305E-05
  2243    4.09786E-06
  2244   -6.31528E-06
  2245   -2.93279E-06
  2246   -1.99661E-05
  2247   -9.73258E-06
  2248    1.53418E-06
  2249   -9.31821E-06
  2250   -1.01602E-05
  2251   -1.27792E-05
  2252   -2.65654E-05
  2253   -2.65926E-05
  2254   -7.13496E-06
  2255    8.10775E-06
  2256    1.96332E-06
  2257   -3.34578E-05
  2258   -2.82602E-05
  2259    4.39751E-06
  2260    2.17557E-05
  2261   -4.01693E-06
  2262   -4.53112E-05
  2263   -1.15578E-05
  2264    7.26939E-06
  2265   -1.65873E-05
  2266   -1.17390E-05
  2267   -2.22056E-05
  2268   -2.28285E-05
  2269    1.37060E-06
  2270    4.35439E-07
  2271   -3.17242E-06
  2272    8.00859E-06
  2273    1.04724E-05
  2274   -1.32562E-05
  2275   -2.78789E-06
  2276    1.15222E-05
  2277    4.61042E-06
  2278    8.13896E-07
  2279   -1.55257E-06
  2280    4.70450E-06
  2281    2.46309E-06
  2282   -4.15405E-06
  2283   -3.35604E-06
  2284    1.60349E-06
  2285   -7.52331E-06
  2286    1.09891E-05
  2287    9.81128E-06
  2288   -1.19408E-05
  2289   -6.10611E-06
  2290   -2.40741E-06
  2291   -6.46781E-06
  2292    9.49855E-06
  2293    6.23877E-06
  2294   -5.84217E-06
  2295   -1.98059E-05
  2296    2.12535E-06
  2297    3.26713E-06
  2298   -6.54558E-06
  2299   -6.96211E-06
  2300   -7.30724E-06
  2301   -8.72080E-07
  2302    5.30812E-06
  2303    5.57246E-06
  2304   -3.28594E-06
  2305   -2.31824E-06
  2306    1.19327E-05
  2307    9.99849E-06
  2308    7.91806E-06
  2309   -1.27890E-05
  2310   -2.35305E-06
  2311    6.02347E-06
  2312    2.34156E-05
  2313    2.47119E-05
  2314   -9.72444E-06
  2315   -2.35145E-05
  2316    1.52295E-05
  2317    7.37921E-06
  2318   -2.87247E-06
  2319   -2.70725E-05
  2320   -1.09777E-05
  2321   -1.00981E-05
  2322   -9.18622E-07
  2323    1.19969E-05
  2324   -4.33033E-06
  2325    3.57213E-06
  2326    4.29642E-06
  2327    3.11434E-06
  2328    3.68229E-06
  2329    7.35500E-06
  2330   -3.78311E-06
  2331    6.69334E-06
  2332    5.08215E-05
  2333    3.48455E-05
  2334    3.63612E-05
  2335    3.60930E-05
  2336    4.13570E-05
  2337    4.70291E-05
  2338    9.92311E-05
  2339    7.79541E-05
  2340    1.09331E-04
  2341    4.99158E-05
  2342    7.91191E-05
  2343    1.05537E-04
  2344    1.07257E-04
  2345    1.25272E-04
  2346    1.31557E-04
  2347    1.45818E-04
  2348    1.54893E-04
  2349    1.37630E-04
  2350    1.37089E-04
  2351    1.16049E-04
  2352    1.10547E-04
  2353    1.04786E-04
  2354    9.63385E-05
  2355    1.28744E-04
  2356    1.13331E-04
  2357    6.05792E-05
  2358    8.03384E-05
  2359    9.08266E-05
  2360    7.65660E-05
  2361    5.89889E-05
  2362    3.96127E-05
  2363    3.13306E-05
  2364    3.52855E-05
  2365    5.63154E-06
  2366    4.32626E-06
  2367    1.72587E-05
  2368    1.00145E-05
  2369   -3.25911E-05
  2370    1.31108E-06
  2371   -7.60810E-06
  2372    1.92082E-06
  2373    5.16360E-06
  2374   -8.37838E-06
  2375    2.45385E-05
  2376   -2.31390E-05
  2377   -2.44502E-05
  2378   -1.16302E-05
  2379    5.10654E-06
  2380    3.68937E-05
  2381    3.67868E-05
  2382    7.58037E-06
  2383    1.37433E-05
  2384    8.87604E-06
  2385   -9.60614E-06
  2386   -1.09915E-05
  2387    6.17874E-08
  2388    2.97197E-05
  2389    3.75467E-05
  2390    2.78750E-05
  2391    3.38580E-05
  2392    1.75813E-05
  2393   -1.82817E-05
  2394    4.70490E-05
  2395    2.27814E-05
  2396    1.04738E-05
  2397    4.28771E-05
  2398    4.05797E-06
  2399   -1.25455E-05
  2400    2.08550E-05
  2401   -1.02770E-05
  2402    2.54653E-05
  2403   -2.55469E-05
  2404    2.11667E-05
  2405    7.28059E-05
  2406    1.73471E-05
  2407    1.40694E-06
  2408    4.63125E-06
  2409   -1.79597E-06
  2410    2.91479E-05
  2411    1.44087E-05
  2412    8.26250E-06
  2413   -1.87107E-05
  2414    2.32673E-05
  2415    5.30925E-05
  2416    3.02031E-05
  2417    4.28580E-05
  2418    8.19783E-05
  2419    2.42240E-05
  2420   -1.34756E-05
  2421    6.10035E-05
  2422    7.92649E-05
  2423    7.85261E-05
  2424   -8.62560E-06
  2425   -4.40254E-07
  2426    5.94760E-05
  2427    7.11214E-05
  2428   -1.13979E-05
  2429    2.90012E-05
  2430   -4.87289E-06
  2431    8.52622E-05
  2432    4.86138E-05
  2433    1.91487E-05
  2434    1.89065E-05
  2435   -1.22188E-05
  2436    3.25422E-05
  2437   -3.89382E-05
  2438    5.39000E-05
  2439   -3.59254E-05
  2440   -2.05950E-05
  2441    4.55275E-08
  2442    1.09824E-05
  2443   -1.41031E-05
  2444   -6.39540E-07
  2445   -1.90555E-05
  2446    1.21304E-05
  2447   -1.60483E-05
  2448   -2.99152E-05
  2449    8.85728E-06
  2450    1.86860E-05
  2451   -2.95804E-05
  2452   -3.87603E-05
  2453   -6.92274E-06
  2454   -3.94411E-05
  2455    7.63113E-06
  2456    6.76421E-06
  2457    1.06041E-05
  2458   -3.44129E-06
  2459   -1.43595E-05
  2460   -2.05304E-06
  2461    2.94827E-05
  2462    5.75369E-06
  2463   -2.42925E-05
  2464    1.57931E-05
  2465    3.68563E-05
  2466    1.99949E-05
  2467    1.59364E-05
  2468   -2.59211E-06
  2469   -9.49336E-07
  2470    5.69945E-06
  2471    1.33358E-05
  2472    2.38196E-05
  2473    4.53057E-05
  2474    1.65223E-05
  2475    1.35238E-05
  2476   -3.08372E-06
  2477   -7.29625E-06
  2478    6.19211E-05
  2479   -4.50266E-05
  2480   -1.96492E-05
  2481    6.31838E-05
  2482    2.17966E-05
  2483   -1.38751E-05
  2484   -7.29745E-05
  2485   -5.06525E-05
  2486    1.97311E-05
  2487    9.56873E-06
  2488   -1.09334E-05
  2489   -8.32352E-06
  2490   -6.44857E-06
  2491    1.97209E-05
  2492   -2.90331E-05
  2493   -3.47703E-05
  2494   -1.76310E-05
  2495   -2.98248E-05
  2496   -6.53194E-06
  2497    3.80726E-05
  2498    4.23787E-05
  2499    3.83892E-05
  2500   -2.25440E-05
  2501    1.17739E-05
  2502    3.62595E-05
  2503   -5.32731E-06
  2504    1.00901E-06
  2505    5.71807E-06
  2506   -7.81106E-06
  2507   -5.59858E-08
  2508    8.79629E-07
  2509    5.99922E-07
  2510   -1.56035E-05
  2511   -1.50125E-05
  2512   -1.20623E-05
  2513    1.61209E-05
  2514    5.68791E-05
  2515    5.70701E-05
  2516   -2.00111E-05
  2517   -5.71366E-05
  2518    7.85945E-06
  2519    5.23712E-05
  2520    1.97233E-05
  2521    3.68049E-05
  2522    5.01499E-05
  2523    6.68849E-06
  2524   -3.63188E-05
  2525    1.18934E-05
  2526    1.65346E-05
  2527   -2.02425E-05
  2528   -4.22095E-05
  2529   -8.28023E-05
  2530   -3.82450E-05
  2531    1.99761E-05
  2532    5.76814E-06
  2533   -2.45566E-05
  2534   -6.87094E-05
  2535   -6.40974E-05
  2536    7.64579E-06
  2537    5.56165E-05
  2538    4.35055E-05
  2539   -1.69058E-05
  2540   -8.62622E-05
  2541   -3.23129E-05
  2542    2.11703E-05
  2543    2.39215E-05
  2544    8.58103E-05
  2545    1.34288E-04
  2546    1.08923E-05
  2547   -3.14714E-05
  2548   -1.24879E-05
  2549   -5.49957E-05
  2550   -9.65498E-06
  2551    2.36746E-05
  2552    3.45803E-05
  2553    5.85628E-05
  2554    2.57158E-05
  2555   -2.82952E-05
  2556    3.69270E-06
  2557    1.55409E-05
  2558    1.31561E-05
  2559    5.09926E-06
  2560    6.26998E-05
  2561    1.25347E-04
  2562    4.91324E-05
  2563    1.34962E-05
  2564    9.65216E-05
  2565    1.18845E-04
  2566   -8.32345E-06
  2567   -3.89868E-05
  2568   -4.06019E-06
  2569   -1.23622E-05
  2570    4.75342E-05
  2571    4.99412E-05
  2572    1.30078E-05
  2573    2.73081E-05
  2574   -3.89935E-05
  2575   -7.86220E-05
  2576    6.18010E-05
  2577    1.03194E-04
  2578   -5.97364E-05
  2579   -1.41859E-04
  2580    8.59450E-05
  2581    6.86880E-05
  2582   -6.97559E-06
  2583    8.25280E-06
  2584   -1.36219E-05
  2585    5.84716E-05
  2586   -1.11330E-05
  2587   -1.73684E-04
  2588    1.48774E-05
  2589    1.16532E-04
  2590    1.07118E-05
  2591   -2.00705E-05
  2592    7.55447E-05
  2593   -7.71119E-06
  2594   -5.95914E-05
  2595   -4.95297E-05
  2596    1.67144E-04
  2597    9.50640E-05
  2598    7.19160E-05
  2599    6.32707E-05
  2600   -1.35658E-05
  2601    1.63825E-05
  2602    1.55172E-04
  2603    6.24096E-05
  2604    1.39203E-04
  2605    7.53026E-05
  2606   -1.48293E-04
  2607   -1.05763E-04
  2608    4.59781E-05
  2609    1.43912E-05
  2610    1.78121E-04
  2611    4.87144E-05
  2612   -4.72449E-05
  2613   -7.10132E-05
  2614   -1.02752E-04
  2615   -1.15987E-04
  2616   -2.69742E-06
  2617   -1.14625E-05
  2618   -5.33802E-05
  2619   -8.63029E-05
  2620    7.71845E-05
  2621    2.83683E-05
  2622   -2.30478E-05
  2623    1.18427E-05
  2624    7.14576E-05
  2625    1.49542E-04
  2626    1.16107E-04
  2627   -1.34107E-05
  2628    2.33071E-05
  2629    1.41040E-04
  2630    8.11143E-06
  2631   -4.69788E-05
  2632   -4.59444E-05
  2633   -5.73516E-05
  2634    8.81697E-05
  2635    1.36497E-04
  2636    1.16291E-04
  2637   -8.78685E-06
  2638    1.74025E-04
  2639    6.38854E-05
  2640    9.37218E-05
  2641    5.34761E-05
  2642   -1.23913E-04
  2643    3.29882E-06
  2644   -1.03263E-04
  2645   -1.60448E-05
  2646    2.37955E-04
  2647    2.03745E-04
  2648    1.95850E-04
  2649    2.28471E-05
  2650    9.95200E-05
  2651    3.57053E-05
  2652    8.67740E-05
  2653    2.48856E-05
  2654   -1.40679E-04
  2655   -1.99007E-05
  2656    9.28219E-05
  2657    7.00581E-05
  2658    9.58101E-05
  2659   -1.11932E-05
  2660    1.62383E-04
  2661    2.38567E-04
  2662    3.15670E-04
  2663   -4.30440E-04
  2664    2.12330E-04
  2665    5.56590E-04
  2666    1.01029E-04
  2667    8.47917E-05
  2668    3.83059E-04
  2669    6.82535E-04
  2670    1.34535E-04
  2671   -1.21630E-04
  2672    5.17378E-04
  2673    4.64892E-04
  2674    9.05452E-05
  2675    4.92924E-05
  2676    4.14377E-04
  2677    3.74203E-04
  2678    3.09742E-04
  2679    5.91769E-05
  2680    1.20406E-04
  2681    5.46711E-04
  2682    6.93320E-04
  2683    6.93320E-04
  2684    6.93320E-04
  2685    6.93320E-04
  2686    6.93320E-04
  2687    6.93320E-04
  2688    6.93320E-04
  2689    6.93320E-04
  2690    6.93320E-04
  2691    6.93320E-04
  2692    6.93320E-04
  2693    6.93320E-04
  2694    6.93320E-04
  2695    6.93320E-04
  2696    6.93320E-04
  2697    6.93320E-04
  2698    6.93320E-04
  2699    6.93320E-04
  2700    6.93320E-04
